step,tl_id,start_at_step,cycle_time
150,0,-1,155
368,0,154,218
523,0,372,155
759,0,527,236
1160,0,763,401
1435,0,1164,275
1623,0,1439,188
1892,0,1627,269
2236,0,1896,344
2463,0,2240,227
2834,0,2467,371
3142,0,2838,308
3426,0,3146,284
3758,0,3430,332
4006,0,3762,248
4269,0,4010,263
4658,0,4273,389
4921,0,4662,263
5106,0,4925,185
5441,0,5110,335
5614,0,5445,173
5874,0,5618,260
6185,0,5878,311
6391,0,6189,206
6630,0,6395,239
6899,0,6634,269
7114,0,6903,215
7431,0,7118,317
