step,tl_id,start_at_step,cycle_time
168,0,-1,173
509,0,172,341
823,0,513,314
1167,0,827,344
1382,0,1171,215
1600,0,1386,218
1866,0,1604,266
2033,0,1870,167
2254,0,2037,221
2547,0,2258,293
2774,0,2551,227
3046,0,2778,272
3210,0,3050,164
3407,0,3214,197
3565,0,3411,158
3870,0,3569,305
4169,0,3874,299
4318,0,4173,149
4608,0,4322,290
4880,0,4612,272
5005,0,4884,125
5289,0,5009,284
5564,0,5293,275
5815,0,5568,251
6027,0,5819,212
6239,0,6031,212
6601,0,6243,362
6915,0,6605,314
7199,0,6919,284
