step,tl_id,start_at_step,cycle_time
282,0,-1,287
644,0,286,362
904,0,648,260
1116,0,908,212
1334,0,1120,218
1720,0,1338,386
2025,0,1724,305
2321,0,2029,296
2662,0,2325,341
2925,0,2666,263
3134,0,2929,209
3457,0,3138,323
3702,0,3461,245
4043,0,3706,341
4420,0,4047,377
4641,0,4424,221
4883,0,4645,242
5125,0,4887,242
5343,0,5129,218
5600,0,5347,257
5902,0,5604,302
6105,0,5906,203
6296,0,6109,191
6550,0,6300,254
6735,0,6554,185
7064,0,6739,329
7354,0,7068,290
