step,tl_id,start_at_step,cycle_time
108,0,-1,113
443,0,112,335
724,0,447,281
1014,0,728,290
1328,0,1018,314
1486,0,1332,158
1752,0,1490,266
1973,0,1756,221
2218,0,1977,245
2496,0,2222,278
2774,0,2500,278
3091,0,2778,317
3324,0,3095,233
3656,0,3328,332
3838,0,3660,182
4032,0,3842,194
4319,0,4036,287
4588,0,4323,269
4764,0,4592,176
4985,0,4768,221
5371,0,4989,386
5691,0,5375,320
6089,0,5695,398
6340,0,6093,251
6786,0,6344,446
7088,0,6790,302
7414,0,7092,326
