step,tl_id,start_at_step,cycle_time
243,0,-1,248
431,0,247,188
673,0,435,242
873,0,677,200
1058,0,877,185
1408,0,1062,350
1572,0,1412,164
1907,0,1576,335
2149,0,1911,242
2442,0,2153,293
2624,0,2446,182
2896,0,2628,272
3078,0,2900,182
3320,0,3082,242
3589,0,3324,269
3813,0,3593,224
4028,0,3817,215
4408,0,4032,380
4614,0,4412,206
4844,0,4618,230
5092,0,4848,248
5400,0,5096,308
5693,0,5404,293
6040,0,5697,347
6348,0,6044,308
6683,0,6352,335
6847,0,6687,164
7173,0,6851,326
7385,0,7177,212
