step,tl_id,start_at_step,cycle_time
360,0,-1,365
551,0,364,191
835,0,555,284
1050,0,839,215
1247,0,1054,197
1615,0,1251,368
1962,0,1619,347
2231,0,1966,269
2455,0,2235,224
2565,0,2459,110
2819,0,2569,254
2989,0,2823,170
3300,0,2993,311
3461,0,3304,161
3739,0,3465,278
4014,0,3743,275
4304,0,4018,290
4666,0,4308,362
4809,0,4670,143
5027,0,4813,218
5314,0,5031,287
5676,0,5318,362
5885,0,5680,209
6172,0,5889,287
6465,0,6176,293
6632,0,6469,167
6838,0,6636,206
7269,0,6842,431
