step,tl_id,start_at_step,cycle_time
99,0,-1,104
368,0,103,269
670,0,372,302
930,0,674,260
1247,0,934,317
1561,0,1251,314
1782,0,1565,221
1961,0,1786,179
2191,0,1965,230
2385,0,2195,194
2795,0,2389,410
3241,0,2799,446
3495,0,3245,254
3767,0,3499,272
4087,0,3771,320
4329,0,4091,242
4571,0,4333,242
4942,0,4575,371
5121,0,4946,179
5351,0,5125,230
5629,0,5355,278
5910,0,5633,281
6197,0,5914,287
6583,0,6201,386
6729,0,6587,146
6875,0,6733,146
7069,0,6879,194
7275,0,7073,206
