step,tl_id,start_at_step,cycle_time
324,0,-1,329
599,0,328,275
970,0,603,371
1266,0,974,296
1433,0,1270,167
1642,0,1437,209
1962,0,1646,320
2132,0,1966,170
2419,0,2136,287
2601,0,2423,182
2795,0,2605,194
2944,0,2799,149
3147,0,2948,203
3404,0,3151,257
3628,0,3408,224
3918,0,3632,290
4241,0,3922,323
4471,0,4245,230
4671,0,4475,200
4847,0,4675,176
5233,0,4851,386
5496,0,5237,263
5771,0,5500,275
6004,0,5775,233
6330,0,6008,326
6584,0,6334,254
6703,0,6588,119
6954,0,6707,251
7241,0,6958,287
