step,tl_id,start_at_step,cycle_time
309,0,-1,314
617,0,313,308
883,0,621,266
1197,0,887,314
1589,0,1201,392
1807,0,1593,218
1986,0,1811,179
2195,0,1990,209
2329,0,2199,134
2568,0,2333,239
2870,0,2572,302
3043,0,2874,173
3276,0,3047,233
3491,0,3280,215
3715,0,3495,224
4017,0,3719,302
4187,0,4021,170
4390,0,4191,203
4650,0,4394,260
5027,0,4654,377
5377,0,5031,350
5616,0,5381,239
5918,0,5620,302
6118,0,5922,200
6294,0,6122,176
6497,0,6298,203
6814,0,6501,317
7119,0,6818,305
7319,0,7123,200
