step,tl_id,start_at_step,cycle_time
243,0,-1,248
452,0,247,209
715,0,456,263
1065,0,719,350
1187,0,1069,122
1390,0,1191,203
1677,0,1394,287
1856,0,1681,179
2059,0,1860,203
2325,0,2063,266
2579,0,2329,254
2893,0,2583,314
3168,0,2897,275
3383,0,3172,215
3646,0,3387,263
3882,0,3650,236
4193,0,3886,311
4456,0,4197,263
4806,0,4460,350
5153,0,4810,347
5488,0,5157,335
5865,0,5492,377
6110,0,5869,245
6319,0,6114,209
6504,0,6323,185
6848,0,6508,344
7204,0,6852,356
