step,tl_id,max_length
0,0,0
1,0,0
2,0,0
3,0,0
4,0,0
5,0,0
6,0,0
7,0,0
8,0,0
9,0,0
10,0,0
11,0,0
12,0,0
13,0,0
14,0,0
15,0,0
16,0,0
17,0,0
18,0,0
19,0,0
20,0,0
21,0,1
22,0,1
23,0,1
24,0,1
25,0,1
26,0,1
27,0,1
28,0,1
29,0,1
30,0,1
31,0,1
32,0,1
33,0,1
34,0,1
35,0,1
36,0,1
37,0,1
38,0,1
39,0,1
40,0,1
41,0,1
42,0,1
43,0,1
44,0,1
45,0,1
46,0,1
47,0,1
48,0,1
49,0,1
50,0,1
51,0,1
52,0,1
53,0,1
54,0,1
55,0,1
56,0,1
57,0,2
58,0,2
59,0,2
60,0,2
61,0,2
62,0,2
63,0,2
64,0,2
65,0,2
66,0,2
67,0,2
68,0,2
69,0,2
70,0,2
71,0,2
72,0,2
73,0,2
74,0,2
75,0,2
76,0,2
77,0,2
78,0,2
79,0,2
80,0,2
81,0,2
82,0,2
83,0,2
84,0,2
85,0,2
86,0,2
87,0,2
88,0,2
89,0,2
90,0,2
91,0,2
92,0,2
93,0,2
94,0,2
95,0,2
96,0,3
97,0,3
98,0,3
99,0,3
100,0,3
101,0,3
102,0,3
103,0,3
104,0,3
105,0,4
106,0,4
107,0,4
108,0,4
109,0,4
110,0,4
111,0,4
112,0,4
113,0,4
114,0,5
115,0,5
116,0,5
117,0,5
118,0,5
119,0,5
120,0,5
121,0,5
122,0,5
123,0,5
124,0,5
125,0,5
126,0,5
127,0,5
128,0,5
129,0,5
130,0,5
131,0,5
132,0,5
133,0,5
134,0,5
135,0,5
136,0,5
137,0,5
138,0,5
139,0,5
140,0,5
141,0,5
142,0,5
143,0,5
144,0,5
145,0,5
146,0,5
147,0,5
148,0,5
149,0,5
150,0,5
151,0,5
152,0,5
153,0,5
154,0,5
155,0,5
156,0,5
157,0,5
158,0,5
159,0,5
160,0,5
161,0,5
162,0,5
163,0,5
164,0,5
165,0,5
166,0,5
167,0,6
168,0,6
169,0,6
170,0,6
171,0,6
172,0,6
173,0,6
174,0,6
175,0,6
176,0,6
177,0,6
178,0,6
179,0,6
180,0,6
181,0,6
182,0,6
183,0,6
184,0,6
185,0,6
186,0,6
187,0,6
188,0,6
189,0,6
190,0,6
191,0,6
192,0,6
193,0,6
194,0,6
195,0,6
196,0,6
197,0,6
198,0,5
199,0,5
200,0,5
201,0,5
202,0,5
203,0,5
204,0,5
205,0,5
206,0,5
207,0,5
208,0,5
209,0,5
210,0,5
211,0,5
212,0,5
213,0,5
214,0,5
215,0,5
216,0,5
217,0,5
218,0,5
219,0,5
220,0,5
221,0,5
222,0,5
223,0,5
224,0,5
225,0,5
226,0,5
227,0,6
228,0,5
229,0,5
230,0,5
231,0,5
232,0,5
233,0,5
234,0,5
235,0,5
236,0,5
237,0,5
238,0,5
239,0,5
240,0,5
241,0,6
242,0,6
243,0,6
244,0,6
245,0,6
246,0,6
247,0,6
248,0,6
249,0,6
250,0,6
251,0,6
252,0,6
253,0,6
254,0,6
255,0,6
256,0,6
257,0,6
258,0,6
259,0,6
260,0,6
261,0,6
262,0,6
263,0,6
264,0,6
265,0,6
266,0,6
267,0,6
268,0,6
269,0,7
270,0,7
271,0,7
272,0,7
273,0,7
274,0,7
275,0,7
276,0,7
277,0,7
278,0,7
279,0,7
280,0,7
281,0,7
282,0,7
283,0,7
284,0,7
285,0,7
286,0,7
287,0,7
288,0,7
289,0,7
290,0,7
291,0,7
292,0,7
293,0,7
294,0,7
295,0,7
296,0,7
297,0,7
298,0,7
299,0,7
300,0,7
301,0,7
302,0,7
303,0,7
304,0,7
305,0,8
306,0,8
307,0,8
308,0,8
309,0,8
310,0,8
311,0,8
312,0,8
313,0,8
314,0,8
315,0,8
316,0,8
317,0,8
318,0,8
319,0,8
320,0,8
321,0,8
322,0,8
323,0,8
324,0,8
325,0,8
326,0,8
327,0,8
328,0,8
329,0,9
330,0,9
331,0,9
332,0,9
333,0,9
334,0,9
335,0,9
336,0,9
337,0,9
338,0,9
339,0,9
340,0,9
341,0,9
342,0,9
343,0,9
344,0,9
345,0,9
346,0,9
347,0,9
348,0,9
349,0,9
350,0,9
351,0,9
352,0,9
353,0,9
354,0,9
355,0,9
356,0,9
357,0,10
358,0,10
359,0,10
360,0,10
361,0,10
362,0,10
363,0,10
364,0,10
365,0,10
366,0,10
367,0,10
368,0,10
369,0,10
370,0,10
371,0,10
372,0,10
373,0,10
374,0,10
375,0,10
376,0,10
377,0,10
378,0,10
379,0,10
380,0,10
381,0,10
382,0,10
383,0,10
384,0,10
385,0,10
386,0,10
387,0,10
388,0,10
389,0,10
390,0,10
391,0,9
392,0,9
393,0,8
394,0,7
395,0,7
396,0,6
397,0,6
398,0,6
399,0,6
400,0,6
401,0,7
402,0,7
403,0,7
404,0,7
405,0,7
406,0,7
407,0,7
408,0,7
409,0,7
410,0,7
411,0,7
412,0,7
413,0,7
414,0,7
415,0,7
416,0,7
417,0,8
418,0,8
419,0,8
420,0,8
421,0,8
422,0,8
423,0,8
424,0,8
425,0,8
426,0,8
427,0,8
428,0,8
429,0,8
430,0,8
431,0,8
432,0,8
433,0,8
434,0,8
435,0,8
436,0,9
437,0,9
438,0,9
439,0,9
440,0,9
441,0,9
442,0,9
443,0,9
444,0,9
445,0,9
446,0,9
447,0,9
448,0,9
449,0,9
450,0,8
451,0,8
452,0,7
453,0,6
454,0,5
455,0,5
456,0,5
457,0,5
458,0,5
459,0,5
460,0,5
461,0,5
462,0,5
463,0,5
464,0,5
465,0,5
466,0,5
467,0,4
468,0,4
469,0,4
470,0,4
471,0,4
472,0,4
473,0,4
474,0,4
475,0,4
476,0,4
477,0,4
478,0,4
479,0,4
480,0,4
481,0,4
482,0,4
483,0,4
484,0,4
485,0,4
486,0,4
487,0,4
488,0,4
489,0,4
490,0,4
491,0,4
492,0,4
493,0,4
494,0,4
495,0,4
496,0,4
497,0,4
498,0,4
499,0,4
500,0,4
501,0,4
502,0,5
503,0,5
504,0,5
505,0,5
506,0,5
507,0,5
508,0,5
509,0,5
510,0,5
511,0,5
512,0,6
513,0,6
514,0,6
515,0,6
516,0,7
517,0,7
518,0,7
519,0,7
520,0,7
521,0,7
522,0,7
523,0,7
524,0,7
525,0,7
526,0,7
527,0,7
528,0,7
529,0,7
530,0,7
531,0,7
532,0,7
533,0,7
534,0,7
535,0,7
536,0,7
537,0,7
538,0,7
539,0,7
540,0,7
541,0,7
542,0,7
543,0,7
544,0,7
545,0,7
546,0,7
547,0,7
548,0,7
549,0,7
550,0,7
551,0,7
552,0,7
553,0,7
554,0,7
555,0,7
556,0,7
557,0,7
558,0,7
559,0,7
560,0,7
561,0,7
562,0,7
563,0,7
564,0,7
565,0,7
566,0,7
567,0,7
568,0,7
569,0,7
570,0,7
571,0,7
572,0,7
573,0,7
574,0,7
575,0,7
576,0,7
577,0,7
578,0,7
579,0,7
580,0,7
581,0,7
582,0,7
583,0,7
584,0,7
585,0,7
586,0,7
587,0,7
588,0,7
589,0,7
590,0,7
591,0,7
592,0,7
593,0,7
594,0,7
595,0,7
596,0,7
597,0,7
598,0,7
599,0,7
600,0,7
601,0,7
602,0,7
603,0,7
604,0,7
605,0,8
606,0,8
607,0,8
608,0,8
609,0,8
610,0,8
611,0,8
612,0,8
613,0,8
614,0,8
615,0,8
616,0,8
617,0,8
618,0,8
619,0,8
620,0,8
621,0,8
622,0,8
623,0,8
624,0,8
625,0,8
626,0,8
627,0,8
628,0,8
629,0,8
630,0,8
631,0,8
632,0,8
633,0,8
634,0,8
635,0,9
636,0,10
637,0,10
638,0,9
639,0,9
640,0,8
641,0,7
642,0,6
643,0,6
644,0,5
645,0,4
646,0,4
647,0,3
648,0,2
649,0,2
650,0,3
651,0,3
652,0,3
653,0,3
654,0,3
655,0,3
656,0,3
657,0,3
658,0,3
659,0,3
660,0,3
661,0,3
662,0,3
663,0,3
664,0,3
665,0,3
666,0,3
667,0,3
668,0,3
669,0,3
670,0,3
671,0,3
672,0,3
673,0,3
674,0,3
675,0,3
676,0,3
677,0,3
678,0,3
679,0,3
680,0,3
681,0,3
682,0,3
683,0,3
684,0,3
685,0,3
686,0,3
687,0,3
688,0,3
689,0,3
690,0,3
691,0,3
692,0,3
693,0,4
694,0,3
695,0,3
696,0,3
697,0,3
698,0,3
699,0,3
700,0,3
701,0,3
702,0,3
703,0,4
704,0,4
705,0,4
706,0,4
707,0,4
708,0,4
709,0,4
710,0,4
711,0,4
712,0,4
713,0,5
714,0,5
715,0,5
716,0,5
717,0,5
718,0,5
719,0,5
720,0,5
721,0,5
722,0,5
723,0,5
724,0,5
725,0,5
726,0,5
727,0,5
728,0,5
729,0,5
730,0,5
731,0,5
732,0,5
733,0,5
734,0,5
735,0,5
736,0,5
737,0,5
738,0,5
739,0,5
740,0,5
741,0,6
742,0,6
743,0,6
744,0,6
745,0,6
746,0,6
747,0,6
748,0,6
749,0,6
750,0,6
751,0,6
752,0,6
753,0,6
754,0,6
755,0,6
756,0,6
757,0,5
758,0,5
759,0,4
760,0,4
761,0,4
762,0,4
763,0,4
764,0,4
765,0,4
766,0,4
767,0,4
768,0,4
769,0,4
770,0,4
771,0,4
772,0,4
773,0,4
774,0,4
775,0,4
776,0,4
777,0,4
778,0,4
779,0,4
780,0,4
781,0,4
782,0,4
783,0,4
784,0,4
785,0,4
786,0,4
787,0,4
788,0,4
789,0,4
790,0,4
791,0,4
792,0,5
793,0,5
794,0,5
795,0,5
796,0,5
797,0,5
798,0,5
799,0,5
800,0,5
801,0,5
802,0,5
803,0,5
804,0,5
805,0,5
806,0,5
807,0,5
808,0,5
809,0,5
810,0,5
811,0,5
812,0,5
813,0,5
814,0,5
815,0,5
816,0,5
817,0,5
818,0,5
819,0,6
820,0,6
821,0,6
822,0,6
823,0,6
824,0,6
825,0,6
826,0,6
827,0,6
828,0,6
829,0,6
830,0,6
831,0,5
832,0,5
833,0,4
834,0,4
835,0,4
836,0,4
837,0,4
838,0,4
839,0,4
840,0,4
841,0,4
842,0,4
843,0,4
844,0,4
845,0,4
846,0,4
847,0,4
848,0,4
849,0,4
850,0,4
851,0,4
852,0,4
853,0,4
854,0,4
855,0,4
856,0,4
857,0,4
858,0,4
859,0,4
860,0,4
861,0,4
862,0,4
863,0,4
864,0,4
865,0,4
866,0,4
867,0,4
868,0,4
869,0,4
870,0,5
871,0,5
872,0,5
873,0,5
874,0,5
875,0,5
876,0,5
877,0,5
878,0,5
879,0,5
880,0,5
881,0,5
882,0,5
883,0,5
884,0,5
885,0,5
886,0,5
887,0,5
888,0,6
889,0,5
890,0,5
891,0,5
892,0,5
893,0,5
894,0,5
895,0,5
896,0,5
897,0,5
898,0,5
899,0,5
900,0,5
901,0,5
902,0,5
903,0,5
904,0,5
905,0,5
906,0,5
907,0,5
908,0,5
909,0,5
910,0,5
911,0,5
912,0,5
913,0,5
914,0,5
915,0,5
916,0,5
917,0,5
918,0,5
919,0,5
920,0,5
921,0,5
922,0,5
923,0,5
924,0,5
925,0,5
926,0,5
927,0,5
928,0,5
929,0,5
930,0,5
931,0,5
932,0,5
933,0,5
934,0,5
935,0,5
936,0,5
937,0,6
938,0,6
939,0,6
940,0,6
941,0,6
942,0,6
943,0,6
944,0,6
945,0,6
946,0,6
947,0,6
948,0,6
949,0,6
950,0,6
951,0,6
952,0,6
953,0,6
954,0,6
955,0,6
956,0,6
957,0,6
958,0,6
959,0,6
960,0,6
961,0,6
962,0,6
963,0,6
964,0,6
965,0,6
966,0,6
967,0,6
968,0,6
969,0,6
970,0,6
971,0,6
972,0,6
973,0,6
974,0,6
975,0,6
976,0,7
977,0,7
978,0,7
979,0,7
980,0,7
981,0,7
982,0,7
983,0,7
984,0,7
985,0,7
986,0,7
987,0,7
988,0,6
989,0,6
990,0,5
991,0,5
992,0,5
993,0,5
994,0,5
995,0,5
996,0,5
997,0,5
998,0,5
999,0,5
1000,0,5
1001,0,5
1002,0,5
1003,0,5
1004,0,5
1005,0,5
1006,0,5
1007,0,5
1008,0,5
1009,0,5
1010,0,5
1011,0,5
1012,0,5
1013,0,5
1014,0,4
1015,0,4
1016,0,3
1017,0,3
1018,0,3
1019,0,3
1020,0,3
1021,0,3
1022,0,3
1023,0,3
1024,0,3
1025,0,3
1026,0,3
1027,0,4
1028,0,4
1029,0,4
1030,0,4
1031,0,4
1032,0,4
1033,0,4
1034,0,4
1035,0,4
1036,0,4
1037,0,4
1038,0,4
1039,0,4
1040,0,4
1041,0,4
1042,0,4
1043,0,4
1044,0,4
1045,0,4
1046,0,4
1047,0,4
1048,0,4
1049,0,4
1050,0,4
1051,0,4
1052,0,4
1053,0,4
1054,0,4
1055,0,4
1056,0,4
1057,0,4
1058,0,4
1059,0,4
1060,0,4
1061,0,4
1062,0,4
1063,0,4
1064,0,4
1065,0,4
1066,0,5
1067,0,5
1068,0,5
1069,0,5
1070,0,5
1071,0,5
1072,0,5
1073,0,5
1074,0,5
1075,0,5
1076,0,5
1077,0,5
1078,0,5
1079,0,5
1080,0,5
1081,0,5
1082,0,5
1083,0,5
1084,0,5
1085,0,5
1086,0,5
1087,0,5
1088,0,5
1089,0,5
1090,0,5
1091,0,5
1092,0,5
1093,0,5
1094,0,5
1095,0,5
1096,0,5
1097,0,5
1098,0,5
1099,0,5
1100,0,5
1101,0,5
1102,0,5
1103,0,5
1104,0,5
1105,0,5
1106,0,5
1107,0,5
1108,0,5
1109,0,5
1110,0,5
1111,0,5
1112,0,5
1113,0,5
1114,0,5
1115,0,5
1116,0,5
1117,0,5
1118,0,5
1119,0,5
1120,0,5
1121,0,5
1122,0,5
1123,0,5
1124,0,5
1125,0,5
1126,0,5
1127,0,5
1128,0,5
1129,0,5
1130,0,5
1131,0,5
1132,0,5
1133,0,6
1134,0,6
1135,0,6
1136,0,6
1137,0,6
1138,0,6
1139,0,6
1140,0,6
1141,0,6
1142,0,6
1143,0,6
1144,0,6
1145,0,6
1146,0,6
1147,0,6
1148,0,6
1149,0,6
1150,0,6
1151,0,6
1152,0,6
1153,0,6
1154,0,6
1155,0,6
1156,0,6
1157,0,6
1158,0,7
1159,0,7
1160,0,7
1161,0,7
1162,0,6
1163,0,6
1164,0,5
1165,0,5
1166,0,5
1167,0,5
1168,0,5
1169,0,5
1170,0,5
1171,0,5
1172,0,5
1173,0,5
1174,0,5
1175,0,5
1176,0,5
1177,0,5
1178,0,5
1179,0,5
1180,0,5
1181,0,5
1182,0,5
1183,0,5
1184,0,5
1185,0,5
1186,0,5
1187,0,5
1188,0,5
1189,0,5
1190,0,5
1191,0,5
1192,0,5
1193,0,5
1194,0,5
1195,0,5
1196,0,5
1197,0,5
1198,0,5
1199,0,5
1200,0,5
1201,0,5
1202,0,5
1203,0,5
1204,0,5
1205,0,5
1206,0,5
1207,0,5
1208,0,5
1209,0,6
1210,0,6
1211,0,6
1212,0,6
1213,0,6
1214,0,6
1215,0,6
1216,0,6
1217,0,6
1218,0,6
1219,0,6
1220,0,6
1221,0,6
1222,0,6
1223,0,7
1224,0,7
1225,0,7
1226,0,7
1227,0,7
1228,0,7
1229,0,7
1230,0,7
1231,0,7
1232,0,7
1233,0,6
1234,0,6
1235,0,5
1236,0,5
1237,0,5
1238,0,5
1239,0,5
1240,0,5
1241,0,5
1242,0,5
1243,0,5
1244,0,5
1245,0,5
1246,0,5
1247,0,5
1248,0,5
1249,0,5
1250,0,5
1251,0,5
1252,0,5
1253,0,5
1254,0,5
1255,0,5
1256,0,5
1257,0,5
1258,0,5
1259,0,5
1260,0,6
1261,0,6
1262,0,6
1263,0,6
1264,0,6
1265,0,6
1266,0,6
1267,0,6
1268,0,6
1269,0,6
1270,0,6
1271,0,6
1272,0,6
1273,0,6
1274,0,6
1275,0,6
1276,0,6
1277,0,5
1278,0,5
1279,0,4
1280,0,4
1281,0,4
1282,0,4
1283,0,4
1284,0,4
1285,0,4
1286,0,4
1287,0,4
1288,0,4
1289,0,4
1290,0,4
1291,0,5
1292,0,5
1293,0,5
1294,0,5
1295,0,5
1296,0,5
1297,0,5
1298,0,5
1299,0,5
1300,0,5
1301,0,5
1302,0,5
1303,0,5
1304,0,5
1305,0,5
1306,0,5
1307,0,5
1308,0,5
1309,0,5
1310,0,5
1311,0,5
1312,0,5
1313,0,5
1314,0,5
1315,0,5
1316,0,5
1317,0,5
1318,0,5
1319,0,5
1320,0,5
1321,0,5
1322,0,5
1323,0,5
1324,0,4
1325,0,4
1326,0,3
1327,0,3
1328,0,3
1329,0,3
1330,0,3
1331,0,3
1332,0,3
1333,0,3
1334,0,3
1335,0,3
1336,0,3
1337,0,3
1338,0,3
1339,0,3
1340,0,3
1341,0,3
1342,0,3
1343,0,3
1344,0,3
1345,0,3
1346,0,3
1347,0,3
1348,0,3
1349,0,3
1350,0,3
1351,0,3
1352,0,3
1353,0,3
1354,0,3
1355,0,3
1356,0,3
1357,0,3
1358,0,3
1359,0,3
1360,0,3
1361,0,3
1362,0,3
1363,0,3
1364,0,3
1365,0,3
1366,0,3
1367,0,3
1368,0,3
1369,0,3
1370,0,3
1371,0,3
1372,0,3
1373,0,3
1374,0,3
1375,0,3
1376,0,3
1377,0,3
1378,0,3
1379,0,3
1380,0,3
1381,0,3
1382,0,3
1383,0,3
1384,0,3
1385,0,3
1386,0,3
1387,0,3
1388,0,3
1389,0,3
1390,0,4
1391,0,4
1392,0,4
1393,0,4
1394,0,4
1395,0,4
1396,0,4
1397,0,4
1398,0,4
1399,0,4
1400,0,4
1401,0,4
1402,0,4
1403,0,4
1404,0,4
1405,0,5
1406,0,5
1407,0,5
1408,0,5
1409,0,5
1410,0,5
1411,0,5
1412,0,5
1413,0,5
1414,0,5
1415,0,4
1416,0,4
1417,0,4
1418,0,4
1419,0,4
1420,0,4
1421,0,4
1422,0,4
1423,0,5
1424,0,5
1425,0,5
1426,0,5
1427,0,5
1428,0,5
1429,0,5
1430,0,5
1431,0,5
1432,0,5
1433,0,5
1434,0,5
1435,0,5
1436,0,5
1437,0,5
1438,0,5
1439,0,5
1440,0,5
1441,0,5
1442,0,5
1443,0,5
1444,0,5
1445,0,5
1446,0,5
1447,0,5
1448,0,5
1449,0,5
1450,0,5
1451,0,5
1452,0,6
1453,0,6
1454,0,6
1455,0,6
1456,0,6
1457,0,6
1458,0,6
1459,0,6
1460,0,6
1461,0,6
1462,0,6
1463,0,6
1464,0,6
1465,0,6
1466,0,6
1467,0,6
1468,0,6
1469,0,6
1470,0,6
1471,0,6
1472,0,6
1473,0,6
1474,0,6
1475,0,6
1476,0,6
1477,0,6
1478,0,6
1479,0,6
1480,0,6
1481,0,6
1482,0,6
1483,0,6
1484,0,6
1485,0,6
1486,0,6
1487,0,6
1488,0,6
1489,0,6
1490,0,6
1491,0,6
1492,0,6
1493,0,6
1494,0,6
1495,0,6
1496,0,6
1497,0,6
1498,0,6
1499,0,6
1500,0,6
1501,0,6
1502,0,6
1503,0,6
1504,0,6
1505,0,6
1506,0,6
1507,0,6
1508,0,7
1509,0,7
1510,0,7
1511,0,7
1512,0,8
1513,0,8
1514,0,8
1515,0,8
1516,0,8
1517,0,8
1518,0,8
1519,0,8
1520,0,8
1521,0,8
1522,0,8
1523,0,8
1524,0,8
1525,0,8
1526,0,8
1527,0,8
1528,0,8
1529,0,8
1530,0,8
1531,0,8
1532,0,8
1533,0,8
1534,0,8
1535,0,8
1536,0,8
1537,0,8
1538,0,8
1539,0,8
1540,0,8
1541,0,8
1542,0,8
1543,0,8
1544,0,8
1545,0,8
1546,0,8
1547,0,8
1548,0,8
1549,0,8
1550,0,8
1551,0,8
1552,0,8
1553,0,8
1554,0,8
1555,0,8
1556,0,8
1557,0,8
1558,0,8
1559,0,8
1560,0,8
1561,0,9
1562,0,9
1563,0,9
1564,0,9
1565,0,9
1566,0,9
1567,0,9
1568,0,9
1569,0,9
1570,0,9
1571,0,10
1572,0,9
1573,0,9
1574,0,8
1575,0,7
1576,0,6
1577,0,6
1578,0,6
1579,0,6
1580,0,6
1581,0,6
1582,0,6
1583,0,6
1584,0,6
1585,0,6
1586,0,6
1587,0,6
1588,0,6
1589,0,6
1590,0,6
1591,0,6
1592,0,6
1593,0,6
1594,0,6
1595,0,6
1596,0,6
1597,0,6
1598,0,6
1599,0,6
1600,0,6
1601,0,6
1602,0,6
1603,0,6
1604,0,6
1605,0,6
1606,0,6
1607,0,5
1608,0,5
1609,0,4
1610,0,3
1611,0,3
1612,0,3
1613,0,3
1614,0,4
1615,0,4
1616,0,4
1617,0,4
1618,0,4
1619,0,4
1620,0,5
1621,0,5
1622,0,5
1623,0,5
1624,0,5
1625,0,5
1626,0,6
1627,0,6
1628,0,6
1629,0,6
1630,0,6
1631,0,7
1632,0,7
1633,0,7
1634,0,7
1635,0,7
1636,0,7
1637,0,7
1638,0,7
1639,0,7
1640,0,7
1641,0,7
1642,0,7
1643,0,7
1644,0,7
1645,0,7
1646,0,7
1647,0,7
1648,0,7
1649,0,7
1650,0,7
1651,0,7
1652,0,7
1653,0,7
1654,0,7
1655,0,7
1656,0,7
1657,0,7
1658,0,7
1659,0,7
1660,0,7
1661,0,7
1662,0,7
1663,0,7
1664,0,7
1665,0,7
1666,0,7
1667,0,7
1668,0,7
1669,0,7
1670,0,7
1671,0,7
1672,0,7
1673,0,7
1674,0,7
1675,0,7
1676,0,7
1677,0,7
1678,0,7
1679,0,7
1680,0,7
1681,0,7
1682,0,7
1683,0,7
1684,0,7
1685,0,7
1686,0,6
1687,0,6
1688,0,6
1689,0,5
1690,0,4
1691,0,3
1692,0,2
1693,0,2
1694,0,2
1695,0,2
1696,0,2
1697,0,2
1698,0,2
1699,0,2
1700,0,2
1701,0,2
1702,0,2
1703,0,2
1704,0,2
1705,0,2
1706,0,3
1707,0,3
1708,0,3
1709,0,3
1710,0,3
1711,0,3
1712,0,3
1713,0,3
1714,0,3
1715,0,3
1716,0,3
1717,0,3
1718,0,3
1719,0,3
1720,0,3
1721,0,3
1722,0,3
1723,0,3
1724,0,3
1725,0,3
1726,0,3
1727,0,3
1728,0,3
1729,0,4
1730,0,4
1731,0,4
1732,0,4
1733,0,4
1734,0,4
1735,0,4
1736,0,4
1737,0,4
1738,0,4
1739,0,4
1740,0,4
1741,0,4
1742,0,4
1743,0,4
1744,0,4
1745,0,4
1746,0,4
1747,0,4
1748,0,4
1749,0,4
1750,0,4
1751,0,5
1752,0,4
1753,0,4
1754,0,4
1755,0,4
1756,0,4
1757,0,4
1758,0,4
1759,0,5
1760,0,5
1761,0,5
1762,0,5
1763,0,5
1764,0,5
1765,0,5
1766,0,5
1767,0,5
1768,0,5
1769,0,5
1770,0,5
1771,0,5
1772,0,5
1773,0,5
1774,0,5
1775,0,5
1776,0,5
1777,0,5
1778,0,5
1779,0,5
1780,0,5
1781,0,5
1782,0,5
1783,0,6
1784,0,6
1785,0,6
1786,0,6
1787,0,6
1788,0,6
1789,0,6
1790,0,6
1791,0,6
1792,0,6
1793,0,6
1794,0,6
1795,0,6
1796,0,7
1797,0,7
1798,0,7
1799,0,7
1800,0,7
1801,0,7
1802,0,7
1803,0,7
1804,0,7
1805,0,7
1806,0,7
1807,0,7
1808,0,7
1809,0,7
1810,0,7
1811,0,7
1812,0,7
1813,0,7
1814,0,7
1815,0,8
1816,0,8
1817,0,8
1818,0,8
1819,0,8
1820,0,8
1821,0,8
1822,0,8
1823,0,8
1824,0,8
1825,0,8
1826,0,8
1827,0,7
1828,0,7
1829,0,6
1830,0,5
1831,0,4
1832,0,3
1833,0,3
1834,0,3
1835,0,3
1836,0,3
1837,0,3
1838,0,3
1839,0,3
1840,0,3
1841,0,3
1842,0,3
1843,0,3
1844,0,3
1845,0,3
1846,0,3
1847,0,3
1848,0,4
1849,0,4
1850,0,4
1851,0,4
1852,0,4
1853,0,4
1854,0,4
1855,0,5
1856,0,5
1857,0,5
1858,0,5
1859,0,4
1860,0,4
1861,0,3
1862,0,2
1863,0,2
1864,0,2
1865,0,2
1866,0,2
1867,0,2
1868,0,2
1869,0,2
1870,0,2
1871,0,2
1872,0,2
1873,0,2
1874,0,3
1875,0,3
1876,0,3
1877,0,3
1878,0,3
1879,0,3
1880,0,3
1881,0,3
1882,0,3
1883,0,3
1884,0,3
1885,0,3
1886,0,3
1887,0,3
1888,0,3
1889,0,3
1890,0,3
1891,0,3
1892,0,3
1893,0,3
1894,0,3
1895,0,3
1896,0,3
1897,0,3
1898,0,3
1899,0,2
1900,0,2
1901,0,2
1902,0,2
1903,0,2
1904,0,2
1905,0,2
1906,0,2
1907,0,2
1908,0,2
1909,0,2
1910,0,2
1911,0,2
1912,0,2
1913,0,2
1914,0,2
1915,0,2
1916,0,2
1917,0,3
1918,0,3
1919,0,3
1920,0,3
1921,0,3
1922,0,3
1923,0,3
1924,0,3
1925,0,3
1926,0,3
1927,0,3
1928,0,3
1929,0,3
1930,0,3
1931,0,3
1932,0,3
1933,0,3
1934,0,3
1935,0,3
1936,0,3
1937,0,3
1938,0,3
1939,0,3
1940,0,3
1941,0,3
1942,0,3
1943,0,3
1944,0,3
1945,0,3
1946,0,3
1947,0,3
1948,0,3
1949,0,3
1950,0,3
1951,0,3
1952,0,4
1953,0,4
1954,0,4
1955,0,4
1956,0,4
1957,0,4
1958,0,4
1959,0,4
1960,0,4
1961,0,4
1962,0,4
1963,0,4
1964,0,4
1965,0,4
1966,0,4
1967,0,4
1968,0,4
1969,0,4
1970,0,4
1971,0,4
1972,0,4
1973,0,4
1974,0,4
1975,0,4
1976,0,4
1977,0,4
1978,0,4
1979,0,4
1980,0,4
1981,0,4
1982,0,4
1983,0,4
1984,0,5
1985,0,5
1986,0,5
1987,0,5
1988,0,5
1989,0,5
1990,0,5
1991,0,5
1992,0,5
1993,0,5
1994,0,5
1995,0,5
1996,0,5
1997,0,5
1998,0,6
1999,0,6
2000,0,6
2001,0,6
2002,0,6
2003,0,6
2004,0,6
2005,0,6
2006,0,6
2007,0,6
2008,0,6
2009,0,6
2010,0,6
2011,0,6
2012,0,6
2013,0,6
2014,0,6
2015,0,6
2016,0,6
2017,0,6
2018,0,6
2019,0,6
2020,0,6
2021,0,6
2022,0,6
2023,0,6
2024,0,6
2025,0,6
2026,0,6
2027,0,6
2028,0,6
2029,0,6
2030,0,6
2031,0,6
2032,0,6
2033,0,6
2034,0,6
2035,0,7
2036,0,7
2037,0,7
2038,0,7
2039,0,7
2040,0,7
2041,0,7
2042,0,7
2043,0,7
2044,0,7
2045,0,7
2046,0,7
2047,0,7
2048,0,7
2049,0,7
2050,0,7
2051,0,7
2052,0,7
2053,0,8
2054,0,8
2055,0,7
2056,0,7
2057,0,6
2058,0,5
2059,0,4
2060,0,3
2061,0,3
2062,0,2
2063,0,2
2064,0,2
2065,0,2
2066,0,2
2067,0,2
2068,0,2
2069,0,3
2070,0,4
2071,0,4
2072,0,4
2073,0,4
2074,0,4
2075,0,4
2076,0,4
2077,0,4
2078,0,4
2079,0,4
2080,0,4
2081,0,4
2082,0,4
2083,0,4
2084,0,4
2085,0,4
2086,0,4
2087,0,4
2088,0,4
2089,0,4
2090,0,4
2091,0,4
2092,0,4
2093,0,4
2094,0,4
2095,0,4
2096,0,4
2097,0,4
2098,0,4
2099,0,4
2100,0,4
2101,0,4
2102,0,4
2103,0,4
2104,0,4
2105,0,4
2106,0,4
2107,0,4
2108,0,4
2109,0,5
2110,0,5
2111,0,5
2112,0,5
2113,0,5
2114,0,5
2115,0,5
2116,0,5
2117,0,5
2118,0,5
2119,0,5
2120,0,5
2121,0,5
2122,0,5
2123,0,5
2124,0,5
2125,0,5
2126,0,5
2127,0,5
2128,0,5
2129,0,5
2130,0,5
2131,0,5
2132,0,5
2133,0,5
2134,0,5
2135,0,5
2136,0,5
2137,0,5
2138,0,5
2139,0,5
2140,0,5
2141,0,5
2142,0,5
2143,0,5
2144,0,5
2145,0,5
2146,0,5
2147,0,5
2148,0,5
2149,0,5
2150,0,5
2151,0,5
2152,0,5
2153,0,5
2154,0,5
2155,0,5
2156,0,5
2157,0,5
2158,0,5
2159,0,5
2160,0,5
2161,0,5
2162,0,5
2163,0,5
2164,0,5
2165,0,5
2166,0,5
2167,0,5
2168,0,5
2169,0,5
2170,0,5
2171,0,5
2172,0,5
2173,0,5
2174,0,5
2175,0,5
2176,0,5
2177,0,5
2178,0,5
2179,0,5
2180,0,5
2181,0,5
2182,0,5
2183,0,5
2184,0,5
2185,0,5
2186,0,5
2187,0,5
2188,0,5
2189,0,5
2190,0,5
2191,0,5
2192,0,5
2193,0,5
2194,0,5
2195,0,5
2196,0,5
2197,0,5
2198,0,5
2199,0,5
2200,0,5
2201,0,5
2202,0,5
2203,0,5
2204,0,5
2205,0,5
2206,0,5
2207,0,5
2208,0,5
2209,0,6
2210,0,6
2211,0,6
2212,0,6
2213,0,6
2214,0,6
2215,0,6
2216,0,6
2217,0,6
2218,0,6
2219,0,6
2220,0,6
2221,0,6
2222,0,6
2223,0,6
2224,0,6
2225,0,6
2226,0,6
2227,0,6
2228,0,6
2229,0,6
2230,0,6
2231,0,6
2232,0,6
2233,0,6
2234,0,6
2235,0,6
2236,0,6
2237,0,6
2238,0,6
2239,0,6
2240,0,6
2241,0,6
2242,0,6
2243,0,6
2244,0,6
2245,0,6
2246,0,6
2247,0,6
2248,0,6
2249,0,6
2250,0,6
2251,0,6
2252,0,6
2253,0,6
2254,0,6
2255,0,6
2256,0,6
2257,0,6
2258,0,6
2259,0,6
2260,0,6
2261,0,6
2262,0,6
2263,0,6
2264,0,6
2265,0,6
2266,0,6
2267,0,6
2268,0,6
2269,0,6
2270,0,6
2271,0,6
2272,0,7
2273,0,7
2274,0,7
2275,0,7
2276,0,7
2277,0,7
2278,0,7
2279,0,7
2280,0,7
2281,0,7
2282,0,7
2283,0,7
2284,0,7
2285,0,7
2286,0,7
2287,0,7
2288,0,7
2289,0,7
2290,0,7
2291,0,7
2292,0,7
2293,0,7
2294,0,7
2295,0,7
2296,0,7
2297,0,7
2298,0,7
2299,0,7
2300,0,7
2301,0,7
2302,0,7
2303,0,7
2304,0,7
2305,0,7
2306,0,7
2307,0,8
2308,0,8
2309,0,8
2310,0,8
2311,0,8
2312,0,8
2313,0,8
2314,0,8
2315,0,8
2316,0,8
2317,0,8
2318,0,8
2319,0,8
2320,0,8
2321,0,8
2322,0,8
2323,0,8
2324,0,8
2325,0,8
2326,0,8
2327,0,8
2328,0,8
2329,0,8
2330,0,8
2331,0,8
2332,0,8
2333,0,8
2334,0,8
2335,0,8
2336,0,8
2337,0,8
2338,0,8
2339,0,9
2340,0,9
2341,0,9
2342,0,9
2343,0,9
2344,0,9
2345,0,9
2346,0,9
2347,0,9
2348,0,9
2349,0,9
2350,0,9
2351,0,9
2352,0,9
2353,0,9
2354,0,9
2355,0,9
2356,0,9
2357,0,9
2358,0,9
2359,0,9
2360,0,9
2361,0,9
2362,0,9
2363,0,9
2364,0,9
2365,0,9
2366,0,8
2367,0,8
2368,0,7
2369,0,7
2370,0,7
2371,0,7
2372,0,7
2373,0,7
2374,0,7
2375,0,7
2376,0,7
2377,0,7
2378,0,7
2379,0,7
2380,0,7
2381,0,7
2382,0,7
2383,0,7
2384,0,7
2385,0,7
2386,0,7
2387,0,7
2388,0,7
2389,0,7
2390,0,7
2391,0,7
2392,0,7
2393,0,7
2394,0,7
2395,0,7
2396,0,7
2397,0,7
2398,0,7
2399,0,7
2400,0,7
2401,0,6
2402,0,6
2403,0,5
2404,0,5
2405,0,4
2406,0,3
2407,0,3
2408,0,3
2409,0,3
2410,0,3
2411,0,3
2412,0,3
2413,0,3
2414,0,3
2415,0,3
2416,0,3
2417,0,3
2418,0,3
2419,0,3
2420,0,3
2421,0,3
2422,0,3
2423,0,3
2424,0,4
2425,0,4
2426,0,4
2427,0,4
2428,0,4
2429,0,4
2430,0,4
2431,0,4
2432,0,4
2433,0,5
2434,0,5
2435,0,5
2436,0,5
2437,0,5
2438,0,5
2439,0,5
2440,0,5
2441,0,6
2442,0,6
2443,0,6
2444,0,6
2445,0,6
2446,0,6
2447,0,6
2448,0,6
2449,0,6
2450,0,6
2451,0,6
2452,0,6
2453,0,6
2454,0,6
2455,0,6
2456,0,6
2457,0,6
2458,0,6
2459,0,6
2460,0,6
2461,0,6
2462,0,6
2463,0,5
2464,0,5
2465,0,4
2466,0,4
2467,0,4
2468,0,4
2469,0,4
2470,0,4
2471,0,4
2472,0,4
2473,0,4
2474,0,4
2475,0,4
2476,0,4
2477,0,4
2478,0,4
2479,0,4
2480,0,4
2481,0,4
2482,0,4
2483,0,4
2484,0,4
2485,0,4
2486,0,4
2487,0,4
2488,0,4
2489,0,4
2490,0,4
2491,0,4
2492,0,4
2493,0,4
2494,0,4
2495,0,4
2496,0,4
2497,0,4
2498,0,4
2499,0,4
2500,0,4
2501,0,4
2502,0,4
2503,0,4
2504,0,4
2505,0,4
2506,0,4
2507,0,4
2508,0,4
2509,0,4
2510,0,4
2511,0,4
2512,0,4
2513,0,5
2514,0,5
2515,0,4
2516,0,4
2517,0,4
2518,0,4
2519,0,4
2520,0,4
2521,0,4
2522,0,4
2523,0,4
2524,0,4
2525,0,4
2526,0,4
2527,0,4
2528,0,4
2529,0,4
2530,0,5
2531,0,4
2532,0,4
2533,0,4
2534,0,4
2535,0,4
2536,0,4
2537,0,4
2538,0,4
2539,0,4
2540,0,4
2541,0,5
2542,0,5
2543,0,5
2544,0,5
2545,0,5
2546,0,5
2547,0,5
2548,0,5
2549,0,5
2550,0,5
2551,0,5
2552,0,5
2553,0,5
2554,0,5
2555,0,5
2556,0,5
2557,0,5
2558,0,5
2559,0,5
2560,0,5
2561,0,5
2562,0,5
2563,0,5
2564,0,5
2565,0,5
2566,0,5
2567,0,5
2568,0,5
2569,0,5
2570,0,5
2571,0,6
2572,0,6
2573,0,6
2574,0,6
2575,0,6
2576,0,6
2577,0,7
2578,0,7
2579,0,7
2580,0,7
2581,0,7
2582,0,7
2583,0,8
2584,0,8
2585,0,8
2586,0,8
2587,0,8
2588,0,8
2589,0,8
2590,0,8
2591,0,8
2592,0,8
2593,0,8
2594,0,8
2595,0,8
2596,0,8
2597,0,8
2598,0,8
2599,0,8
2600,0,8
2601,0,8
2602,0,8
2603,0,8
2604,0,8
2605,0,8
2606,0,8
2607,0,8
2608,0,8
2609,0,8
2610,0,8
2611,0,8
2612,0,8
2613,0,8
2614,0,8
2615,0,8
2616,0,8
2617,0,8
2618,0,8
2619,0,8
2620,0,7
2621,0,7
2622,0,7
2623,0,7
2624,0,7
2625,0,7
2626,0,7
2627,0,7
2628,0,7
2629,0,7
2630,0,7
2631,0,7
2632,0,7
2633,0,7
2634,0,7
2635,0,7
2636,0,7
2637,0,7
2638,0,7
2639,0,7
2640,0,7
2641,0,7
2642,0,7
2643,0,7
2644,0,7
2645,0,7
2646,0,7
2647,0,7
2648,0,7
2649,0,7
2650,0,7
2651,0,7
2652,0,7
2653,0,7
2654,0,7
2655,0,7
2656,0,7
2657,0,7
2658,0,7
2659,0,7
2660,0,7
2661,0,8
2662,0,8
2663,0,8
2664,0,8
2665,0,8
2666,0,8
2667,0,8
2668,0,8
2669,0,8
2670,0,8
2671,0,8
2672,0,8
2673,0,8
2674,0,8
2675,0,8
2676,0,8
2677,0,8
2678,0,8
2679,0,8
2680,0,8
2681,0,8
2682,0,8
2683,0,8
2684,0,8
2685,0,7
2686,0,7
2687,0,6
2688,0,6
2689,0,5
2690,0,4
2691,0,4
2692,0,4
2693,0,4
2694,0,4
2695,0,4
2696,0,4
2697,0,4
2698,0,4
2699,0,4
2700,0,4
2701,0,4
2702,0,4
2703,0,4
2704,0,4
2705,0,4
2706,0,4
2707,0,4
2708,0,4
2709,0,4
2710,0,4
2711,0,4
2712,0,4
2713,0,4
2714,0,4
2715,0,4
2716,0,4
2717,0,4
2718,0,4
2719,0,4
2720,0,4
2721,0,4
2722,0,4
2723,0,4
2724,0,4
2725,0,4
2726,0,4
2727,0,4
2728,0,4
2729,0,4
2730,0,4
2731,0,4
2732,0,4
2733,0,4
2734,0,4
2735,0,4
2736,0,4
2737,0,4
2738,0,4
2739,0,4
2740,0,4
2741,0,4
2742,0,4
2743,0,4
2744,0,4
2745,0,4
2746,0,4
2747,0,5
2748,0,5
2749,0,5
2750,0,5
2751,0,5
2752,0,5
2753,0,5
2754,0,5
2755,0,5
2756,0,5
2757,0,5
2758,0,5
2759,0,5
2760,0,5
2761,0,5
2762,0,5
2763,0,5
2764,0,5
2765,0,5
2766,0,5
2767,0,5
2768,0,5
2769,0,5
2770,0,5
2771,0,5
2772,0,5
2773,0,5
2774,0,5
2775,0,5
2776,0,5
2777,0,5
2778,0,6
2779,0,6
2780,0,6
2781,0,6
2782,0,6
2783,0,6
2784,0,6
2785,0,6
2786,0,6
2787,0,6
2788,0,6
2789,0,6
2790,0,6
2791,0,6
2792,0,6
2793,0,7
2794,0,7
2795,0,7
2796,0,7
2797,0,7
2798,0,7
2799,0,7
2800,0,7
2801,0,7
2802,0,7
2803,0,7
2804,0,7
2805,0,7
2806,0,7
2807,0,7
2808,0,7
2809,0,7
2810,0,7
2811,0,7
2812,0,7
2813,0,7
2814,0,7
2815,0,7
2816,0,7
2817,0,7
2818,0,7
2819,0,7
2820,0,7
2821,0,7
2822,0,7
2823,0,7
2824,0,7
2825,0,7
2826,0,7
2827,0,7
2828,0,7
2829,0,7
2830,0,7
2831,0,7
2832,0,7
2833,0,7
2834,0,7
2835,0,7
2836,0,7
2837,0,7
2838,0,7
2839,0,7
2840,0,7
2841,0,7
2842,0,7
2843,0,7
2844,0,7
2845,0,7
2846,0,7
2847,0,8
2848,0,8
2849,0,8
2850,0,8
2851,0,8
2852,0,8
2853,0,8
2854,0,8
2855,0,8
2856,0,8
2857,0,8
2858,0,8
2859,0,8
2860,0,8
2861,0,8
2862,0,8
2863,0,8
2864,0,8
2865,0,8
2866,0,8
2867,0,8
2868,0,9
2869,0,9
2870,0,9
2871,0,9
2872,0,9
2873,0,9
2874,0,9
2875,0,9
2876,0,9
2877,0,9
2878,0,9
2879,0,9
2880,0,9
2881,0,9
2882,0,9
2883,0,9
2884,0,9
2885,0,9
2886,0,9
2887,0,9
2888,0,9
2889,0,9
2890,0,9
2891,0,9
2892,0,9
2893,0,9
2894,0,9
2895,0,9
2896,0,9
2897,0,9
2898,0,9
2899,0,9
2900,0,9
2901,0,9
2902,0,9
2903,0,9
2904,0,9
2905,0,9
2906,0,9
2907,0,9
2908,0,10
2909,0,10
2910,0,10
2911,0,10
2912,0,10
2913,0,10
2914,0,10
2915,0,10
2916,0,10
2917,0,10
2918,0,10
2919,0,10
2920,0,10
2921,0,10
2922,0,10
2923,0,10
2924,0,10
2925,0,10
2926,0,10
2927,0,10
2928,0,10
2929,0,10
2930,0,10
2931,0,10
2932,0,11
2933,0,11
2934,0,11
2935,0,11
2936,0,11
2937,0,11
2938,0,11
2939,0,11
2940,0,11
2941,0,11
2942,0,11
2943,0,11
2944,0,11
2945,0,11
2946,0,11
2947,0,11
2948,0,11
2949,0,11
2950,0,11
2951,0,11
2952,0,11
2953,0,11
2954,0,11
2955,0,11
2956,0,11
2957,0,11
2958,0,11
2959,0,11
2960,0,11
2961,0,11
2962,0,11
2963,0,11
2964,0,11
2965,0,11
2966,0,11
2967,0,11
2968,0,11
2969,0,11
2970,0,10
2971,0,10
2972,0,9
2973,0,9
2974,0,8
2975,0,7
2976,0,7
2977,0,7
2978,0,7
2979,0,7
2980,0,7
2981,0,7
2982,0,7
2983,0,7
2984,0,7
2985,0,7
2986,0,7
2987,0,7
2988,0,7
2989,0,7
2990,0,7
2991,0,7
2992,0,7
2993,0,6
2994,0,6
2995,0,5
2996,0,5
2997,0,5
2998,0,5
2999,0,5
3000,0,5
3001,0,5
3002,0,5
3003,0,5
3004,0,5
3005,0,5
3006,0,5
3007,0,5
3008,0,5
3009,0,5
3010,0,5
3011,0,5
3012,0,5
3013,0,5
3014,0,5
3015,0,6
3016,0,6
3017,0,6
3018,0,6
3019,0,6
3020,0,6
3021,0,6
3022,0,6
3023,0,6
3024,0,6
3025,0,6
3026,0,6
3027,0,6
3028,0,6
3029,0,6
3030,0,6
3031,0,6
3032,0,6
3033,0,6
3034,0,6
3035,0,6
3036,0,6
3037,0,6
3038,0,6
3039,0,6
3040,0,6
3041,0,6
3042,0,6
3043,0,6
3044,0,7
3045,0,7
3046,0,7
3047,0,7
3048,0,7
3049,0,7
3050,0,7
3051,0,7
3052,0,7
3053,0,7
3054,0,7
3055,0,7
3056,0,7
3057,0,7
3058,0,7
3059,0,7
3060,0,7
3061,0,7
3062,0,7
3063,0,7
3064,0,7
3065,0,7
3066,0,7
3067,0,7
3068,0,7
3069,0,7
3070,0,7
3071,0,7
3072,0,7
3073,0,7
3074,0,7
3075,0,7
3076,0,7
3077,0,7
3078,0,7
3079,0,7
3080,0,7
3081,0,7
3082,0,7
3083,0,7
3084,0,7
3085,0,7
3086,0,7
3087,0,7
3088,0,7
3089,0,7
3090,0,7
3091,0,7
3092,0,7
3093,0,7
3094,0,7
3095,0,7
3096,0,7
3097,0,7
3098,0,7
3099,0,7
3100,0,7
3101,0,7
3102,0,7
3103,0,7
3104,0,7
3105,0,7
3106,0,7
3107,0,7
3108,0,7
3109,0,7
3110,0,7
3111,0,7
3112,0,7
3113,0,7
3114,0,7
3115,0,7
3116,0,8
3117,0,8
3118,0,7
3119,0,7
3120,0,7
3121,0,7
3122,0,7
3123,0,7
3124,0,7
3125,0,7
3126,0,7
3127,0,7
3128,0,7
3129,0,7
3130,0,7
3131,0,7
3132,0,7
3133,0,7
3134,0,7
3135,0,7
3136,0,7
3137,0,7
3138,0,7
3139,0,8
3140,0,8
3141,0,8
3142,0,8
3143,0,8
3144,0,8
3145,0,8
3146,0,8
3147,0,8
3148,0,8
3149,0,8
3150,0,8
3151,0,8
3152,0,8
3153,0,8
3154,0,8
3155,0,8
3156,0,8
3157,0,8
3158,0,8
3159,0,8
3160,0,9
3161,0,9
3162,0,9
3163,0,9
3164,0,9
3165,0,9
3166,0,9
3167,0,9
3168,0,9
3169,0,9
3170,0,9
3171,0,9
3172,0,9
3173,0,9
3174,0,9
3175,0,9
3176,0,9
3177,0,9
3178,0,10
3179,0,10
3180,0,10
3181,0,10
3182,0,10
3183,0,10
3184,0,10
3185,0,10
3186,0,10
3187,0,10
3188,0,10
3189,0,10
3190,0,10
3191,0,10
3192,0,10
3193,0,10
3194,0,10
3195,0,10
3196,0,10
3197,0,10
3198,0,10
3199,0,10
3200,0,10
3201,0,10
3202,0,10
3203,0,10
3204,0,10
3205,0,10
3206,0,10
3207,0,10
3208,0,10
3209,0,10
3210,0,10
3211,0,10
3212,0,10
3213,0,10
3214,0,10
3215,0,10
3216,0,10
3217,0,10
3218,0,10
3219,0,10
3220,0,10
3221,0,11
3222,0,11
3223,0,11
3224,0,12
3225,0,12
3226,0,12
3227,0,12
3228,0,12
3229,0,12
3230,0,13
3231,0,13
3232,0,13
3233,0,13
3234,0,13
3235,0,13
3236,0,13
3237,0,13
3238,0,13
3239,0,13
3240,0,13
3241,0,14
3242,0,14
3243,0,14
3244,0,14
3245,0,14
3246,0,14
3247,0,14
3248,0,14
3249,0,14
3250,0,14
3251,0,14
3252,0,14
3253,0,14
3254,0,14
3255,0,14
3256,0,14
3257,0,14
3258,0,14
3259,0,14
3260,0,13
3261,0,13
3262,0,12
3263,0,11
3264,0,11
3265,0,10
3266,0,11
3267,0,11
3268,0,11
3269,0,11
3270,0,11
3271,0,11
3272,0,11
3273,0,11
3274,0,11
3275,0,11
3276,0,11
3277,0,11
3278,0,11
3279,0,11
3280,0,11
3281,0,11
3282,0,11
3283,0,11
3284,0,11
3285,0,11
3286,0,11
3287,0,11
3288,0,11
3289,0,11
3290,0,11
3291,0,11
3292,0,11
3293,0,11
3294,0,11
3295,0,11
3296,0,11
3297,0,11
3298,0,12
3299,0,12
3300,0,12
3301,0,12
3302,0,12
3303,0,12
3304,0,12
3305,0,12
3306,0,12
3307,0,12
3308,0,12
3309,0,12
3310,0,12
3311,0,12
3312,0,12
3313,0,12
3314,0,12
3315,0,12
3316,0,12
3317,0,12
3318,0,12
3319,0,12
3320,0,12
3321,0,12
3322,0,12
3323,0,12
3324,0,12
3325,0,12
3326,0,12
3327,0,13
3328,0,13
3329,0,13
3330,0,13
3331,0,13
3332,0,13
3333,0,13
3334,0,13
3335,0,13
3336,0,13
3337,0,13
3338,0,13
3339,0,13
3340,0,13
3341,0,13
3342,0,13
3343,0,13
3344,0,13
3345,0,13
3346,0,13
3347,0,13
3348,0,13
3349,0,12
3350,0,12
3351,0,11
3352,0,10
3353,0,9
3354,0,9
3355,0,8
3356,0,8
3357,0,7
3358,0,6
3359,0,5
3360,0,4
3361,0,4
3362,0,5
3363,0,5
3364,0,5
3365,0,5
3366,0,5
3367,0,5
3368,0,5
3369,0,5
3370,0,5
3371,0,5
3372,0,5
3373,0,5
3374,0,5
3375,0,5
3376,0,5
3377,0,5
3378,0,5
3379,0,5
3380,0,5
3381,0,5
3382,0,5
3383,0,5
3384,0,5
3385,0,5
3386,0,5
3387,0,5
3388,0,5
3389,0,5
3390,0,6
3391,0,6
3392,0,6
3393,0,6
3394,0,6
3395,0,6
3396,0,6
3397,0,6
3398,0,6
3399,0,6
3400,0,6
3401,0,6
3402,0,6
3403,0,6
3404,0,6
3405,0,6
3406,0,6
3407,0,7
3408,0,7
3409,0,7
3410,0,7
3411,0,7
3412,0,7
3413,0,7
3414,0,6
3415,0,6
3416,0,5
3417,0,5
3418,0,5
3419,0,5
3420,0,5
3421,0,5
3422,0,5
3423,0,5
3424,0,5
3425,0,5
3426,0,5
3427,0,5
3428,0,5
3429,0,5
3430,0,6
3431,0,6
3432,0,5
3433,0,5
3434,0,5
3435,0,5
3436,0,5
3437,0,5
3438,0,5
3439,0,5
3440,0,5
3441,0,5
3442,0,5
3443,0,6
3444,0,6
3445,0,6
3446,0,6
3447,0,6
3448,0,6
3449,0,7
3450,0,7
3451,0,7
3452,0,7
3453,0,7
3454,0,7
3455,0,7
3456,0,7
3457,0,7
3458,0,7
3459,0,7
3460,0,7
3461,0,7
3462,0,7
3463,0,7
3464,0,7
3465,0,7
3466,0,7
3467,0,7
3468,0,7
3469,0,7
3470,0,7
3471,0,7
3472,0,7
3473,0,7
3474,0,7
3475,0,7
3476,0,7
3477,0,7
3478,0,7
3479,0,7
3480,0,7
3481,0,7
3482,0,7
3483,0,7
3484,0,7
3485,0,7
3486,0,7
3487,0,7
3488,0,7
3489,0,7
3490,0,7
3491,0,7
3492,0,7
3493,0,7
3494,0,7
3495,0,7
3496,0,8
3497,0,8
3498,0,8
3499,0,8
3500,0,8
3501,0,8
3502,0,8
3503,0,8
3504,0,8
3505,0,8
3506,0,8
3507,0,8
3508,0,8
3509,0,8
3510,0,8
3511,0,8
3512,0,8
3513,0,8
3514,0,8
3515,0,8
3516,0,8
3517,0,8
3518,0,9
3519,0,9
3520,0,9
3521,0,8
3522,0,7
3523,0,7
3524,0,6
3525,0,6
3526,0,6
3527,0,6
3528,0,6
3529,0,6
3530,0,6
3531,0,7
3532,0,6
3533,0,6
3534,0,5
3535,0,6
3536,0,6
3537,0,6
3538,0,6
3539,0,6
3540,0,7
3541,0,7
3542,0,7
3543,0,7
3544,0,7
3545,0,7
3546,0,7
3547,0,7
3548,0,7
3549,0,7
3550,0,7
3551,0,7
3552,0,7
3553,0,7
3554,0,7
3555,0,7
3556,0,7
3557,0,7
3558,0,7
3559,0,7
3560,0,7
3561,0,7
3562,0,7
3563,0,7
3564,0,7
3565,0,7
3566,0,7
3567,0,7
3568,0,7
3569,0,7
3570,0,7
3571,0,7
3572,0,7
3573,0,7
3574,0,7
3575,0,7
3576,0,7
3577,0,7
3578,0,7
3579,0,7
3580,0,7
3581,0,7
3582,0,7
3583,0,7
3584,0,7
3585,0,7
3586,0,7
3587,0,7
3588,0,7
3589,0,7
3590,0,7
3591,0,7
3592,0,7
3593,0,7
3594,0,7
3595,0,7
3596,0,7
3597,0,7
3598,0,7
3599,0,7
3600,0,7
3601,0,7
3602,0,7
3603,0,7
3604,0,7
3605,0,7
3606,0,7
3607,0,7
3608,0,7
3609,0,7
3610,0,7
3611,0,7
3612,0,7
3613,0,7
3614,0,7
3615,0,7
3616,0,7
3617,0,7
3618,0,7
3619,0,7
3620,0,7
3621,0,7
3622,0,7
3623,0,7
3624,0,7
3625,0,7
3626,0,7
3627,0,7
3628,0,7
3629,0,7
3630,0,7
3631,0,7
3632,0,7
3633,0,7
3634,0,7
3635,0,7
3636,0,7
3637,0,7
3638,0,7
3639,0,7
3640,0,7
3641,0,7
3642,0,8
3643,0,8
3644,0,8
3645,0,8
3646,0,8
3647,0,8
3648,0,8
3649,0,8
3650,0,8
3651,0,8
3652,0,8
3653,0,8
3654,0,8
3655,0,8
3656,0,8
3657,0,8
3658,0,8
3659,0,8
3660,0,8
3661,0,8
3662,0,8
3663,0,8
3664,0,8
3665,0,8
3666,0,8
3667,0,8
3668,0,8
3669,0,8
3670,0,8
3671,0,8
3672,0,8
3673,0,8
3674,0,8
3675,0,8
3676,0,8
3677,0,8
3678,0,8
3679,0,8
3680,0,8
3681,0,8
3682,0,8
3683,0,8
3684,0,8
3685,0,8
3686,0,8
3687,0,8
3688,0,8
3689,0,8
3690,0,8
3691,0,8
3692,0,8
3693,0,8
3694,0,8
3695,0,8
3696,0,9
3697,0,9
3698,0,9
3699,0,9
3700,0,9
3701,0,9
3702,0,9
3703,0,8
3704,0,8
3705,0,7
3706,0,6
3707,0,5
3708,0,5
3709,0,5
3710,0,5
3711,0,5
3712,0,5
3713,0,5
3714,0,5
3715,0,5
3716,0,5
3717,0,5
3718,0,6
3719,0,6
3720,0,6
3721,0,6
3722,0,6
3723,0,6
3724,0,6
3725,0,6
3726,0,6
3727,0,6
3728,0,6
3729,0,6
3730,0,6
3731,0,6
3732,0,6
3733,0,6
3734,0,6
3735,0,6
3736,0,6
3737,0,6
3738,0,6
3739,0,6
3740,0,6
3741,0,6
3742,0,6
3743,0,6
3744,0,6
3745,0,6
3746,0,6
3747,0,6
3748,0,6
3749,0,6
3750,0,6
3751,0,6
3752,0,6
3753,0,6
3754,0,6
3755,0,6
3756,0,6
3757,0,6
3758,0,6
3759,0,6
3760,0,6
3761,0,6
3762,0,6
3763,0,6
3764,0,6
3765,0,6
3766,0,6
3767,0,6
3768,0,6
3769,0,6
3770,0,6
3771,0,7
3772,0,7
3773,0,7
3774,0,7
3775,0,7
3776,0,7
3777,0,7
3778,0,7
3779,0,7
3780,0,7
3781,0,7
3782,0,7
3783,0,7
3784,0,7
3785,0,7
3786,0,7
3787,0,7
3788,0,7
3789,0,7
3790,0,7
3791,0,7
3792,0,7
3793,0,7
3794,0,7
3795,0,7
3796,0,7
3797,0,7
3798,0,7
3799,0,7
3800,0,7
3801,0,7
3802,0,7
3803,0,7
3804,0,7
3805,0,7
3806,0,7
3807,0,8
3808,0,8
3809,0,8
3810,0,8
3811,0,8
3812,0,8
3813,0,8
3814,0,8
3815,0,8
3816,0,8
3817,0,8
3818,0,8
3819,0,8
3820,0,8
3821,0,8
3822,0,8
3823,0,8
3824,0,8
3825,0,8
3826,0,8
3827,0,8
3828,0,8
3829,0,8
3830,0,8
3831,0,8
3832,0,8
3833,0,8
3834,0,8
3835,0,8
3836,0,8
3837,0,8
3838,0,8
3839,0,8
3840,0,8
3841,0,8
3842,0,8
3843,0,8
3844,0,8
3845,0,8
3846,0,8
3847,0,8
3848,0,8
3849,0,8
3850,0,8
3851,0,8
3852,0,8
3853,0,8
3854,0,8
3855,0,8
3856,0,8
3857,0,8
3858,0,8
3859,0,8
3860,0,8
3861,0,8
3862,0,8
3863,0,8
3864,0,8
3865,0,8
3866,0,8
3867,0,8
3868,0,8
3869,0,8
3870,0,8
3871,0,8
3872,0,8
3873,0,8
3874,0,8
3875,0,8
3876,0,8
3877,0,8
3878,0,8
3879,0,8
3880,0,8
3881,0,8
3882,0,8
3883,0,8
3884,0,8
3885,0,8
3886,0,8
3887,0,8
3888,0,8
3889,0,8
3890,0,8
3891,0,8
3892,0,8
3893,0,8
3894,0,8
3895,0,8
3896,0,8
3897,0,8
3898,0,8
3899,0,8
3900,0,9
3901,0,9
3902,0,9
3903,0,9
3904,0,9
3905,0,9
3906,0,9
3907,0,9
3908,0,9
3909,0,9
3910,0,9
3911,0,9
3912,0,9
3913,0,9
3914,0,9
3915,0,9
3916,0,9
3917,0,9
3918,0,9
3919,0,9
3920,0,9
3921,0,9
3922,0,9
3923,0,9
3924,0,9
3925,0,9
3926,0,9
3927,0,9
3928,0,9
3929,0,9
3930,0,9
3931,0,9
3932,0,9
3933,0,9
3934,0,8
3935,0,8
3936,0,7
3937,0,7
3938,0,7
3939,0,7
3940,0,7
3941,0,7
3942,0,7
3943,0,7
3944,0,7
3945,0,7
3946,0,7
3947,0,7
3948,0,7
3949,0,7
3950,0,7
3951,0,7
3952,0,7
3953,0,7
3954,0,7
3955,0,7
3956,0,7
3957,0,7
3958,0,7
3959,0,7
3960,0,7
3961,0,7
3962,0,7
3963,0,7
3964,0,7
3965,0,7
3966,0,7
3967,0,7
3968,0,7
3969,0,7
3970,0,7
3971,0,7
3972,0,7
3973,0,7
3974,0,7
3975,0,7
3976,0,7
3977,0,7
3978,0,7
3979,0,7
3980,0,7
3981,0,7
3982,0,7
3983,0,7
3984,0,7
3985,0,7
3986,0,7
3987,0,7
3988,0,7
3989,0,7
3990,0,7
3991,0,7
3992,0,7
3993,0,7
3994,0,7
3995,0,7
3996,0,7
3997,0,7
3998,0,7
3999,0,7
4000,0,7
4001,0,7
4002,0,7
4003,0,7
4004,0,7
4005,0,7
4006,0,7
4007,0,7
4008,0,7
4009,0,7
4010,0,7
4011,0,7
4012,0,7
4013,0,7
4014,0,7
4015,0,7
4016,0,7
4017,0,7
4018,0,7
4019,0,7
4020,0,6
4021,0,6
4022,0,5
4023,0,5
4024,0,5
4025,0,6
4026,0,6
4027,0,6
4028,0,6
4029,0,6
4030,0,6
4031,0,6
4032,0,6
4033,0,6
4034,0,6
4035,0,6
4036,0,6
4037,0,6
4038,0,6
4039,0,6
4040,0,6
4041,0,6
4042,0,6
4043,0,6
4044,0,6
4045,0,6
4046,0,6
4047,0,6
4048,0,6
4049,0,6
4050,0,6
4051,0,6
4052,0,6
4053,0,6
4054,0,6
4055,0,6
4056,0,6
4057,0,6
4058,0,6
4059,0,6
4060,0,6
4061,0,6
4062,0,6
4063,0,6
4064,0,6
4065,0,6
4066,0,6
4067,0,6
4068,0,6
4069,0,6
4070,0,6
4071,0,6
4072,0,6
4073,0,6
4074,0,6
4075,0,6
4076,0,6
4077,0,6
4078,0,6
4079,0,6
4080,0,6
4081,0,6
4082,0,6
4083,0,6
4084,0,6
4085,0,6
4086,0,6
4087,0,6
4088,0,6
4089,0,6
4090,0,6
4091,0,6
4092,0,6
4093,0,6
4094,0,6
4095,0,6
4096,0,6
4097,0,6
4098,0,6
4099,0,6
4100,0,6
4101,0,7
4102,0,7
4103,0,7
4104,0,7
4105,0,7
4106,0,7
4107,0,7
4108,0,7
4109,0,7
4110,0,7
4111,0,7
4112,0,7
4113,0,7
4114,0,7
4115,0,7
4116,0,7
4117,0,7
4118,0,7
4119,0,7
4120,0,7
4121,0,7
4122,0,7
4123,0,7
4124,0,7
4125,0,7
4126,0,7
4127,0,7
4128,0,7
4129,0,7
4130,0,7
4131,0,7
4132,0,7
4133,0,7
4134,0,7
4135,0,7
4136,0,7
4137,0,7
4138,0,7
4139,0,7
4140,0,7
4141,0,7
4142,0,7
4143,0,7
4144,0,7
4145,0,7
4146,0,7
4147,0,7
4148,0,7
4149,0,7
4150,0,7
4151,0,7
4152,0,7
4153,0,7
4154,0,7
4155,0,7
4156,0,7
4157,0,8
4158,0,8
4159,0,8
4160,0,8
4161,0,8
4162,0,8
4163,0,8
4164,0,8
4165,0,8
4166,0,8
4167,0,8
4168,0,8
4169,0,8
4170,0,8
4171,0,9
4172,0,9
4173,0,9
4174,0,10
4175,0,10
4176,0,10
4177,0,10
4178,0,10
4179,0,10
4180,0,10
4181,0,10
4182,0,10
4183,0,10
4184,0,10
4185,0,10
4186,0,10
4187,0,10
4188,0,10
4189,0,10
4190,0,10
4191,0,10
4192,0,10
4193,0,10
4194,0,10
4195,0,10
4196,0,10
4197,0,10
4198,0,10
4199,0,10
4200,0,10
4201,0,10
4202,0,10
4203,0,10
4204,0,10
4205,0,10
4206,0,10
4207,0,10
4208,0,10
4209,0,10
4210,0,10
4211,0,10
4212,0,10
4213,0,10
4214,0,10
4215,0,10
4216,0,10
4217,0,10
4218,0,10
4219,0,10
4220,0,10
4221,0,10
4222,0,10
4223,0,10
4224,0,10
4225,0,10
4226,0,10
4227,0,10
4228,0,10
4229,0,10
4230,0,10
4231,0,10
4232,0,10
4233,0,10
4234,0,9
4235,0,9
4236,0,8
4237,0,8
4238,0,7
4239,0,7
4240,0,7
4241,0,7
4242,0,7
4243,0,7
4244,0,7
4245,0,7
4246,0,7
4247,0,7
4248,0,7
4249,0,7
4250,0,8
4251,0,8
4252,0,8
4253,0,8
4254,0,8
4255,0,8
4256,0,8
4257,0,8
4258,0,8
4259,0,8
4260,0,8
4261,0,8
4262,0,8
4263,0,8
4264,0,8
4265,0,8
4266,0,8
4267,0,8
4268,0,8
4269,0,8
4270,0,8
4271,0,8
4272,0,8
4273,0,8
4274,0,8
4275,0,8
4276,0,8
4277,0,8
4278,0,8
4279,0,8
4280,0,8
4281,0,8
4282,0,8
4283,0,8
4284,0,8
4285,0,8
4286,0,8
4287,0,8
4288,0,8
4289,0,9
4290,0,9
4291,0,9
4292,0,9
4293,0,9
4294,0,9
4295,0,10
4296,0,10
4297,0,10
4298,0,10
4299,0,10
4300,0,10
4301,0,11
4302,0,11
4303,0,11
4304,0,11
4305,0,11
4306,0,11
4307,0,11
4308,0,11
4309,0,11
4310,0,11
4311,0,11
4312,0,11
4313,0,11
4314,0,11
4315,0,11
4316,0,11
4317,0,11
4318,0,11
4319,0,11
4320,0,12
4321,0,12
4322,0,12
4323,0,13
4324,0,13
4325,0,13
4326,0,13
4327,0,13
4328,0,13
4329,0,12
4330,0,12
4331,0,11
4332,0,10
4333,0,9
4334,0,9
4335,0,8
4336,0,7
4337,0,6
4338,0,6
4339,0,6
4340,0,6
4341,0,6
4342,0,6
4343,0,6
4344,0,6
4345,0,6
4346,0,6
4347,0,6
4348,0,6
4349,0,7
4350,0,7
4351,0,6
4352,0,6
4353,0,6
4354,0,6
4355,0,6
4356,0,6
4357,0,6
4358,0,6
4359,0,6
4360,0,6
4361,0,6
4362,0,6
4363,0,6
4364,0,6
4365,0,7
4366,0,7
4367,0,7
4368,0,7
4369,0,7
4370,0,7
4371,0,7
4372,0,7
4373,0,7
4374,0,7
4375,0,7
4376,0,7
4377,0,7
4378,0,8
4379,0,8
4380,0,8
4381,0,8
4382,0,8
4383,0,8
4384,0,8
4385,0,8
4386,0,8
4387,0,8
4388,0,8
4389,0,8
4390,0,8
4391,0,8
4392,0,8
4393,0,8
4394,0,8
4395,0,8
4396,0,8
4397,0,8
4398,0,8
4399,0,8
4400,0,8
4401,0,8
4402,0,9
4403,0,9
4404,0,9
4405,0,9
4406,0,9
4407,0,9
4408,0,9
4409,0,9
4410,0,9
4411,0,9
4412,0,9
4413,0,9
4414,0,9
4415,0,9
4416,0,9
4417,0,9
4418,0,9
4419,0,9
4420,0,9
4421,0,9
4422,0,9
4423,0,9
4424,0,9
4425,0,9
4426,0,9
4427,0,9
4428,0,9
4429,0,9
4430,0,9
4431,0,9
4432,0,9
4433,0,9
4434,0,9
4435,0,9
4436,0,9
4437,0,9
4438,0,9
4439,0,9
4440,0,9
4441,0,9
4442,0,9
4443,0,8
4444,0,8
4445,0,8
4446,0,8
4447,0,8
4448,0,8
4449,0,8
4450,0,8
4451,0,7
4452,0,7
4453,0,7
4454,0,7
4455,0,7
4456,0,7
4457,0,7
4458,0,7
4459,0,7
4460,0,7
4461,0,7
4462,0,7
4463,0,7
4464,0,7
4465,0,7
4466,0,7
4467,0,7
4468,0,6
4469,0,6
4470,0,5
4471,0,5
4472,0,5
4473,0,5
4474,0,5
4475,0,5
4476,0,5
4477,0,5
4478,0,5
4479,0,5
4480,0,5
4481,0,5
4482,0,5
4483,0,5
4484,0,5
4485,0,5
4486,0,5
4487,0,5
4488,0,5
4489,0,5
4490,0,5
4491,0,5
4492,0,5
4493,0,5
4494,0,5
4495,0,5
4496,0,5
4497,0,5
4498,0,5
4499,0,5
4500,0,5
4501,0,5
4502,0,5
4503,0,5
4504,0,5
4505,0,5
4506,0,5
4507,0,5
4508,0,5
4509,0,5
4510,0,5
4511,0,5
4512,0,5
4513,0,5
4514,0,5
4515,0,5
4516,0,5
4517,0,5
4518,0,5
4519,0,5
4520,0,5
4521,0,5
4522,0,5
4523,0,5
4524,0,5
4525,0,5
4526,0,5
4527,0,5
4528,0,5
4529,0,5
4530,0,5
4531,0,5
4532,0,5
4533,0,5
4534,0,5
4535,0,5
4536,0,5
4537,0,6
4538,0,6
4539,0,6
4540,0,6
4541,0,6
4542,0,6
4543,0,6
4544,0,6
4545,0,7
4546,0,7
4547,0,7
4548,0,7
4549,0,7
4550,0,7
4551,0,7
4552,0,7
4553,0,7
4554,0,7
4555,0,7
4556,0,7
4557,0,7
4558,0,7
4559,0,7
4560,0,7
4561,0,7
4562,0,7
4563,0,7
4564,0,7
4565,0,7
4566,0,7
4567,0,7
4568,0,7
4569,0,7
4570,0,7
4571,0,7
4572,0,7
4573,0,7
4574,0,7
4575,0,7
4576,0,7
4577,0,7
4578,0,7
4579,0,7
4580,0,7
4581,0,7
4582,0,7
4583,0,7
4584,0,7
4585,0,7
4586,0,7
4587,0,7
4588,0,7
4589,0,7
4590,0,7
4591,0,7
4592,0,7
4593,0,7
4594,0,7
4595,0,7
4596,0,7
4597,0,7
4598,0,7
4599,0,7
4600,0,8
4601,0,8
4602,0,8
4603,0,8
4604,0,8
4605,0,8
4606,0,8
4607,0,8
4608,0,8
4609,0,8
4610,0,8
4611,0,8
4612,0,8
4613,0,8
4614,0,8
4615,0,8
4616,0,8
4617,0,8
4618,0,8
4619,0,8
4620,0,8
4621,0,8
4622,0,8
4623,0,8
4624,0,8
4625,0,8
4626,0,8
4627,0,8
4628,0,8
4629,0,8
4630,0,8
4631,0,8
4632,0,8
4633,0,8
4634,0,8
4635,0,8
4636,0,9
4637,0,8
4638,0,8
4639,0,8
4640,0,8
4641,0,8
4642,0,8
4643,0,8
4644,0,8
4645,0,9
4646,0,9
4647,0,9
4648,0,9
4649,0,9
4650,0,9
4651,0,10
4652,0,10
4653,0,10
4654,0,10
4655,0,10
4656,0,10
4657,0,10
4658,0,10
4659,0,10
4660,0,10
4661,0,11
4662,0,11
4663,0,11
4664,0,11
4665,0,11
4666,0,11
4667,0,11
4668,0,11
4669,0,11
4670,0,11
4671,0,11
4672,0,11
4673,0,11
4674,0,11
4675,0,11
4676,0,11
4677,0,11
4678,0,11
4679,0,11
4680,0,11
4681,0,11
4682,0,11
4683,0,11
4684,0,11
4685,0,11
4686,0,11
4687,0,11
4688,0,11
4689,0,11
4690,0,11
4691,0,11
4692,0,11
4693,0,11
4694,0,11
4695,0,11
4696,0,11
4697,0,11
4698,0,11
4699,0,11
4700,0,11
4701,0,11
4702,0,11
4703,0,11
4704,0,11
4705,0,11
4706,0,11
4707,0,11
4708,0,11
4709,0,11
4710,0,11
4711,0,11
4712,0,12
4713,0,12
4714,0,12
4715,0,12
4716,0,12
4717,0,12
4718,0,12
4719,0,13
4720,0,13
4721,0,13
4722,0,13
4723,0,13
4724,0,13
4725,0,13
4726,0,13
4727,0,13
4728,0,13
4729,0,13
4730,0,13
4731,0,13
4732,0,13
4733,0,13
4734,0,13
4735,0,13
4736,0,13
4737,0,13
4738,0,13
4739,0,13
4740,0,13
4741,0,13
4742,0,13
4743,0,13
4744,0,13
4745,0,13
4746,0,13
4747,0,13
4748,0,13
4749,0,13
4750,0,13
4751,0,13
4752,0,13
4753,0,13
4754,0,13
4755,0,14
4756,0,13
4757,0,13
4758,0,12
4759,0,11
4760,0,11
4761,0,10
4762,0,9
4763,0,8
4764,0,7
4765,0,7
4766,0,7
4767,0,7
4768,0,7
4769,0,7
4770,0,6
4771,0,7
4772,0,7
4773,0,7
4774,0,7
4775,0,7
4776,0,7
4777,0,8
4778,0,8
4779,0,10
4780,0,11
4781,0,11
4782,0,11
4783,0,11
4784,0,11
4785,0,11
4786,0,11
4787,0,11
4788,0,11
4789,0,11
4790,0,11
4791,0,11
4792,0,11
4793,0,11
4794,0,11
4795,0,11
4796,0,11
4797,0,11
4798,0,11
4799,0,11
4800,0,11
4801,0,11
4802,0,12
4803,0,12
4804,0,12
4805,0,12
4806,0,12
4807,0,12
4808,0,12
4809,0,12
4810,0,12
4811,0,12
4812,0,12
4813,0,12
4814,0,12
4815,0,12
4816,0,12
4817,0,12
4818,0,12
4819,0,12
4820,0,12
4821,0,12
4822,0,12
4823,0,12
4824,0,12
4825,0,12
4826,0,12
4827,0,12
4828,0,12
4829,0,12
4830,0,12
4831,0,12
4832,0,12
4833,0,12
4834,0,12
4835,0,12
4836,0,12
4837,0,12
4838,0,12
4839,0,12
4840,0,12
4841,0,12
4842,0,12
4843,0,12
4844,0,12
4845,0,12
4846,0,12
4847,0,12
4848,0,13
4849,0,13
4850,0,13
4851,0,13
4852,0,13
4853,0,13
4854,0,13
4855,0,13
4856,0,13
4857,0,13
4858,0,13
4859,0,13
4860,0,13
4861,0,13
4862,0,13
4863,0,13
4864,0,13
4865,0,13
4866,0,13
4867,0,13
4868,0,13
4869,0,13
4870,0,13
4871,0,13
4872,0,13
4873,0,13
4874,0,13
4875,0,13
4876,0,13
4877,0,13
4878,0,13
4879,0,13
4880,0,13
4881,0,13
4882,0,13
4883,0,13
4884,0,13
4885,0,13
4886,0,13
4887,0,13
4888,0,13
4889,0,13
4890,0,13
4891,0,14
4892,0,14
4893,0,14
4894,0,14
4895,0,14
4896,0,14
4897,0,14
4898,0,14
4899,0,14
4900,0,14
4901,0,14
4902,0,14
4903,0,14
4904,0,14
4905,0,14
4906,0,15
4907,0,15
4908,0,15
4909,0,15
4910,0,15
4911,0,15
4912,0,15
4913,0,15
4914,0,15
4915,0,15
4916,0,15
4917,0,15
4918,0,15
4919,0,15
4920,0,15
4921,0,15
4922,0,15
4923,0,15
4924,0,15
4925,0,15
4926,0,15
4927,0,15
4928,0,15
4929,0,16
4930,0,16
4931,0,17
4932,0,17
4933,0,17
4934,0,17
4935,0,17
4936,0,17
4937,0,17
4938,0,17
4939,0,17
4940,0,17
4941,0,17
4942,0,17
4943,0,17
4944,0,17
4945,0,17
4946,0,18
4947,0,18
4948,0,18
4949,0,18
4950,0,18
4951,0,18
4952,0,18
4953,0,18
4954,0,18
4955,0,18
4956,0,18
4957,0,18
4958,0,18
4959,0,18
4960,0,18
4961,0,18
4962,0,18
4963,0,18
4964,0,18
4965,0,18
4966,0,18
4967,0,18
4968,0,18
4969,0,18
4970,0,19
4971,0,19
4972,0,19
4973,0,20
4974,0,19
4975,0,19
4976,0,18
4977,0,17
4978,0,16
4979,0,16
4980,0,15
4981,0,14
4982,0,13
4983,0,12
4984,0,13
4985,0,12
4986,0,11
4987,0,10
4988,0,9
4989,0,8
4990,0,7
4991,0,6
4992,0,6
4993,0,5
4994,0,4
4995,0,4
4996,0,3
4997,0,3
4998,0,3
4999,0,4
5000,0,4
5001,0,4
5002,0,4
5003,0,4
5004,0,4
5005,0,4
5006,0,4
5007,0,4
5008,0,4
5009,0,4
5010,0,4
5011,0,5
5012,0,5
5013,0,5
5014,0,5
5015,0,5
5016,0,5
5017,0,5
5018,0,5
5019,0,5
5020,0,5
5021,0,5
5022,0,5
5023,0,5
5024,0,5
5025,0,5
5026,0,6
5027,0,6
5028,0,6
5029,0,6
5030,0,6
5031,0,6
5032,0,6
5033,0,6
5034,0,6
5035,0,6
5036,0,6
5037,0,6
5038,0,6
5039,0,6
5040,0,6
5041,0,6
5042,0,6
5043,0,6
5044,0,6
5045,0,6
5046,0,6
5047,0,6
5048,0,6
5049,0,6
5050,0,6
5051,0,6
5052,0,6
5053,0,6
5054,0,6
5055,0,6
5056,0,6
5057,0,6
5058,0,6
5059,0,6
5060,0,7
5061,0,7
5062,0,7
5063,0,7
5064,0,7
5065,0,7
5066,0,6
5067,0,6
5068,0,5
5069,0,5
5070,0,3
5071,0,3
5072,0,3
5073,0,3
5074,0,3
5075,0,3
5076,0,3
5077,0,3
5078,0,3
5079,0,3
5080,0,3
5081,0,3
5082,0,3
5083,0,3
5084,0,3
5085,0,3
5086,0,3
5087,0,3
5088,0,3
5089,0,3
5090,0,3
5091,0,3
5092,0,3
5093,0,3
5094,0,3
5095,0,3
5096,0,3
5097,0,4
5098,0,4
5099,0,4
5100,0,4
5101,0,4
5102,0,4
5103,0,4
5104,0,4
5105,0,4
5106,0,4
5107,0,4
5108,0,5
5109,0,6
5110,0,6
5111,0,6
5112,0,6
5113,0,6
5114,0,6
5115,0,6
5116,0,6
5117,0,6
5118,0,6
5119,0,6
5120,0,6
5121,0,6
5122,0,6
5123,0,6
5124,0,5
5125,0,5
5126,0,5
5127,0,4
5128,0,3
5129,0,2
5130,0,2
5131,0,2
5132,0,2
5133,0,2
5134,0,2
5135,0,2
5136,0,2
5137,0,2
5138,0,2
5139,0,2
5140,0,2
5141,0,2
5142,0,2
5143,0,2
5144,0,2
5145,0,2
5146,0,2
5147,0,2
5148,0,2
5149,0,2
5150,0,2
5151,0,2
5152,0,2
5153,0,2
5154,0,2
5155,0,2
5156,0,2
5157,0,2
5158,0,2
5159,0,2
5160,0,2
5161,0,2
5162,0,2
5163,0,2
5164,0,2
5165,0,2
5166,0,2
5167,0,2
5168,0,2
5169,0,2
5170,0,2
5171,0,2
5172,0,2
5173,0,2
5174,0,2
5175,0,2
5176,0,2
5177,0,2
5178,0,2
5179,0,2
5180,0,2
5181,0,2
5182,0,2
5183,0,2
5184,0,2
5185,0,2
5186,0,2
5187,0,2
5188,0,2
5189,0,2
5190,0,2
5191,0,3
5192,0,3
5193,0,3
5194,0,3
5195,0,3
5196,0,3
5197,0,3
5198,0,3
5199,0,3
5200,0,3
5201,0,3
5202,0,3
5203,0,3
5204,0,3
5205,0,3
5206,0,3
5207,0,3
5208,0,3
5209,0,3
5210,0,3
5211,0,3
5212,0,3
5213,0,3
5214,0,3
5215,0,3
5216,0,3
5217,0,3
5218,0,4
5219,0,4
5220,0,4
5221,0,4
5222,0,4
5223,0,4
5224,0,4
5225,0,4
5226,0,4
5227,0,4
5228,0,4
5229,0,4
5230,0,4
5231,0,4
5232,0,4
5233,0,4
5234,0,4
5235,0,4
5236,0,4
5237,0,4
5238,0,4
5239,0,4
5240,0,4
5241,0,4
5242,0,4
5243,0,4
5244,0,4
5245,0,4
5246,0,4
5247,0,4
5248,0,4
5249,0,4
5250,0,4
5251,0,4
5252,0,4
5253,0,4
5254,0,4
5255,0,4
5256,0,4
5257,0,4
5258,0,4
5259,0,4
5260,0,4
5261,0,4
5262,0,4
5263,0,4
5264,0,4
5265,0,4
5266,0,4
5267,0,4
5268,0,4
5269,0,4
5270,0,4
5271,0,4
5272,0,4
5273,0,4
5274,0,4
5275,0,4
5276,0,4
5277,0,4
5278,0,4
5279,0,5
5280,0,5
5281,0,5
5282,0,5
5283,0,5
5284,0,5
5285,0,5
5286,0,5
5287,0,5
5288,0,5
5289,0,5
5290,0,5
5291,0,5
5292,0,6
5293,0,5
5294,0,5
5295,0,5
5296,0,5
5297,0,5
5298,0,5
5299,0,5
5300,0,5
5301,0,5
5302,0,5
5303,0,5
5304,0,6
5305,0,6
5306,0,6
5307,0,6
5308,0,6
5309,0,6
5310,0,6
5311,0,6
5312,0,7
5313,0,7
5314,0,7
5315,0,7
5316,0,7
5317,0,7
5318,0,7
5319,0,7
5320,0,7
5321,0,7
5322,0,7
5323,0,7
5324,0,7
5325,0,7
5326,0,7
5327,0,7
5328,0,7
5329,0,7
5330,0,7
5331,0,7
5332,0,7
5333,0,7
5334,0,7
5335,0,7
5336,0,7
5337,0,7
5338,0,7
5339,0,7
5340,0,7
5341,0,7
5342,0,7
5343,0,7
5344,0,7
5345,0,7
5346,0,7
5347,0,7
5348,0,7
5349,0,7
5350,0,7
5351,0,7
5352,0,7
5353,0,7
5354,0,7
5355,0,7
5356,0,7
5357,0,7
5358,0,7
5359,0,7
5360,0,7
5361,0,7
5362,0,7
5363,0,7
5364,0,7
5365,0,7
5366,0,8
5367,0,8
5368,0,8
5369,0,8
5370,0,8
5371,0,8
5372,0,8
5373,0,8
5374,0,8
5375,0,8
5376,0,8
5377,0,8
5378,0,8
5379,0,8
5380,0,8
5381,0,8
5382,0,8
5383,0,8
5384,0,8
5385,0,8
5386,0,8
5387,0,8
5388,0,8
5389,0,8
5390,0,8
5391,0,8
5392,0,8
5393,0,8
5394,0,8
5395,0,8
5396,0,8
5397,0,8
5398,0,8
5399,0,8
5400,0,8
5401,0,8
5402,0,8
5403,0,8
5404,0,8
5405,0,8
5406,0,8
5407,0,8
5408,0,8
5409,0,8
5410,0,8
5411,0,8
5412,0,8
5413,0,8
5414,0,8
5415,0,8
5416,0,8
5417,0,8
5418,0,8
5419,0,8
5420,0,9
5421,0,9
5422,0,8
5423,0,8
5424,0,7
5425,0,6
5426,0,6
5427,0,5
5428,0,6
5429,0,6
5430,0,6
5431,0,6
5432,0,6
5433,0,6
5434,0,6
5435,0,6
5436,0,6
5437,0,6
5438,0,6
5439,0,6
5440,0,6
5441,0,6
5442,0,6
5443,0,6
5444,0,6
5445,0,6
5446,0,6
5447,0,6
5448,0,6
5449,0,6
5450,0,6
5451,0,6
5452,0,6
5453,0,6
5454,0,6
5455,0,6
5456,0,6
5457,0,6
5458,0,6
5459,0,6
5460,0,6
5461,0,6
5462,0,6
5463,0,6
5464,0,6
5465,0,6
5466,0,6
5467,0,6
5468,0,6
5469,0,6
5470,0,6
5471,0,6
5472,0,6
5473,0,6
5474,0,6
5475,0,7
5476,0,7
5477,0,7
5478,0,7
5479,0,7
5480,0,7
5481,0,7
5482,0,7
5483,0,7
5484,0,7
5485,0,7
5486,0,7
5487,0,7
5488,0,7
5489,0,7
5490,0,7
5491,0,7
5492,0,7
5493,0,7
5494,0,7
5495,0,7
5496,0,7
5497,0,7
5498,0,7
5499,0,7
5500,0,7
5501,0,7
5502,0,7
5503,0,7
5504,0,7
5505,0,7
5506,0,7
5507,0,7
5508,0,7
5509,0,7
5510,0,7
5511,0,7
5512,0,7
5513,0,8
5514,0,8
5515,0,8
5516,0,8
5517,0,8
5518,0,8
5519,0,8
5520,0,8
5521,0,8
5522,0,8
5523,0,8
5524,0,8
5525,0,8
5526,0,8
5527,0,8
5528,0,8
5529,0,8
5530,0,8
5531,0,7
5532,0,7
5533,0,6
5534,0,5
5535,0,4
5536,0,4
5537,0,4
5538,0,4
5539,0,4
5540,0,4
5541,0,4
5542,0,4
5543,0,4
5544,0,4
5545,0,4
5546,0,4
5547,0,4
5548,0,4
5549,0,4
5550,0,4
5551,0,4
5552,0,4
5553,0,4
5554,0,4
5555,0,4
5556,0,4
5557,0,4
5558,0,4
5559,0,4
5560,0,4
5561,0,4
5562,0,4
5563,0,4
5564,0,4
5565,0,5
5566,0,5
5567,0,5
5568,0,5
5569,0,5
5570,0,5
5571,0,5
5572,0,5
5573,0,5
5574,0,5
5575,0,5
5576,0,5
5577,0,5
5578,0,5
5579,0,5
5580,0,5
5581,0,5
5582,0,5
5583,0,5
5584,0,6
5585,0,6
5586,0,6
5587,0,6
5588,0,6
5589,0,6
5590,0,6
5591,0,6
5592,0,7
5593,0,6
5594,0,6
5595,0,6
5596,0,6
5597,0,5
5598,0,4
5599,0,3
5600,0,3
5601,0,3
5602,0,3
5603,0,3
5604,0,3
5605,0,3
5606,0,3
5607,0,3
5608,0,3
5609,0,3
5610,0,3
5611,0,3
5612,0,3
5613,0,3
5614,0,3
5615,0,3
5616,0,3
5617,0,3
5618,0,3
5619,0,3
5620,0,3
5621,0,3
5622,0,3
5623,0,3
5624,0,3
5625,0,3
5626,0,3
5627,0,3
5628,0,3
5629,0,3
5630,0,3
5631,0,2
5632,0,2
5633,0,3
5634,0,3
5635,0,3
5636,0,3
5637,0,3
5638,0,3
5639,0,3
5640,0,3
5641,0,3
5642,0,3
5643,0,3
5644,0,3
5645,0,3
5646,0,3
5647,0,3
5648,0,3
5649,0,3
5650,0,3
5651,0,3
5652,0,3
5653,0,3
5654,0,3
5655,0,3
5656,0,3
5657,0,3
5658,0,4
5659,0,4
5660,0,4
5661,0,4
5662,0,4
5663,0,4
5664,0,4
5665,0,4
5666,0,4
5667,0,4
5668,0,4
5669,0,4
5670,0,4
5671,0,4
5672,0,4
5673,0,4
5674,0,5
5675,0,5
5676,0,5
5677,0,5
5678,0,5
5679,0,5
5680,0,5
5681,0,5
5682,0,5
5683,0,5
5684,0,5
5685,0,5
5686,0,5
5687,0,5
5688,0,5
5689,0,5
5690,0,5
5691,0,5
5692,0,5
5693,0,5
5694,0,5
5695,0,5
5696,0,5
5697,0,5
5698,0,5
5699,0,5
5700,0,5
5701,0,5
5702,0,5
5703,0,5
5704,0,5
5705,0,5
5706,0,5
5707,0,5
5708,0,6
5709,0,6
5710,0,7
5711,0,7
5712,0,7
5713,0,7
5714,0,7
5715,0,7
5716,0,8
5717,0,8
5718,0,8
5719,0,8
5720,0,8
5721,0,9
5722,0,9
5723,0,9
5724,0,9
5725,0,9
5726,0,9
5727,0,10
5728,0,10
5729,0,10
5730,0,10
5731,0,10
5732,0,10
5733,0,9
5734,0,9
5735,0,8
5736,0,7
5737,0,6
5738,0,6
5739,0,5
5740,0,4
5741,0,3
5742,0,4
5743,0,4
5744,0,4
5745,0,3
5746,0,4
5747,0,5
5748,0,6
5749,0,7
5750,0,7
5751,0,7
5752,0,7
5753,0,7
5754,0,7
5755,0,7
5756,0,7
5757,0,7
5758,0,7
5759,0,7
5760,0,7
5761,0,7
5762,0,7
5763,0,7
5764,0,7
5765,0,7
5766,0,7
5767,0,7
5768,0,7
5769,0,7
5770,0,7
5771,0,7
5772,0,7
5773,0,7
5774,0,7
5775,0,7
5776,0,7
5777,0,7
5778,0,7
5779,0,7
5780,0,7
5781,0,7
5782,0,7
5783,0,7
5784,0,7
5785,0,7
5786,0,7
5787,0,7
5788,0,7
5789,0,7
5790,0,7
5791,0,7
5792,0,7
5793,0,7
5794,0,7
5795,0,7
5796,0,7
5797,0,7
5798,0,7
5799,0,7
5800,0,7
5801,0,7
5802,0,7
5803,0,7
5804,0,7
5805,0,7
5806,0,7
5807,0,7
5808,0,7
5809,0,7
5810,0,8
5811,0,8
5812,0,8
5813,0,8
5814,0,8
5815,0,8
5816,0,8
5817,0,8
5818,0,8
5819,0,8
5820,0,8
5821,0,8
5822,0,8
5823,0,8
5824,0,8
5825,0,8
5826,0,8
5827,0,8
5828,0,8
5829,0,8
5830,0,8
5831,0,8
5832,0,8
5833,0,8
5834,0,8
5835,0,8
5836,0,8
5837,0,8
5838,0,9
5839,0,9
5840,0,9
5841,0,9
5842,0,9
5843,0,9
5844,0,9
5845,0,9
5846,0,9
5847,0,9
5848,0,9
5849,0,9
5850,0,9
5851,0,9
5852,0,9
5853,0,9
5854,0,9
5855,0,9
5856,0,9
5857,0,9
5858,0,9
5859,0,9
5860,0,9
5861,0,9
5862,0,9
5863,0,9
5864,0,9
5865,0,9
5866,0,9
5867,0,9
5868,0,9
5869,0,9
5870,0,9
5871,0,9
5872,0,9
5873,0,9
5874,0,9
5875,0,9
5876,0,9
5877,0,9
5878,0,9
5879,0,9
5880,0,9
5881,0,9
5882,0,9
5883,0,9
5884,0,9
5885,0,9
5886,0,9
5887,0,9
5888,0,9
5889,0,9
5890,0,9
5891,0,9
5892,0,9
5893,0,9
5894,0,9
5895,0,9
5896,0,9
5897,0,9
5898,0,9
5899,0,9
5900,0,9
5901,0,9
5902,0,9
5903,0,9
5904,0,9
5905,0,9
5906,0,9
5907,0,9
5908,0,9
5909,0,9
5910,0,9
5911,0,9
5912,0,9
5913,0,9
5914,0,9
5915,0,9
5916,0,9
5917,0,9
5918,0,9
5919,0,9
5920,0,9
5921,0,9
5922,0,9
5923,0,9
5924,0,9
5925,0,9
5926,0,9
5927,0,9
5928,0,9
5929,0,9
5930,0,9
5931,0,9
5932,0,9
5933,0,9
5934,0,9
5935,0,9
5936,0,9
5937,0,9
5938,0,9
5939,0,9
5940,0,9
5941,0,9
5942,0,9
5943,0,9
5944,0,9
5945,0,9
5946,0,9
5947,0,9
5948,0,9
5949,0,9
5950,0,9
5951,0,9
5952,0,9
5953,0,9
5954,0,10
5955,0,10
5956,0,10
5957,0,10
5958,0,10
5959,0,10
5960,0,10
5961,0,10
5962,0,10
5963,0,10
5964,0,9
5965,0,9
5966,0,9
5967,0,9
5968,0,9
5969,0,9
5970,0,9
5971,0,9
5972,0,9
5973,0,9
5974,0,9
5975,0,9
5976,0,9
5977,0,9
5978,0,9
5979,0,9
5980,0,9
5981,0,9
5982,0,9
5983,0,9
5984,0,9
5985,0,9
5986,0,9
5987,0,9
5988,0,10
5989,0,10
5990,0,10
5991,0,10
5992,0,10
5993,0,10
5994,0,10
5995,0,10
5996,0,10
5997,0,10
5998,0,10
5999,0,10
6000,0,10
6001,0,10
6002,0,9
6003,0,9
6004,0,8
6005,0,7
6006,0,6
6007,0,5
6008,0,5
6009,0,4
6010,0,4
6011,0,4
6012,0,4
6013,0,4
6014,0,4
6015,0,4
6016,0,4
6017,0,4
6018,0,4
6019,0,4
6020,0,4
6021,0,4
6022,0,4
6023,0,5
6024,0,5
6025,0,5
6026,0,5
6027,0,5
6028,0,5
6029,0,5
6030,0,5
6031,0,5
6032,0,5
6033,0,5
6034,0,5
6035,0,5
6036,0,5
6037,0,5
6038,0,5
6039,0,5
6040,0,5
6041,0,5
6042,0,5
6043,0,5
6044,0,5
6045,0,6
6046,0,6
6047,0,6
6048,0,6
6049,0,6
6050,0,6
6051,0,6
6052,0,6
6053,0,6
6054,0,6
6055,0,6
6056,0,6
6057,0,6
6058,0,6
6059,0,6
6060,0,6
6061,0,6
6062,0,6
6063,0,6
6064,0,7
6065,0,7
6066,0,7
6067,0,7
6068,0,7
6069,0,7
6070,0,7
6071,0,7
6072,0,7
6073,0,7
6074,0,7
6075,0,7
6076,0,7
6077,0,7
6078,0,7
6079,0,7
6080,0,7
6081,0,7
6082,0,7
6083,0,7
6084,0,7
6085,0,7
6086,0,7
6087,0,7
6088,0,7
6089,0,7
6090,0,7
6091,0,7
6092,0,7
6093,0,7
6094,0,7
6095,0,7
6096,0,7
6097,0,7
6098,0,7
6099,0,7
6100,0,7
6101,0,7
6102,0,7
6103,0,7
6104,0,7
6105,0,7
6106,0,7
6107,0,7
6108,0,7
6109,0,7
6110,0,7
6111,0,7
6112,0,7
6113,0,7
6114,0,7
6115,0,7
6116,0,7
6117,0,7
6118,0,7
6119,0,7
6120,0,7
6121,0,7
6122,0,7
6123,0,7
6124,0,7
6125,0,7
6126,0,7
6127,0,7
6128,0,7
6129,0,7
6130,0,7
6131,0,7
6132,0,7
6133,0,7
6134,0,7
6135,0,7
6136,0,7
6137,0,7
6138,0,7
6139,0,7
6140,0,7
6141,0,7
6142,0,7
6143,0,7
6144,0,7
6145,0,7
6146,0,7
6147,0,7
6148,0,7
6149,0,7
6150,0,7
6151,0,7
6152,0,7
6153,0,7
6154,0,7
6155,0,7
6156,0,7
6157,0,7
6158,0,7
6159,0,7
6160,0,7
6161,0,7
6162,0,7
6163,0,7
6164,0,7
6165,0,7
6166,0,7
6167,0,7
6168,0,7
6169,0,7
6170,0,7
6171,0,8
6172,0,8
6173,0,8
6174,0,8
6175,0,8
6176,0,8
6177,0,8
6178,0,8
6179,0,8
6180,0,8
6181,0,8
6182,0,8
6183,0,8
6184,0,8
6185,0,8
6186,0,8
6187,0,8
6188,0,8
6189,0,8
6190,0,8
6191,0,8
6192,0,8
6193,0,8
6194,0,8
6195,0,8
6196,0,8
6197,0,8
6198,0,8
6199,0,8
6200,0,8
6201,0,8
6202,0,8
6203,0,8
6204,0,8
6205,0,8
6206,0,8
6207,0,8
6208,0,8
6209,0,8
6210,0,9
6211,0,9
6212,0,9
6213,0,9
6214,0,9
6215,0,9
6216,0,9
6217,0,9
6218,0,9
6219,0,9
6220,0,9
6221,0,9
6222,0,9
6223,0,9
6224,0,9
6225,0,9
6226,0,9
6227,0,9
6228,0,9
6229,0,10
6230,0,10
6231,0,10
6232,0,10
6233,0,10
6234,0,10
6235,0,10
6236,0,10
6237,0,10
6238,0,10
6239,0,10
6240,0,10
6241,0,10
6242,0,10
6243,0,10
6244,0,10
6245,0,10
6246,0,10
6247,0,10
6248,0,10
6249,0,10
6250,0,10
6251,0,10
6252,0,10
6253,0,10
6254,0,10
6255,0,10
6256,0,10
6257,0,10
6258,0,10
6259,0,10
6260,0,10
6261,0,10
6262,0,10
6263,0,10
6264,0,10
6265,0,10
6266,0,10
6267,0,10
6268,0,10
6269,0,10
6270,0,10
6271,0,10
6272,0,10
6273,0,10
6274,0,10
6275,0,10
6276,0,10
6277,0,10
6278,0,10
6279,0,10
6280,0,10
6281,0,10
6282,0,10
6283,0,10
6284,0,10
6285,0,10
6286,0,10
6287,0,10
6288,0,10
6289,0,10
6290,0,10
6291,0,10
6292,0,10
6293,0,10
6294,0,10
6295,0,10
6296,0,10
6297,0,10
6298,0,10
6299,0,10
6300,0,10
6301,0,10
6302,0,10
6303,0,10
6304,0,10
6305,0,10
6306,0,10
6307,0,10
6308,0,10
6309,0,10
6310,0,10
6311,0,10
6312,0,10
6313,0,10
6314,0,10
6315,0,10
6316,0,10
6317,0,10
6318,0,10
6319,0,10
6320,0,10
6321,0,10
6322,0,9
6323,0,8
6324,0,8
6325,0,8
6326,0,8
6327,0,8
6328,0,8
6329,0,8
6330,0,9
6331,0,8
6332,0,8
6333,0,8
6334,0,8
6335,0,9
6336,0,10
6337,0,9
6338,0,9
6339,0,8
6340,0,7
6341,0,7
6342,0,7
6343,0,7
6344,0,7
6345,0,7
6346,0,7
6347,0,7
6348,0,7
6349,0,8
6350,0,8
6351,0,8
6352,0,8
6353,0,8
6354,0,8
6355,0,8
6356,0,8
6357,0,9
6358,0,9
6359,0,9
6360,0,9
6361,0,9
6362,0,9
6363,0,9
6364,0,9
6365,0,9
6366,0,9
6367,0,9
6368,0,9
6369,0,9
6370,0,9
6371,0,9
6372,0,9
6373,0,9
6374,0,9
6375,0,9
6376,0,9
6377,0,9
6378,0,9
6379,0,9
6380,0,9
6381,0,9
6382,0,9
6383,0,9
6384,0,9
6385,0,9
6386,0,9
6387,0,9
6388,0,9
6389,0,9
6390,0,9
6391,0,9
6392,0,9
6393,0,9
6394,0,9
6395,0,9
6396,0,9
6397,0,9
6398,0,9
6399,0,9
6400,0,9
6401,0,9
6402,0,9
6403,0,9
6404,0,9
6405,0,9
6406,0,9
6407,0,9
6408,0,9
6409,0,9
6410,0,9
6411,0,9
6412,0,9
6413,0,9
6414,0,9
6415,0,9
6416,0,9
6417,0,9
6418,0,9
6419,0,9
6420,0,9
6421,0,9
6422,0,9
6423,0,9
6424,0,9
6425,0,9
6426,0,9
6427,0,9
6428,0,9
6429,0,9
6430,0,9
6431,0,9
6432,0,9
6433,0,9
6434,0,8
6435,0,8
6436,0,7
6437,0,6
6438,0,5
6439,0,4
6440,0,4
6441,0,4
6442,0,4
6443,0,5
6444,0,5
6445,0,5
6446,0,5
6447,0,5
6448,0,5
6449,0,5
6450,0,5
6451,0,5
6452,0,5
6453,0,5
6454,0,5
6455,0,5
6456,0,5
6457,0,5
6458,0,5
6459,0,5
6460,0,5
6461,0,5
6462,0,5
6463,0,5
6464,0,5
6465,0,5
6466,0,5
6467,0,5
6468,0,5
6469,0,5
6470,0,5
6471,0,5
6472,0,5
6473,0,5
6474,0,5
6475,0,5
6476,0,5
6477,0,5
6478,0,5
6479,0,5
6480,0,5
6481,0,5
6482,0,5
6483,0,5
6484,0,5
6485,0,5
6486,0,5
6487,0,5
6488,0,5
6489,0,5
6490,0,5
6491,0,5
6492,0,5
6493,0,5
6494,0,5
6495,0,5
6496,0,5
6497,0,5
6498,0,5
6499,0,5
6500,0,5
6501,0,5
6502,0,5
6503,0,5
6504,0,5
6505,0,5
6506,0,5
6507,0,5
6508,0,5
6509,0,5
6510,0,5
6511,0,5
6512,0,5
6513,0,5
6514,0,5
6515,0,5
6516,0,5
6517,0,5
6518,0,5
6519,0,5
6520,0,5
6521,0,5
6522,0,5
6523,0,5
6524,0,5
6525,0,5
6526,0,5
6527,0,5
6528,0,5
6529,0,5
6530,0,5
6531,0,5
6532,0,5
6533,0,5
6534,0,5
6535,0,5
6536,0,5
6537,0,5
6538,0,5
6539,0,5
6540,0,5
6541,0,5
6542,0,5
6543,0,5
6544,0,6
6545,0,6
6546,0,6
6547,0,6
6548,0,6
6549,0,6
6550,0,6
6551,0,6
6552,0,6
6553,0,7
6554,0,7
6555,0,7
6556,0,7
6557,0,7
6558,0,7
6559,0,7
6560,0,8
6561,0,8
6562,0,8
6563,0,8
6564,0,8
6565,0,8
6566,0,8
6567,0,8
6568,0,8
6569,0,8
6570,0,8
6571,0,8
6572,0,8
6573,0,8
6574,0,9
6575,0,9
6576,0,9
6577,0,9
6578,0,9
6579,0,9
6580,0,9
6581,0,9
6582,0,9
6583,0,9
6584,0,9
6585,0,9
6586,0,9
6587,0,9
6588,0,9
6589,0,9
6590,0,9
6591,0,9
6592,0,9
6593,0,9
6594,0,9
6595,0,9
6596,0,9
6597,0,9
6598,0,9
6599,0,9
6600,0,9
6601,0,9
6602,0,9
6603,0,9
6604,0,9
6605,0,9
6606,0,9
6607,0,9
6608,0,9
6609,0,9
6610,0,9
6611,0,9
6612,0,9
6613,0,9
6614,0,9
6615,0,9
6616,0,9
6617,0,9
6618,0,9
6619,0,9
6620,0,9
6621,0,9
6622,0,9
6623,0,9
6624,0,9
6625,0,9
6626,0,9
6627,0,9
6628,0,9
6629,0,9
6630,0,9
6631,0,9
6632,0,9
6633,0,9
6634,0,9
6635,0,9
6636,0,9
6637,0,9
6638,0,9
6639,0,9
6640,0,9
6641,0,9
6642,0,9
6643,0,9
6644,0,9
6645,0,9
6646,0,9
6647,0,9
6648,0,9
6649,0,9
6650,0,9
6651,0,9
6652,0,10
6653,0,10
6654,0,10
6655,0,10
6656,0,10
6657,0,10
6658,0,10
6659,0,10
6660,0,10
6661,0,10
6662,0,10
6663,0,10
6664,0,10
6665,0,10
6666,0,10
6667,0,10
6668,0,9
6669,0,10
6670,0,9
6671,0,9
6672,0,9
6673,0,9
6674,0,9
6675,0,9
6676,0,9
6677,0,9
6678,0,9
6679,0,9
6680,0,9
6681,0,9
6682,0,9
6683,0,9
6684,0,9
6685,0,9
6686,0,9
6687,0,9
6688,0,9
6689,0,9
6690,0,9
6691,0,9
6692,0,9
6693,0,9
6694,0,9
6695,0,10
6696,0,10
6697,0,10
6698,0,10
6699,0,10
6700,0,10
6701,0,10
6702,0,10
6703,0,10
6704,0,11
6705,0,11
6706,0,11
6707,0,11
6708,0,11
6709,0,11
6710,0,11
6711,0,11
6712,0,11
6713,0,11
6714,0,11
6715,0,11
6716,0,11
6717,0,11
6718,0,11
6719,0,11
6720,0,11
6721,0,11
6722,0,11
6723,0,11
6724,0,11
6725,0,11
6726,0,11
6727,0,11
6728,0,11
6729,0,11
6730,0,11
6731,0,11
6732,0,11
6733,0,11
6734,0,11
6735,0,10
6736,0,9
6737,0,8
6738,0,7
6739,0,7
6740,0,6
6741,0,5
6742,0,4
6743,0,4
6744,0,4
6745,0,4
6746,0,4
6747,0,4
6748,0,4
6749,0,4
6750,0,5
6751,0,5
6752,0,5
6753,0,5
6754,0,5
6755,0,5
6756,0,5
6757,0,5
6758,0,5
6759,0,5
6760,0,5
6761,0,5
6762,0,5
6763,0,5
6764,0,5
6765,0,5
6766,0,5
6767,0,5
6768,0,5
6769,0,5
6770,0,5
6771,0,5
6772,0,5
6773,0,5
6774,0,5
6775,0,5
6776,0,5
6777,0,5
6778,0,5
6779,0,5
6780,0,5
6781,0,5
6782,0,5
6783,0,5
6784,0,5
6785,0,5
6786,0,5
6787,0,5
6788,0,5
6789,0,5
6790,0,5
6791,0,5
6792,0,5
6793,0,5
6794,0,5
6795,0,5
6796,0,5
6797,0,5
6798,0,5
6799,0,5
6800,0,5
6801,0,5
6802,0,5
6803,0,5
6804,0,5
6805,0,5
6806,0,5
6807,0,5
6808,0,5
6809,0,5
6810,0,5
6811,0,5
6812,0,5
6813,0,5
6814,0,5
6815,0,5
6816,0,5
6817,0,5
6818,0,5
6819,0,5
6820,0,5
6821,0,5
6822,0,5
6823,0,5
6824,0,5
6825,0,5
6826,0,5
6827,0,5
6828,0,5
6829,0,5
6830,0,5
6831,0,5
6832,0,5
6833,0,5
6834,0,5
6835,0,5
6836,0,5
6837,0,5
6838,0,5
6839,0,5
6840,0,5
6841,0,5
6842,0,5
6843,0,5
6844,0,6
6845,0,6
6846,0,6
6847,0,6
6848,0,6
6849,0,6
6850,0,6
6851,0,6
6852,0,6
6853,0,6
6854,0,6
6855,0,6
6856,0,6
6857,0,6
6858,0,6
6859,0,6
6860,0,6
6861,0,6
6862,0,6
6863,0,6
6864,0,6
6865,0,6
6866,0,6
6867,0,6
6868,0,6
6869,0,6
6870,0,6
6871,0,6
6872,0,6
6873,0,6
6874,0,6
6875,0,6
6876,0,6
6877,0,6
6878,0,6
6879,0,6
6880,0,6
6881,0,6
6882,0,6
6883,0,6
6884,0,6
6885,0,6
6886,0,6
6887,0,6
6888,0,6
6889,0,6
6890,0,6
6891,0,6
6892,0,6
6893,0,6
6894,0,6
6895,0,6
6896,0,6
6897,0,6
6898,0,6
6899,0,6
6900,0,6
6901,0,6
6902,0,6
6903,0,6
6904,0,6
6905,0,6
6906,0,6
6907,0,6
6908,0,6
6909,0,6
6910,0,6
6911,0,7
6912,0,6
6913,0,7
6914,0,7
6915,0,7
6916,0,7
6917,0,6
6918,0,6
6919,0,5
6920,0,5
6921,0,5
6922,0,5
6923,0,5
6924,0,5
6925,0,5
6926,0,5
6927,0,5
6928,0,5
6929,0,5
6930,0,5
6931,0,5
6932,0,5
6933,0,5
6934,0,5
6935,0,5
6936,0,5
6937,0,5
6938,0,5
6939,0,5
6940,0,5
6941,0,5
6942,0,6
6943,0,6
6944,0,6
6945,0,7
6946,0,7
6947,0,7
6948,0,7
6949,0,7
6950,0,7
6951,0,7
6952,0,7
6953,0,7
6954,0,7
6955,0,7
6956,0,7
6957,0,7
6958,0,7
6959,0,7
6960,0,7
6961,0,7
6962,0,7
6963,0,7
6964,0,7
6965,0,7
6966,0,7
6967,0,7
6968,0,7
6969,0,7
6970,0,7
6971,0,7
6972,0,7
6973,0,8
6974,0,8
6975,0,8
6976,0,9
6977,0,9
6978,0,9
6979,0,9
6980,0,9
6981,0,9
6982,0,9
6983,0,9
6984,0,9
6985,0,9
6986,0,9
6987,0,9
6988,0,9
6989,0,9
6990,0,9
6991,0,9
6992,0,9
6993,0,9
6994,0,9
6995,0,9
6996,0,9
6997,0,9
6998,0,9
6999,0,9
7000,0,9
7001,0,9
7002,0,9
7003,0,9
7004,0,9
7005,0,9
7006,0,9
7007,0,9
7008,0,9
7009,0,9
7010,0,9
7011,0,9
7012,0,9
7013,0,10
7014,0,10
7015,0,10
7016,0,10
7017,0,10
7018,0,10
7019,0,10
7020,0,10
7021,0,10
7022,0,10
7023,0,10
7024,0,10
7025,0,10
7026,0,10
7027,0,10
7028,0,10
7029,0,10
7030,0,10
7031,0,10
7032,0,10
7033,0,10
7034,0,10
7035,0,10
7036,0,10
7037,0,10
7038,0,10
7039,0,10
7040,0,10
7041,0,10
7042,0,10
7043,0,10
7044,0,10
7045,0,10
7046,0,10
7047,0,11
7048,0,11
7049,0,11
7050,0,11
7051,0,11
7052,0,11
7053,0,11
7054,0,11
7055,0,11
7056,0,11
7057,0,11
7058,0,11
7059,0,11
7060,0,11
7061,0,11
7062,0,11
7063,0,11
7064,0,11
7065,0,11
7066,0,11
7067,0,11
7068,0,11
7069,0,11
7070,0,11
7071,0,11
7072,0,11
7073,0,11
7074,0,11
7075,0,11
7076,0,11
7077,0,11
7078,0,11
7079,0,11
7080,0,11
7081,0,11
7082,0,11
7083,0,11
7084,0,11
7085,0,11
7086,0,11
7087,0,11
7088,0,11
7089,0,11
7090,0,11
7091,0,11
7092,0,11
7093,0,11
7094,0,11
7095,0,11
7096,0,11
7097,0,11
7098,0,11
7099,0,11
7100,0,11
7101,0,11
7102,0,11
7103,0,11
7104,0,11
7105,0,11
7106,0,11
7107,0,10
7108,0,10
7109,0,9
7110,0,8
7111,0,7
7112,0,7
7113,0,6
7114,0,6
7115,0,6
7116,0,6
7117,0,6
7118,0,6
7119,0,6
7120,0,6
7121,0,6
7122,0,6
7123,0,6
7124,0,6
7125,0,6
7126,0,6
7127,0,6
7128,0,6
7129,0,6
7130,0,6
7131,0,6
7132,0,6
7133,0,6
7134,0,6
7135,0,6
7136,0,6
7137,0,6
7138,0,6
7139,0,6
7140,0,6
7141,0,7
7142,0,6
7143,0,6
7144,0,6
7145,0,6
7146,0,6
7147,0,6
7148,0,6
7149,0,6
7150,0,6
7151,0,6
7152,0,6
7153,0,6
7154,0,6
7155,0,6
7156,0,6
7157,0,6
7158,0,7
7159,0,7
7160,0,7
7161,0,7
7162,0,7
7163,0,7
7164,0,7
7165,0,7
7166,0,7
7167,0,7
7168,0,7
7169,0,7
7170,0,7
7171,0,7
7172,0,7
7173,0,7
7174,0,7
7175,0,7
7176,0,7
7177,0,7
7178,0,7
7179,0,7
7180,0,7
7181,0,7
7182,0,7
7183,0,7
7184,0,8
7185,0,7
7186,0,7
7187,0,7
7188,0,7
7189,0,7
7190,0,7
7191,0,7
7192,0,7
7193,0,7
7194,0,7
7195,0,7
7196,0,7
7197,0,7
7198,0,7
7199,0,7
7200,0,7
7201,0,7
7202,0,8
7203,0,8
7204,0,8
7205,0,8
7206,0,8
7207,0,8
7208,0,8
7209,0,8
7210,0,8
7211,0,8
7212,0,8
7213,0,8
7214,0,8
7215,0,8
7216,0,8
7217,0,8
7218,0,8
7219,0,8
7220,0,8
7221,0,8
7222,0,8
7223,0,8
7224,0,8
7225,0,8
7226,0,8
7227,0,8
7228,0,8
7229,0,8
7230,0,8
7231,0,8
7232,0,8
7233,0,8
7234,0,8
7235,0,8
7236,0,8
7237,0,8
7238,0,8
7239,0,8
7240,0,8
7241,0,8
7242,0,8
7243,0,8
7244,0,8
7245,0,8
7246,0,8
7247,0,8
7248,0,8
7249,0,8
7250,0,8
7251,0,8
7252,0,8
7253,0,8
7254,0,8
7255,0,8
7256,0,8
7257,0,8
7258,0,8
7259,0,8
7260,0,8
7261,0,8
7262,0,8
7263,0,8
7264,0,8
7265,0,8
7266,0,8
7267,0,8
7268,0,8
7269,0,8
7270,0,8
7271,0,8
7272,0,8
7273,0,8
7274,0,8
7275,0,8
7276,0,8
7277,0,8
7278,0,8
7279,0,8
7280,0,8
7281,0,8
7282,0,8
7283,0,8
7284,0,8
7285,0,8
7286,0,8
7287,0,8
7288,0,8
7289,0,8
7290,0,8
7291,0,8
7292,0,8
7293,0,8
7294,0,7
7295,0,7
7296,0,6
7297,0,5
7298,0,4
7299,0,4
7300,0,3
7301,0,2
7302,0,2
7303,0,2
7304,0,2
7305,0,2
7306,0,2
7307,0,2
7308,0,2
7309,0,2
7310,0,2
7311,0,2
7312,0,2
7313,0,2
7314,0,2
7315,0,2
7316,0,2
7317,0,2
7318,0,2
7319,0,2
7320,0,2
7321,0,2
7322,0,2
7323,0,2
7324,0,2
7325,0,2
7326,0,2
7327,0,2
7328,0,2
7329,0,2
7330,0,2
7331,0,2
7332,0,2
7333,0,2
7334,0,2
7335,0,2
7336,0,2
7337,0,2
7338,0,2
7339,0,2
7340,0,2
7341,0,2
7342,0,2
7343,0,2
7344,0,2
7345,0,2
7346,0,2
7347,0,2
7348,0,2
7349,0,2
7350,0,2
7351,0,2
7352,0,2
7353,0,2
7354,0,2
7355,0,2
7356,0,2
7357,0,2
7358,0,2
7359,0,2
7360,0,2
7361,0,2
7362,0,2
7363,0,2
7364,0,2
7365,0,2
7366,0,2
7367,0,2
7368,0,2
7369,0,2
7370,0,2
7371,0,2
7372,0,2
7373,0,2
7374,0,2
7375,0,2
7376,0,2
7377,0,2
7378,0,2
7379,0,2
7380,0,2
7381,0,2
7382,0,2
7383,0,2
7384,0,2
7385,0,2
7386,0,2
7387,0,2
7388,0,2
7389,0,2
7390,0,2
7391,0,2
7392,0,2
7393,0,2
7394,0,2
7395,0,2
7396,0,2
7397,0,2
7398,0,2
7399,0,2
7400,0,2
7401,0,2
7402,0,2
7403,0,2
7404,0,2
7405,0,2
7406,0,2
7407,0,2
7408,0,2
7409,0,2
7410,0,2
7411,0,2
7412,0,2
7413,0,2
7414,0,2
7415,0,2
7416,0,2
7417,0,2
7418,0,2
7419,0,2
7420,0,2
7421,0,2
7422,0,2
7423,0,2
7424,0,2
7425,0,2
7426,0,2
7427,0,2
7428,0,2
7429,0,2
7430,0,2
7431,0,2
7432,0,2
7433,0,2
7434,0,2
7435,0,2
7436,0,2
7437,0,2
7438,0,2
7439,0,2
7440,0,2
7441,0,2
7442,0,2
7443,0,2
7444,0,2
7445,0,2
7446,0,2
7447,0,2
7448,0,2
7449,0,2
7450,0,2
7451,0,2
7452,0,2
7453,0,2
7454,0,2
7455,0,2
7456,0,2
7457,0,2
7458,0,2
7459,0,2
7460,0,2
7461,0,2
7462,0,2
7463,0,2
7464,0,2
7465,0,2
7466,0,2
7467,0,2
7468,0,2
7469,0,2
7470,0,2
7471,0,2
7472,0,2
7473,0,2
7474,0,2
7475,0,2
7476,0,2
7477,0,2
7478,0,2
7479,0,2
7480,0,2
7481,0,2
7482,0,2
7483,0,2
7484,0,2
7485,0,2
7486,0,2
7487,0,2
7488,0,2
7489,0,2
7490,0,2
7491,0,2
7492,0,2
7493,0,2
7494,0,2
7495,0,2
7496,0,2
7497,0,2
7498,0,2
7499,0,2
7500,0,2
7501,0,2
7502,0,2
7503,0,2
7504,0,2
7505,0,2
7506,0,2
7507,0,2
7508,0,2
7509,0,2
7510,0,2
7511,0,2
7512,0,2
7513,0,2
7514,0,2
7515,0,2
7516,0,2
7517,0,2
7518,0,2
7519,0,2
7520,0,2
7521,0,2
7522,0,2
7523,0,2
7524,0,2
7525,0,2
7526,0,2
7527,0,2
7528,0,2
7529,0,2
7530,0,2
7531,0,2
7532,0,2
7533,0,2
7534,0,2
7535,0,2
7536,0,2
7537,0,2
7538,0,2
7539,0,2
7540,0,2
7541,0,2
7542,0,2
7543,0,2
7544,0,2
7545,0,2
7546,0,2
7547,0,2
7548,0,2
7549,0,2
7550,0,2
7551,0,2
7552,0,2
7553,0,2
7554,0,2
7555,0,2
7556,0,2
7557,0,2
7558,0,2
7559,0,2
7560,0,2
7561,0,2
7562,0,2
7563,0,2
7564,0,2
7565,0,2
7566,0,2
7567,0,2
7568,0,2
7569,0,2
7570,0,2
7571,0,2
7572,0,2
7573,0,2
7574,0,2
7575,0,2
7576,0,2
7577,0,2
7578,0,2
7579,0,2
7580,0,2
7581,0,2
7582,0,2
7583,0,2
7584,0,2
7585,0,2
7586,0,2
7587,0,2
7588,0,2
7589,0,2
7590,0,2
7591,0,2
7592,0,2
7593,0,2
7594,0,2
7595,0,2
7596,0,2
7597,0,2
7598,0,2
7599,0,2
7600,0,2
7601,0,2
7602,0,2
7603,0,2
7604,0,2
7605,0,2
7606,0,2
7607,0,2
7608,0,2
7609,0,2
7610,0,2
7611,0,1
7612,0,1
7613,0,0
7614,0,0
7615,0,1
7616,0,1
7617,0,1
7618,0,1
7619,0,1
7620,0,1
7621,0,1
7622,0,1
7623,0,1
7624,0,1
7625,0,1
7626,0,1
7627,0,1
7628,0,1
7629,0,1
7630,0,1
7631,0,1
7632,0,1
7633,0,1
7634,0,1
7635,0,0
7636,0,0
7637,0,0
7638,0,0
7639,0,0
7640,0,0
7641,0,0
7642,0,0
7643,0,0
7644,0,0
7645,0,0
7646,0,0
7647,0,0
7648,0,0
7649,0,0
7650,0,0
7651,0,0
7652,0,0
7653,0,0
7654,0,0
7655,0,0
7656,0,0
