step,tl_id,start_at_step,cycle_time
210,0,-1,215
602,0,214,392
841,0,606,239
1272,0,845,431
1538,0,1276,266
1813,0,1542,275
2118,0,1817,305
2336,0,2122,218
2575,0,2340,239
2895,0,2579,320
3149,0,2899,254
3412,0,3153,263
3576,0,3416,164
3974,0,3580,398
4252,0,3978,278
4557,0,4256,305
4820,0,4561,263
5107,0,4824,287
5322,0,5111,215
5663,0,5326,341
5782,0,5667,119
6018,0,5786,236
6317,0,6022,299
6562,0,6321,245
6786,0,6566,224
7019,0,6790,233
7330,0,7023,311
