step,tl_id,start_at_step,cycle_time
219,0,-1,224
584,0,223,365
916,0,588,332
1092,0,920,176
1415,0,1096,323
1738,0,1419,323
2118,0,1742,380
2360,0,2122,242
2635,0,2364,275
2961,0,2639,326
3209,0,2965,248
3475,0,3213,266
3765,0,3479,290
3965,0,3769,200
4267,0,3969,302
4572,0,4271,305
4961,0,4576,389
5128,0,4965,167
5445,0,5132,317
5762,0,5449,317
6073,0,5766,311
6246,0,6077,173
6380,0,6250,134
6658,0,6384,278
6906,0,6662,248
7163,0,6910,257
7330,0,7167,167
