step,tl_id,start_at_step,cycle_time
192,0,-1,197
527,0,196,335
859,0,531,332
1116,0,863,257
1352,0,1120,236
1597,0,1356,245
1815,0,1601,218
2123,0,1819,308
2269,0,2127,146
2529,0,2273,260
2714,0,2533,185
2929,0,2718,215
3099,0,2933,170
3365,0,3103,266
3739,0,3369,374
4044,0,3743,305
4205,0,4048,161
4471,0,4209,266
4842,0,4475,371
5090,0,4846,248
5281,0,5094,191
5553,0,5285,272
5753,0,5557,200
5881,0,5757,128
6183,0,5885,302
6449,0,6187,266
6649,0,6453,200
6945,0,6653,296
7277,0,6949,332
