step,tl_id,start_at_step,cycle_time
183,0,-1,188
506,0,187,323
685,0,510,179
1002,0,689,317
1307,0,1006,305
1603,0,1311,296
1770,0,1607,167
1961,0,1774,191
2320,0,1965,359
2553,0,2324,233
2858,0,2557,305
3055,0,2862,197
3288,0,3059,233
3638,0,3292,350
3928,0,3642,290
4278,0,3932,350
4547,0,4282,269
4834,0,4551,287
5097,0,4838,263
5213,0,5101,116
5362,0,5217,149
5619,0,5366,257
6008,0,5623,389
6229,0,6012,221
6573,0,6233,344
6869,0,6577,296
7048,0,6873,179
7281,0,7052,233
