step,tl_id,start_at_step,cycle_time
129,0,-1,134
398,0,133,269
733,0,402,335
1083,0,737,350
1376,0,1087,293
1738,0,1380,362
1890,0,1742,152
2033,0,1894,143
2206,0,2037,173
2436,0,2210,230
2699,0,2440,263
2890,0,2703,191
3144,0,2894,254
3557,0,3148,413
3877,0,3561,320
4071,0,3881,194
4319,0,4075,248
4609,0,4323,290
4875,0,4613,266
5186,0,4879,311
5530,0,5190,344
5829,0,5534,299
6140,0,5833,311
6415,0,6144,275
6765,0,6419,350
6962,0,6769,197
7255,0,6966,293
