step,tl_id,start_at_step,cycle_time
258,0,-1,263
485,0,262,227
820,0,489,335
1032,0,824,212
1298,0,1036,266
1498,0,1302,200
1785,0,1502,287
1952,0,1789,167
2242,0,1956,290
2469,0,2246,227
2714,0,2473,245
2911,0,2718,197
3147,0,2915,236
3512,0,3151,365
3742,0,3516,230
4005,0,3746,263
4232,0,4009,227
4501,0,4236,269
4749,0,4505,248
5000,0,4753,251
5293,0,5004,293
5460,0,5297,167
5789,0,5464,329
6100,0,5793,311
6336,0,6104,236
6611,0,6340,275
6895,0,6615,284
7047,0,6899,152
7271,0,7051,224
