step,tl_id,start_at_step,cycle_time
171,0,-1,176
446,0,175,275
682,0,450,236
936,0,686,254
1043,0,940,107
1354,0,1047,311
1626,0,1358,272
1886,0,1630,260
2122,0,1890,236
2400,0,2126,278
2669,0,2404,269
2848,0,2673,179
3027,0,2852,179
3305,0,3031,278
3517,0,3309,212
3828,0,3521,311
4088,0,3832,260
4369,0,4092,281
4650,0,4373,281
5009,0,4654,359
5233,0,5013,224
5565,0,5237,332
5783,0,5569,218
6070,0,5787,287
6228,0,6074,158
6581,0,6232,353
6955,0,6585,374
7221,0,6959,266
