step,vehicle_id,departDelay,duration,routeLength,waitingTime,waitingCount,timeLoss
39.00,1_0,0.00,39.00,596.93,0.00,0,9.32
121.00,1_5,0.00,46.00,596.93,0.00,0,7.87
126.00,1_6,0.00,36.00,615.10,0.00,0,5.60
127.00,1_3,0.00,82.00,596.93,39.00,1,52.97
128.00,1_1,0.00,113.00,615.10,68.00,1,78.51
163.00,1_8,0.00,43.00,596.93,0.00,0,9.50
189.00,1_10,0.00,39.00,596.93,0.00,0,9.93
224.00,1_4,0.00,164.00,615.10,119.00,1,133.20
224.00,1_12,0.00,44.00,615.10,0.00,0,13.61
226.00,1_2,0.00,196.00,617.75,149.00,1,162.99
229.00,1_7,0.00,124.00,596.93,75.00,1,87.91
234.00,1_13,0.00,39.00,596.93,0.00,0,9.57
245.00,1_11,0.00,80.00,615.10,35.00,1,48.25
258.00,1_9,0.00,123.00,615.10,74.00,1,85.87
259.00,1_14,0.00,49.00,596.93,3.00,1,16.08
304.00,1_15,0.00,79.00,615.10,31.00,1,44.81
310.00,1_18,0.00,40.00,615.10,0.00,0,5.58
323.00,1_19,0.00,38.00,596.93,0.00,0,10.51
380.00,1_16,0.00,140.00,617.75,91.00,1,102.19
478.00,1_29,0.00,43.00,596.93,0.00,0,9.12
483.00,1_28,0.00,63.00,617.75,21.00,1,33.68
484.00,1_17,0.00,229.00,596.93,182.00,1,195.29
484.00,1_22,0.00,154.00,615.10,110.00,1,121.41
487.00,1_30,0.00,37.00,617.75,0.00,0,8.52
488.00,1_23,0.00,143.00,596.93,93.00,1,106.53
521.00,1_32,0.00,41.00,596.93,0.00,0,9.41
563.00,1_20,0.00,263.00,596.93,219.00,1,231.64
563.00,1_33,0.00,68.00,615.10,26.00,1,40.09
566.00,1_21,0.00,251.00,596.93,206.00,1,219.17
566.00,1_26,0.00,176.00,617.75,128.00,1,139.46
572.00,1_24,0.00,212.00,596.93,160.00,1,173.00
572.00,1_35,0.00,47.00,596.93,0.00,0,16.23
588.00,1_37,0.00,33.00,615.10,0.00,0,5.84
609.00,1_27,0.00,204.00,615.10,158.00,1,170.08
609.00,1_34,0.00,99.00,617.75,53.00,1,65.90
610.00,1_25,0.00,235.00,596.93,187.00,1,198.35
612.00,1_36,0.00,72.00,617.75,24.00,1,38.32
665.00,1_42,0.00,35.00,615.10,0.00,0,5.62
681.00,1_31,0.00,216.00,617.75,175.00,1,187.55
758.00,1_38,0.00,188.00,615.10,144.00,1,159.09
762.00,1_39,0.00,177.00,615.10,129.00,1,141.07
762.00,1_41,0.00,147.00,596.93,99.00,1,113.81
841.00,1_40,0.00,241.00,596.93,196.00,1,209.81
842.00,1_46,0.00,152.00,615.10,104.00,1,119.93
842.00,1_51,0.00,77.00,615.10,33.00,1,49.77
843.00,1_43,0.00,198.00,596.93,154.00,1,167.07
845.00,1_50,0.00,95.00,617.75,47.00,1,56.68
846.00,1_45,0.00,171.00,596.93,126.00,1,140.78
848.00,1_53,0.00,53.00,596.93,7.00,1,22.96
893.00,1_57,0.00,38.00,617.75,0.00,0,9.01
927.00,1_59,0.00,42.00,596.93,0.00,0,8.78
950.00,1_61,0.00,35.00,615.10,0.00,0,6.46
951.00,1_44,0.00,291.00,596.93,247.00,1,260.23
955.00,1_47,0.00,250.00,596.93,200.00,1,214.53
955.00,1_48,0.00,235.00,617.75,185.00,1,196.87
959.00,1_49,0.00,224.00,596.93,174.00,1,186.67
961.00,1_54,0.00,151.00,596.93,100.00,1,119.40
1002.00,1_60,0.00,102.00,615.10,57.00,1,72.63
1002.00,1_63,0.00,57.00,615.10,11.00,1,24.50
1003.00,1_52,0.00,223.00,617.75,178.00,1,190.60
1004.00,1_62,0.00,74.00,596.93,28.00,1,42.15
1005.00,1_55,0.00,180.00,617.75,133.00,1,146.69
1109.00,1_58,0.00,239.00,615.10,194.00,1,207.82
1109.00,1_68,0.00,89.00,617.75,45.00,1,57.60
1110.00,1_56,0.00,270.00,596.93,223.00,1,234.46
1112.00,1_71,0.00,47.00,596.93,0.00,0,13.37
1166.00,1_64,0.00,206.00,615.10,160.00,1,171.84
1167.00,1_69,0.00,132.00,596.93,86.00,1,100.05
1167.00,1_74,0.00,57.00,617.75,10.00,1,22.01
1193.00,1_77,0.00,38.00,615.10,0.00,0,5.24
1199.00,1_76,0.00,59.00,615.10,16.00,1,28.22
1201.00,1_65,0.00,226.00,596.93,179.00,1,189.73
1202.00,1_66,0.00,212.00,617.75,164.00,1,175.78
1202.00,1_70,0.00,152.00,596.93,106.00,1,120.68
1204.00,1_67,0.00,199.00,617.75,151.00,1,162.82
1206.00,1_72,0.00,126.00,596.93,77.00,1,91.47
1207.00,1_73,0.00,112.00,596.93,65.00,1,82.08
1233.00,1_79,0.00,48.00,596.93,7.00,1,18.76
1342.00,1_75,0.00,217.00,596.93,172.00,1,184.59
1342.00,1_80,0.00,142.00,615.10,97.00,1,111.35
1344.00,1_86,0.00,54.00,596.93,9.00,1,21.56
1404.00,1_78,0.00,234.00,615.10,188.00,1,202.04
1404.00,1_81,0.00,189.00,615.10,144.00,1,156.93
1404.00,1_82,0.00,174.00,617.75,128.00,1,141.84
1406.00,1_85,0.00,131.00,596.93,85.00,1,98.16
1407.00,1_83,0.00,162.00,615.10,115.00,1,128.69
1408.00,1_88,0.00,88.00,596.93,43.00,1,56.48
1410.00,1_89,0.00,75.00,617.75,29.00,1,42.37
1439.00,1_93,0.00,44.00,617.75,0.00,0,7.72
1464.00,1_84,0.00,204.00,596.93,162.00,1,176.00
1465.00,1_94,0.00,55.00,615.10,11.00,1,25.62
1467.00,1_91,0.00,102.00,615.10,53.00,1,66.34
1468.00,1_95,0.00,43.00,617.75,0.00,0,11.14
1470.00,1_92,0.00,90.00,586.83,42.00,1,52.15
1499.00,1_97,0.00,44.00,596.93,0.00,0,8.56
1516.00,1_87,0.00,211.00,615.10,167.00,1,179.89
1516.00,1_90,0.00,166.00,617.75,121.00,1,133.37
1541.00,1_100,0.00,41.00,617.75,0.00,0,10.20
1557.00,1_101,0.00,42.00,617.75,0.00,0,7.68
1587.00,1_103,0.00,42.00,596.93,0.00,0,8.66
1610.00,1_105,0.00,35.00,615.10,0.00,0,5.50
1631.00,1_106,0.00,41.00,596.93,0.00,0,9.53
1642.00,1_98,0.00,172.00,615.10,128.00,1,142.83
1643.00,1_96,0.00,203.00,617.75,158.00,1,170.54
1643.00,1_107,0.00,38.00,615.10,0.00,0,6.63
1647.00,1_104,0.00,87.00,596.93,40.00,1,50.91
1690.00,1_99,0.00,205.00,617.75,160.00,1,174.26
1690.00,1_102,0.00,160.00,596.93,114.00,1,126.70
1693.00,1_110,0.00,43.00,596.93,0.00,0,8.83
1715.00,1_112,0.00,35.00,615.10,0.00,0,5.43
1726.00,1_108,0.00,106.00,596.93,65.00,1,76.47
1729.00,1_109,0.00,94.00,615.10,47.00,1,60.16
1730.00,1_111,0.00,65.00,615.10,16.00,1,28.11
1736.00,1_113,0.00,41.00,617.75,0.00,0,8.13
1749.00,1_114,0.00,39.00,596.93,0.00,0,9.69
1832.00,1_119,0.00,47.00,596.93,6.00,1,17.73
1946.00,1_122,0.00,116.00,596.93,71.00,1,85.36
1948.00,1_117,0.00,193.00,617.75,147.00,1,159.63
1949.00,1_123,0.00,104.00,596.93,58.00,1,72.82
2041.00,1_116,0.00,301.00,617.75,259.00,1,272.91
2041.00,1_133,0.00,46.00,615.10,3.00,1,15.47
2042.00,1_115,0.00,317.00,596.93,271.00,1,282.34
2044.00,1_118,0.00,274.00,596.93,229.00,1,241.71
2045.00,1_120,0.00,245.00,617.75,197.00,1,209.92
2047.00,1_124,0.00,187.00,617.75,140.00,1,155.67
2049.00,1_126,0.00,159.00,617.75,112.00,1,127.00
2055.00,1_130,0.00,105.00,617.75,53.00,1,72.61
2056.00,1_127,0.00,151.00,617.75,97.00,1,110.76
2075.00,1_121,0.00,260.00,596.93,219.00,1,231.30
2076.00,1_125,0.00,201.00,617.75,158.00,1,172.26
2141.00,1_140,0.00,41.00,617.75,0.00,0,10.82
2168.00,1_128,0.00,248.00,617.75,203.00,1,218.50
2168.00,1_129,0.00,233.00,615.10,188.00,1,201.41
2170.00,1_138,0.00,100.00,615.10,52.00,1,67.61
2171.00,1_131,0.00,206.00,617.75,160.00,1,174.63
2172.00,1_132,0.00,192.00,596.93,144.00,1,157.91
2173.00,1_135,0.00,148.00,596.93,102.00,1,116.98
2175.00,1_137,0.00,120.00,617.75,73.00,1,87.16
2179.00,1_142,0.00,49.00,617.75,0.00,0,13.55
2214.00,1_134,0.00,204.00,617.75,162.00,1,177.18
2215.00,1_143,0.00,70.00,615.10,26.00,1,41.31
2217.00,1_136,0.00,177.00,617.75,133.00,1,146.90
2217.00,1_139,0.00,132.00,615.10,86.00,1,98.48
2261.00,1_148,0.00,41.00,615.10,0.00,0,7.46
2262.00,1_141,0.00,147.00,615.10,104.00,1,119.13
2269.00,1_144,0.00,109.00,615.10,53.00,1,65.73
2365.00,1_152,0.00,85.00,596.93,41.00,1,55.14
2368.00,1_151,0.00,103.00,617.75,58.00,1,69.74
2368.00,1_153,0.00,73.00,615.10,25.00,1,38.44
2377.00,1_156,0.00,37.00,617.75,0.00,0,9.12
2412.00,1_145,0.00,237.00,596.93,197.00,1,209.00
2417.00,1_146,0.00,227.00,617.75,178.00,1,189.30
2418.00,1_147,0.00,213.00,617.75,167.00,1,179.91
2420.00,1_157,0.00,65.00,617.75,17.00,1,33.80
2424.00,1_159,0.00,39.00,617.75,0.00,0,9.78
2463.00,1_154,0.00,153.00,615.10,109.00,1,123.24
2464.00,1_149,0.00,229.00,615.10,184.00,1,197.63
2465.00,1_150,0.00,215.00,615.10,169.00,1,181.38
2468.00,1_160,0.00,68.00,615.10,20.00,1,31.35
2468.00,1_162,0.00,38.00,615.10,0.00,0,5.18
2480.00,1_163,0.00,35.00,615.10,0.00,0,6.40
2488.00,1_161,0.00,73.00,596.93,30.00,1,43.75
2489.00,1_155,0.00,164.00,617.75,121.00,1,134.44
2530.00,1_166,0.00,40.00,617.75,0.00,0,7.25
2542.00,1_167,0.00,37.00,615.10,0.00,0,6.06
2547.00,1_158,0.00,177.00,615.10,130.00,1,142.13
2547.00,1_164,0.00,87.00,596.93,44.00,1,56.49
2562.00,1_168,0.00,42.00,596.93,0.00,0,9.44
2657.00,1_173,0.00,62.00,617.75,19.00,1,32.68
2659.00,1_165,0.00,184.00,615.10,137.00,1,149.23
2659.00,1_169,0.00,124.00,615.10,77.00,1,90.02
2662.00,1_171,0.00,97.00,596.93,49.00,1,61.21
2704.00,1_175,0.00,79.00,617.75,32.00,1,43.17
2706.00,1_176,0.00,66.00,617.75,20.00,1,35.18
2721.00,1_179,0.00,36.00,615.10,0.00,0,5.70
2805.00,1_170,0.00,255.00,596.93,211.00,1,225.16
2806.00,1_177,0.00,151.00,615.10,107.00,1,120.07
2807.00,1_180,0.00,107.00,615.10,63.00,1,77.51
2808.00,1_183,0.00,63.00,615.10,16.00,1,33.05
2809.00,1_172,0.00,229.00,617.75,181.00,1,191.47
2809.00,1_174,0.00,199.00,596.93,152.00,1,165.86
2811.00,1_182,0.00,81.00,617.75,35.00,1,48.60
2852.00,1_178,0.00,182.00,596.93,140.00,1,152.31
2855.00,1_187,0.00,50.00,617.75,2.00,1,13.17
2876.00,1_189,0.00,41.00,617.75,0.00,0,6.57
2894.00,1_190,0.00,44.00,596.93,0.00,0,9.06
2969.00,1_181,0.00,254.00,617.75,209.00,1,221.76
2969.00,1_184,0.00,209.00,596.93,164.00,1,175.33
2971.00,1_186,0.00,181.00,596.93,135.00,1,151.08
2974.00,1_188,0.00,154.00,596.93,107.00,1,121.01
2977.00,1_191,0.00,112.00,596.93,61.00,1,78.19
2981.00,1_196,0.00,41.00,596.93,0.00,0,10.11
3027.00,1_198,0.00,57.00,615.10,13.00,1,27.02
3030.00,1_185,0.00,255.00,617.75,208.00,1,218.65
3039.00,1_200,0.00,39.00,615.10,0.00,0,5.16
3099.00,1_204,0.00,39.00,596.93,0.00,0,9.34
3133.00,1_192,0.00,253.00,596.93,210.00,1,223.93
3136.00,1_194,0.00,226.00,617.75,180.00,1,192.90
3137.00,1_193,0.00,242.00,596.93,197.00,1,211.26
3137.00,1_195,0.00,212.00,615.10,163.00,1,174.34
3139.00,1_201,0.00,124.00,615.10,75.00,1,87.40
3139.00,1_205,0.00,64.00,596.93,17.00,1,32.81
3176.00,1_209,0.00,41.00,596.93,0.00,0,8.21
3197.00,1_202,0.00,167.00,617.75,122.00,1,135.00
3198.00,1_197,0.00,243.00,596.93,197.00,1,206.53
3205.00,1_211,0.00,40.00,596.93,0.00,0,8.97
3264.00,1_215,0.00,39.00,596.93,0.00,0,9.76
3307.00,1_206,0.00,217.00,615.10,172.00,1,184.96
3307.00,1_207,0.00,202.00,615.10,158.00,1,169.28
3309.00,1_199,0.00,324.00,596.93,276.00,1,285.97
3311.00,1_203,0.00,266.00,596.93,220.00,1,236.80
3313.00,1_217,0.00,58.00,596.93,12.00,1,27.73
3336.00,1_208,0.00,216.00,615.10,170.00,1,182.85
3336.00,1_210,0.00,186.00,586.83,144.00,1,157.69
3336.00,1_212,0.00,156.00,615.10,113.00,1,123.67
3344.00,1_214,0.00,134.00,596.93,81.00,1,95.64
3346.00,1_216,0.00,106.00,596.93,54.00,1,72.94
3347.00,1_220,0.00,47.00,596.93,0.00,0,14.74
3364.00,1_218,0.00,94.00,596.93,51.00,1,63.74
3365.00,1_213,0.00,170.00,617.75,125.00,1,139.58
3368.00,1_219,0.00,83.00,596.93,35.00,1,47.90
3384.00,1_223,0.00,39.00,596.93,0.00,0,8.90
3476.00,1_224,0.00,116.00,617.75,69.00,1,83.17
3570.00,1_221,0.00,255.00,615.10,214.00,1,227.43
3573.00,1_228,0.00,153.00,596.93,110.00,1,123.96
3574.00,1_225,0.00,199.00,615.10,153.00,1,165.42
3577.00,1_229,0.00,142.00,596.93,96.00,1,110.12
3578.00,1_231,0.00,113.00,596.93,69.00,1,85.52
3580.00,1_233,0.00,85.00,596.93,40.00,1,56.83
3583.00,1_236,0.00,43.00,596.93,0.00,0,12.89
3650.00,2_2,0.00,38.00,615.10,0.00,0,4.69
3664.00,2_4,0.00,40.00,607.65,0.00,0,7.75
3668.00,1_226,0.00,278.00,596.93,235.00,1,251.94
3669.00,1_232,0.00,189.00,617.75,141.00,1,154.68
3669.00,1_234,0.00,159.00,615.10,113.00,1,123.78
3671.00,1_222,0.00,341.00,615.10,291.00,1,302.50
3671.00,1_227,0.00,266.00,596.93,223.00,1,237.22
3675.00,2_0,0.00,75.00,596.93,28.00,1,41.39
3678.00,2_6,0.00,42.00,586.83,0.00,0,9.59
3692.00,2_9,0.00,38.00,596.93,0.00,0,9.17
3702.00,1_230,0.00,252.00,596.93,208.00,1,221.59
3703.00,1_239,0.00,118.00,617.75,74.00,1,88.23
3706.00,1_235,0.00,181.00,596.93,133.00,1,146.96
3707.00,2_7,0.00,65.00,596.93,20.00,1,34.67
3728.00,2_14,0.00,44.00,617.75,0.00,0,6.24
3750.00,2_1,0.00,144.00,615.10,100.00,1,112.19
3751.00,1_238,0.00,181.00,615.10,136.00,1,151.21
3752.00,1_237,0.00,197.00,615.10,148.00,1,160.73
3753.00,2_3,0.00,135.00,596.93,86.00,1,102.28
3755.00,2_16,0.00,59.00,596.93,11.00,1,25.72
3758.00,2_15,0.00,68.00,615.10,12.00,1,23.12
3761.00,2_19,0.00,47.00,617.75,0.00,0,7.04
3764.00,2_21,0.00,38.00,596.93,0.00,0,9.48
3772.00,2_22,0.00,40.00,617.75,0.00,0,8.39
3792.00,2_17,0.00,90.00,615.10,47.00,1,65.16
3793.00,2_8,0.00,145.00,617.75,101.00,1,116.26
3794.00,2_5,0.00,164.00,615.10,119.00,1,132.03
3796.00,2_18,0.00,88.00,596.93,43.00,1,56.70
3797.00,2_13,0.00,119.00,617.75,73.00,1,84.97
3799.00,2_23,0.00,61.00,615.10,13.00,1,27.06
3800.00,2_26,0.00,44.00,615.10,0.00,0,11.43
3801.00,2_20,0.00,81.00,615.10,26.00,1,38.57
3858.00,2_36,0.00,42.00,615.10,0.00,0,5.24
3884.00,2_10,0.00,224.00,615.10,178.00,1,189.29
3885.00,2_12,0.00,213.00,596.93,167.00,1,181.26
3886.00,2_11,0.00,220.00,617.75,172.00,1,182.11
3887.00,2_41,0.00,41.00,617.75,0.00,0,10.37
3976.00,2_24,0.00,232.00,596.93,189.00,1,203.44
3978.00,2_32,0.00,186.00,617.75,141.00,1,154.10
3980.00,2_31,0.00,194.00,615.10,144.00,1,157.16
3981.00,2_25,0.00,231.00,596.93,184.00,1,197.68
3981.00,2_33,0.00,183.00,617.75,137.00,1,148.90
3982.00,2_35,0.00,172.00,615.10,122.00,1,138.77
3982.00,2_37,0.00,160.00,617.75,114.00,1,132.74
3983.00,2_29,0.00,209.00,596.93,163.00,1,183.47
3983.00,2_40,0.00,143.00,615.10,93.00,1,110.97
3985.00,2_51,0.00,79.00,615.10,27.00,1,45.74
3986.00,2_38,0.00,158.00,596.93,108.00,1,125.02
3986.00,2_43,0.00,128.00,617.75,80.00,1,95.20
3986.00,2_56,0.00,50.00,615.10,2.00,1,21.24
3990.00,2_59,0.00,36.00,615.10,0.00,0,7.85
3991.00,2_47,0.00,109.00,617.75,55.00,1,71.73
3992.00,2_46,0.00,116.00,596.93,64.00,1,83.48
3992.00,2_57,0.00,50.00,617.75,0.00,0,16.64
3993.00,2_44,0.00,129.00,596.93,72.00,1,86.83
3994.00,2_48,0.00,106.00,596.93,54.00,1,77.62
3996.00,2_55,0.00,66.00,596.93,13.00,1,32.94
4011.00,2_61,0.00,45.00,617.75,0.00,0,9.29
4037.00,2_66,0.00,41.00,617.75,0.00,0,9.31
4046.00,2_27,0.00,284.00,596.93,238.00,1,249.58
4046.00,2_30,0.00,266.00,615.10,220.00,1,232.94
4048.00,2_42,0.00,196.00,617.75,148.00,1,160.68
4048.00,2_64,0.00,64.00,615.10,15.00,1,31.53
4049.00,2_28,0.00,281.00,596.93,233.00,1,247.55
4049.00,2_45,0.00,179.00,617.75,134.00,1,147.37
4051.00,2_54,0.00,127.00,617.75,81.00,1,95.16
4053.00,2_34,0.00,249.00,596.93,197.00,1,211.59
4054.00,2_65,0.00,64.00,617.75,15.00,1,29.34
4055.00,2_39,0.00,221.00,596.93,171.00,1,187.91
4056.00,2_50,0.00,156.00,596.93,105.00,1,123.02
4058.00,2_62,0.00,86.00,596.93,35.00,1,53.89
4065.00,2_71,0.00,39.00,617.75,0.00,0,8.51
4073.00,2_49,0.00,179.00,596.93,138.00,1,152.05
4074.00,2_52,0.00,162.00,617.75,119.00,1,132.00
4074.00,2_53,0.00,156.00,615.10,113.00,1,127.68
4077.00,2_68,0.00,69.00,596.93,22.00,1,36.77
4078.00,2_58,0.00,130.00,617.75,84.00,1,95.96
4078.00,2_70,0.00,58.00,615.10,8.00,2,22.95
4084.00,2_75,0.00,34.00,615.10,0.00,0,6.29
4106.00,2_78,0.00,38.00,596.93,0.00,0,11.03
4137.00,2_82,0.00,45.00,596.93,0.00,0,8.92
4161.00,2_87,0.00,39.00,615.10,0.00,0,5.20
4162.00,2_60,0.00,202.00,615.10,156.00,1,171.88
4162.00,2_63,0.00,184.00,596.93,139.00,1,153.73
4164.00,2_73,0.00,126.00,596.93,81.00,1,96.50
4165.00,2_88,0.00,37.00,615.10,0.00,0,5.37
4170.00,2_81,0.00,84.00,596.93,33.00,1,48.01
4174.00,2_83,0.00,76.00,596.93,21.00,1,38.03
4182.00,2_90,0.00,42.00,596.93,0.00,0,8.48
4182.00,2_91,0.00,36.00,615.10,0.00,0,4.83
4189.00,2_92,0.00,37.00,615.10,0.00,0,5.62
4214.00,2_95,0.00,44.00,617.75,0.00,0,7.01
4216.00,2_72,0.00,184.00,617.75,142.00,1,154.39
4217.00,2_69,0.00,203.00,615.10,160.00,1,172.45
4217.00,2_76,0.00,161.00,596.93,120.00,1,132.70
4218.00,2_67,0.00,216.00,615.10,170.00,1,183.20
4219.00,2_80,0.00,139.00,596.93,95.00,1,111.25
4219.00,2_85,0.00,109.00,615.10,60.00,1,77.25
4221.00,2_84,0.00,117.00,617.75,69.00,1,81.23
4225.00,2_93,0.00,67.00,596.93,18.00,1,33.19
4227.00,2_94,0.00,63.00,596.93,14.00,1,35.14
4231.00,2_99,0.00,37.00,617.75,0.00,0,8.37
4265.00,2_79,0.00,191.00,615.10,150.00,1,163.03
4266.00,2_74,0.00,222.00,615.10,180.00,1,195.02
4268.00,2_97,0.00,86.00,617.75,41.00,1,53.13
4268.00,2_100,0.00,68.00,615.10,24.00,1,38.84
4270.00,2_77,0.00,208.00,596.93,160.00,1,175.23
4271.00,2_101,0.00,65.00,615.10,15.00,1,27.78
4273.00,2_98,0.00,85.00,596.93,36.00,1,51.19
4275.00,2_106,0.00,39.00,596.93,0.00,0,9.67
4289.00,2_107,0.00,47.00,617.75,0.00,0,6.39
4356.00,2_86,0.00,240.00,596.93,193.00,1,206.03
4357.00,2_112,0.00,85.00,615.10,38.00,1,51.95
4359.00,2_89,0.00,225.00,617.75,177.00,1,187.79
4359.00,2_105,0.00,129.00,596.93,81.00,1,94.74
4360.00,2_102,0.00,148.00,617.75,101.00,1,114.85
4361.00,2_113,0.00,83.00,596.93,36.00,1,51.81
4363.00,2_109,0.00,109.00,617.75,58.00,1,72.58
4368.00,2_111,0.00,102.00,617.75,46.00,1,61.71
4380.00,2_96,0.00,204.00,596.93,161.00,1,176.25
4380.00,2_120,0.00,60.00,615.10,18.00,1,32.76
4382.00,2_117,0.00,80.00,615.10,33.00,1,46.10
4382.00,2_122,0.00,50.00,617.75,7.00,1,22.21
4384.00,2_103,0.00,166.00,596.93,120.00,1,133.04
4386.00,2_118,0.00,78.00,596.93,32.00,1,48.30
4390.00,2_125,0.00,40.00,617.75,0.00,0,9.82
4402.00,2_127,0.00,40.00,617.75,0.00,0,6.95
4410.00,2_108,0.00,162.00,617.75,119.00,1,132.81
4411.00,2_104,0.00,187.00,596.93,141.00,1,154.14
4412.00,2_116,0.00,116.00,605.00,71.00,1,83.04
4413.00,2_114,0.00,129.00,596.93,84.00,1,96.32
4415.00,2_110,0.00,155.00,617.75,108.00,1,122.61
4415.00,2_115,0.00,125.00,596.93,79.00,1,94.17
4415.00,2_119,0.00,101.00,615.10,51.00,1,64.10
4417.00,2_124,0.00,73.00,615.10,25.00,1,40.25
4417.00,2_128,0.00,49.00,596.93,3.00,1,19.85
4420.00,2_129,0.00,46.00,596.93,0.00,0,14.41
4430.00,2_131,0.00,44.00,617.75,0.00,0,8.49
4441.00,2_133,0.00,43.00,617.75,0.00,0,6.30
4454.00,2_136,0.00,38.00,596.93,0.00,0,8.62
4471.00,2_121,0.00,145.00,615.10,100.00,1,110.73
4475.00,2_135,0.00,65.00,596.93,15.00,1,25.80
4498.00,2_142,0.00,46.00,596.93,0.00,0,8.61
4527.00,2_147,0.00,45.00,596.93,0.00,0,8.87
4566.00,2_126,0.00,210.00,596.93,167.00,1,181.59
4569.00,2_137,0.00,147.00,596.93,101.00,1,117.01
4570.00,2_123,0.00,232.00,617.75,184.00,1,195.55
4572.00,2_130,0.00,192.00,617.75,145.00,1,161.87
4573.00,2_141,0.00,127.00,596.93,80.00,1,93.59
4574.00,2_134,0.00,170.00,617.75,121.00,1,134.13
4574.00,2_144,0.00,110.00,586.83,64.00,1,81.11
4575.00,2_143,0.00,117.00,617.75,70.00,1,88.07
4576.00,2_148,0.00,88.00,596.93,41.00,1,61.17
4577.00,2_145,0.00,107.00,617.75,59.00,1,75.32
4580.00,2_153,0.00,62.00,617.75,13.00,1,31.80
4581.00,2_155,0.00,51.00,617.75,2.00,1,21.82
4603.00,2_161,0.00,37.00,615.10,0.00,0,5.80
4622.00,2_164,0.00,38.00,596.93,0.00,0,9.51
4632.00,2_165,0.00,42.00,596.93,0.00,0,8.39
4638.00,2_166,0.00,42.00,586.83,0.00,0,8.89
4647.00,2_150,0.00,147.00,615.10,103.00,1,116.74
4648.00,2_146,0.00,172.00,596.93,128.00,1,139.63
4649.00,2_132,0.00,257.00,617.75,211.00,1,224.01
4649.00,2_163,0.00,71.00,615.10,25.00,2,41.24
4651.00,2_152,0.00,139.00,617.75,90.00,1,105.23
4651.00,2_168,0.00,43.00,615.10,0.00,0,11.65
4685.00,2_154,0.00,161.00,615.10,117.00,1,133.44
4687.00,2_157,0.00,145.00,615.10,98.00,1,115.92
4688.00,2_138,0.00,260.00,617.75,213.00,1,224.31
4689.00,2_140,0.00,249.00,615.10,199.00,1,210.98
4690.00,2_172,0.00,58.00,615.10,4.00,1,24.95
4690.00,2_175,0.00,40.00,615.10,0.00,0,10.22
4692.00,2_139,0.00,258.00,617.75,207.00,1,218.30
4694.00,2_149,0.00,200.00,617.75,148.00,1,163.81
4695.00,2_151,0.00,189.00,617.75,140.00,1,159.13
4697.00,2_156,0.00,161.00,617.75,111.00,1,126.96
4699.00,2_158,0.00,151.00,617.75,101.00,1,124.09
4702.00,2_170,0.00,82.00,617.75,31.00,1,51.81
4734.00,2_182,0.00,42.00,596.93,0.00,0,8.47
4739.00,2_159,0.00,185.00,615.10,139.00,1,154.65
4740.00,2_160,0.00,180.00,617.75,135.00,1,146.30
4741.00,2_167,0.00,139.00,615.10,91.00,1,101.64
4742.00,2_162,0.00,170.00,617.75,125.00,1,137.07
4742.00,2_171,0.00,116.00,596.93,68.00,1,83.13
4742.00,2_184,0.00,38.00,615.10,0.00,0,6.41
4744.00,2_173,0.00,106.00,615.10,54.00,1,66.59
4766.00,2_189,0.00,32.00,615.10,0.00,0,6.20
4792.00,2_192,0.00,40.00,617.75,0.00,0,7.83
4793.00,2_191,0.00,47.00,596.93,0.00,0,8.54
4809.00,2_176,0.00,153.00,615.10,109.00,1,124.04
4810.00,2_169,0.00,196.00,615.10,152.00,1,163.52
4811.00,2_178,0.00,143.00,615.10,96.00,1,108.56
4813.00,2_186,0.00,97.00,615.10,46.00,1,66.17
4815.00,2_185,0.00,105.00,617.75,55.00,1,67.10
4818.00,2_196,0.00,42.00,615.10,0.00,0,5.16
4819.00,2_197,0.00,37.00,615.10,0.00,0,6.20
4849.00,2_201,0.00,43.00,596.93,0.00,0,8.14
4855.00,2_203,0.00,37.00,617.75,0.00,0,10.37
4900.00,2_210,0.00,40.00,617.75,0.00,0,8.22
4930.00,2_177,0.00,268.00,615.10,227.00,1,239.27
4931.00,2_179,0.00,257.00,615.10,215.00,1,226.39
4931.00,2_190,0.00,191.00,596.93,147.00,1,166.09
4933.00,2_174,0.00,289.00,617.75,244.00,1,255.72
4933.00,2_187,0.00,211.00,615.10,163.00,1,180.35
4935.00,2_180,0.00,255.00,615.10,209.00,1,221.07
4936.00,2_195,0.00,166.00,605.00,118.00,1,136.72
4937.00,2_181,0.00,251.00,617.75,204.00,1,219.26
4938.00,2_200,0.00,138.00,596.93,89.00,1,102.38
4938.00,2_204,0.00,114.00,615.10,63.00,1,80.56
4939.00,2_183,0.00,241.00,617.75,193.00,1,208.32
4939.00,2_209,0.00,85.00,615.10,36.00,2,56.77
4940.00,2_206,0.00,104.00,615.10,57.00,1,72.46
4942.00,2_208,0.00,94.00,596.93,42.00,1,57.50
4944.00,2_214,0.00,60.00,615.10,6.00,1,23.09
4957.00,2_218,0.00,49.00,596.93,0.00,0,8.15
4986.00,2_225,0.00,36.00,615.10,0.00,0,5.35
4997.00,2_226,0.00,41.00,596.93,0.00,0,9.06
5004.00,2_202,0.00,192.00,615.10,150.00,1,163.28
5007.00,2_188,0.00,279.00,596.93,234.00,1,245.35
5007.00,2_215,0.00,117.00,605.00,69.00,1,81.79
5008.00,2_193,0.00,250.00,596.93,205.00,1,219.32
5009.00,2_216,0.00,113.00,615.10,68.00,1,83.50
5010.00,2_198,0.00,222.00,596.93,177.00,1,194.52
5011.00,2_223,0.00,73.00,586.83,28.00,1,45.68
5013.00,2_221,0.00,87.00,617.75,37.00,1,51.24
5018.00,2_229,0.00,44.00,596.93,0.00,0,8.03
5025.00,2_231,0.00,39.00,615.10,0.00,0,5.26
5032.00,2_232,0.00,40.00,596.93,0.00,0,9.47
5069.00,2_238,0.00,41.00,615.10,0.00,0,4.50
5077.00,2_240,0.00,37.00,615.10,0.00,0,5.53
5113.00,2_194,0.00,349.00,617.75,301.00,1,309.34
5116.00,2_207,0.00,274.00,615.10,234.00,1,247.55
5117.00,2_246,0.00,41.00,615.10,0.00,0,14.70
5120.00,2_205,0.00,290.00,596.93,243.00,1,256.58
5121.00,2_199,0.00,327.00,617.75,277.00,2,291.02
5121.00,2_217,0.00,219.00,596.93,172.00,1,190.67
5124.00,2_211,0.00,258.00,617.75,206.00,1,220.05
5125.00,2_212,0.00,253.00,617.75,201.00,1,218.92
5127.00,2_213,0.00,249.00,617.75,195.00,1,215.35
5129.00,2_248,0.00,41.00,615.10,0.00,0,11.59
5130.00,2_220,0.00,210.00,617.75,157.00,1,180.81
5134.00,2_219,0.00,220.00,617.75,159.00,1,177.45
5135.00,2_241,0.00,89.00,617.75,33.00,1,56.89
5139.00,2_250,0.00,39.00,596.93,0.00,0,9.60
5152.00,2_224,0.00,208.00,615.10,167.00,1,181.51
5153.00,2_222,0.00,221.00,596.93,177.00,1,189.20
5153.00,2_252,0.00,41.00,615.10,0.00,0,13.09
5155.00,2_228,0.00,187.00,617.75,140.00,1,155.29
5155.00,2_230,0.00,175.00,596.93,130.00,1,144.22
5157.00,2_235,0.00,147.00,617.75,99.00,1,112.86
5157.00,2_251,0.00,51.00,596.93,7.00,1,20.42
5160.00,2_236,0.00,144.00,617.75,96.00,1,110.12
5162.00,2_239,0.00,128.00,617.75,79.00,1,92.93
5165.00,2_243,0.00,107.00,607.65,58.00,1,74.13
5186.00,2_257,0.00,44.00,617.75,0.00,0,8.28
5227.00,2_227,0.00,265.00,596.93,223.00,1,233.62
5228.00,2_233,0.00,230.00,617.75,185.00,1,197.90
5230.00,2_234,0.00,226.00,596.93,181.00,1,194.67
5231.00,2_242,0.00,179.00,617.75,133.00,1,148.02
5232.00,2_245,0.00,162.00,617.75,117.00,1,131.69
5233.00,2_237,0.00,211.00,596.93,165.00,1,178.54
5235.00,2_244,0.00,171.00,596.93,122.00,1,138.76
5235.00,2_253,0.00,117.00,617.75,69.00,1,87.58
5237.00,2_259,0.00,83.00,617.75,37.00,1,55.47
5240.00,2_260,0.00,80.00,617.75,31.00,1,48.34
5244.00,2_266,0.00,48.00,617.75,0.00,0,15.09
5254.00,2_247,0.00,172.00,617.75,128.00,1,140.17
5254.00,2_249,0.00,160.00,596.93,116.00,1,126.24
5256.00,2_267,0.00,54.00,617.75,0.00,0,5.59
5258.00,2_261,0.00,92.00,596.93,45.00,1,56.61
5260.00,2_262,0.00,88.00,596.93,38.00,1,53.42
5262.00,2_269,0.00,48.00,596.93,0.00,0,18.64
5267.00,2_271,0.00,41.00,617.75,0.00,0,8.45
5305.00,2_278,0.00,37.00,615.10,0.00,0,5.75
5313.00,2_254,0.00,189.00,596.93,148.00,1,161.70
5316.00,2_256,0.00,180.00,617.75,136.00,1,149.57
5317.00,2_263,0.00,139.00,615.10,92.00,1,105.07
5318.00,2_270,0.00,98.00,615.10,52.00,1,66.14
5319.00,2_276,0.00,63.00,615.10,12.00,1,27.77
5321.00,2_255,0.00,191.00,596.93,141.00,1,153.02
5322.00,2_258,0.00,174.00,596.93,126.00,1,146.48
5324.00,2_264,0.00,140.00,596.93,91.00,1,110.90
5326.00,2_268,0.00,118.00,596.93,68.00,1,86.81
5326.00,2_281,0.00,40.00,617.75,0.00,0,10.11
5353.00,2_286,0.00,37.00,615.10,0.00,0,4.99
5362.00,2_265,0.00,172.00,596.93,128.00,1,141.16
5362.00,2_272,0.00,130.00,615.10,87.00,1,100.31
5365.00,2_275,0.00,115.00,617.75,68.00,1,78.92
5365.00,2_287,0.00,43.00,596.93,0.00,0,11.09
5366.00,2_288,0.00,38.00,615.10,0.00,0,6.86
5367.00,2_283,0.00,69.00,617.75,21.00,1,34.81
5375.00,2_289,0.00,41.00,596.93,0.00,0,8.74
5378.00,2_274,0.00,134.00,596.93,92.00,1,104.64
5380.00,2_273,0.00,142.00,617.75,97.00,1,110.79
5380.00,2_279,0.00,106.00,615.10,62.00,1,75.11
5382.00,2_280,0.00,102.00,596.93,57.00,1,71.27
5384.00,2_277,0.00,122.00,617.75,74.00,1,85.93
5384.00,2_282,0.00,92.00,615.10,40.00,2,54.97
5384.00,2_284,0.00,80.00,615.10,33.00,1,46.76
5384.00,2_290,0.00,44.00,596.93,0.00,0,17.19
5386.00,2_285,0.00,76.00,617.75,29.00,1,43.69
5400.00,2_293,0.00,42.00,617.75,0.00,0,7.96
5412.00,2_295,0.00,42.00,615.10,0.00,0,4.76
5450.00,2_302,0.00,38.00,615.10,0.00,0,6.10
5467.00,2_292,0.00,115.00,615.10,69.00,1,82.02
5467.00,2_296,0.00,91.00,615.10,45.00,1,56.73
5468.00,2_298,0.00,80.00,617.75,32.00,1,44.51
5471.00,2_305,0.00,41.00,617.75,0.00,0,9.41
5483.00,2_307,0.00,41.00,617.75,0.00,0,8.10
5493.00,2_309,0.00,39.00,615.10,0.00,0,5.47
5510.00,2_311,0.00,44.00,596.93,0.00,0,8.24
5525.00,2_291,0.00,179.00,617.75,133.00,1,146.66
5525.00,2_294,0.00,161.00,615.10,118.00,1,129.75
5525.00,2_304,0.00,101.00,615.10,56.00,1,69.30
5527.00,2_312,0.00,55.00,615.10,10.00,1,23.56
5530.00,2_297,0.00,148.00,596.93,98.00,1,109.87
5531.00,2_301,0.00,125.00,596.93,79.00,1,96.14
5537.00,2_316,0.00,41.00,596.93,0.00,0,9.55
5541.00,2_317,0.00,39.00,615.10,0.00,0,5.19
5565.00,2_321,0.00,39.00,615.10,0.00,0,5.29
5571.00,2_299,0.00,177.00,596.93,134.00,1,147.68
5573.00,2_300,0.00,173.00,596.93,129.00,1,144.92
5573.00,2_310,0.00,113.00,615.10,66.00,1,79.47
5574.00,2_303,0.00,156.00,615.10,106.00,1,120.15
5576.00,2_306,0.00,140.00,596.93,94.00,1,107.52
5599.00,2_326,0.00,43.00,617.75,0.00,0,7.11
5614.00,2_328,0.00,46.00,617.75,0.00,0,7.67
5620.00,2_329,0.00,46.00,596.93,0.00,0,9.11
5648.00,2_334,0.00,44.00,617.75,0.00,0,7.30
5656.00,2_336,0.00,40.00,617.75,0.00,0,7.31
5669.00,2_338,0.00,41.00,596.93,0.00,0,9.11
5678.00,2_308,0.00,230.00,617.75,187.00,1,201.53
5678.00,2_327,0.00,116.00,615.10,72.00,1,86.03
5679.00,2_315,0.00,189.00,596.93,146.00,1,160.51
5681.00,2_314,0.00,197.00,615.10,150.00,1,160.98
5683.00,2_322,0.00,151.00,596.93,105.00,1,119.10
5686.00,2_313,0.00,208.00,617.75,157.00,1,168.26
5686.00,2_320,0.00,166.00,617.75,117.00,1,136.24
5686.00,2_323,0.00,148.00,596.93,100.00,1,115.57
5689.00,2_325,0.00,139.00,617.75,88.00,1,104.76
5689.00,2_335,0.00,79.00,596.93,30.00,1,46.00
5691.00,2_341,0.00,45.00,617.75,0.00,0,11.00
5736.00,2_350,0.00,36.00,615.10,0.00,0,5.50
5762.00,2_318,0.00,254.00,596.93,208.00,1,221.26
5763.00,2_343,0.00,105.00,615.10,57.00,2,75.55
5764.00,2_319,0.00,250.00,607.65,202.00,1,214.85
5765.00,2_324,0.00,221.00,615.10,172.00,1,182.91
5766.00,2_344,0.00,102.00,615.10,56.00,1,73.35
5767.00,2_337,0.00,145.00,617.75,97.00,1,110.84
5767.00,2_346,0.00,91.00,615.10,36.00,1,61.30
5770.00,2_353,0.00,52.00,617.75,3.00,1,20.44
5778.00,2_356,0.00,42.00,596.93,0.00,0,9.03
5786.00,2_358,0.00,38.00,617.75,0.00,0,7.51
5801.00,2_360,0.00,41.00,596.93,0.00,0,8.72
5815.00,2_363,0.00,37.00,615.10,0.00,0,5.17
5825.00,2_330,0.00,245.00,615.10,204.00,1,219.01
5826.00,2_332,0.00,234.00,615.10,190.00,1,204.03
5827.00,2_331,0.00,241.00,615.10,196.00,1,210.04
5830.00,2_333,0.00,232.00,596.93,185.00,1,198.47
5830.00,2_348,0.00,142.00,615.10,92.00,1,108.11
5831.00,2_340,0.00,191.00,617.75,144.00,1,155.87
5833.00,2_342,0.00,181.00,596.93,131.00,1,146.34
5835.00,2_354,0.00,111.00,596.93,63.00,1,79.76
5836.00,2_355,0.00,106.00,596.93,58.00,1,77.87
5843.00,2_359,0.00,89.00,596.93,34.00,1,51.69
5850.00,2_369,0.00,36.00,615.10,0.00,0,5.74
5899.00,2_339,0.00,265.00,615.10,217.00,1,230.62
5899.00,2_345,0.00,229.00,617.75,183.00,1,195.27
5901.00,2_349,0.00,207.00,596.93,161.00,1,172.10
5902.00,2_347,0.00,220.00,617.75,172.00,1,187.08
5902.00,2_370,0.00,82.00,596.93,34.00,1,52.17
5903.00,2_351,0.00,197.00,617.75,151.00,1,165.79
5905.00,2_352,0.00,193.00,617.75,146.00,1,166.23
5909.00,2_361,0.00,143.00,617.75,91.00,1,108.91
5912.00,2_376,0.00,56.00,617.75,4.00,1,23.53
5943.00,2_384,0.00,39.00,596.93,0.00,0,9.74
5949.00,2_385,0.00,39.00,617.75,0.00,0,8.58
5963.00,2_375,0.00,113.00,615.10,68.00,1,80.60
5964.00,2_357,0.00,222.00,615.10,175.00,1,187.44
5965.00,2_362,0.00,193.00,596.93,147.00,1,162.40
5965.00,2_366,0.00,169.00,617.75,122.00,1,133.79
5966.00,2_372,0.00,134.00,617.75,88.00,1,101.48
5967.00,2_379,0.00,93.00,615.10,40.00,1,57.03
5968.00,2_377,0.00,106.00,617.75,60.00,1,75.91
5968.00,2_380,0.00,88.00,615.10,38.00,2,60.88
5969.00,2_368,0.00,161.00,596.93,112.00,1,126.00
5970.00,2_382,0.00,78.00,615.10,29.00,1,46.65
5970.00,2_386,0.00,54.00,615.10,4.00,2,23.16
5971.00,2_373,0.00,133.00,596.93,85.00,1,99.95
5973.00,2_374,0.00,129.00,596.93,81.00,1,99.91
5982.00,2_390,0.00,42.00,617.75,0.00,0,9.53
5989.00,2_392,0.00,37.00,617.75,0.00,0,9.36
5999.00,2_393,0.00,41.00,617.75,0.00,0,7.43
6036.00,2_399,0.00,42.00,617.75,0.00,0,7.79
6042.00,2_400,0.00,42.00,586.83,0.00,0,8.32
6050.00,2_367,0.00,248.00,615.10,202.00,1,214.04
6051.00,2_364,0.00,267.00,596.93,219.00,1,230.88
6051.00,2_365,0.00,261.00,607.65,213.00,1,225.19
6052.00,2_371,0.00,226.00,617.75,181.00,1,196.73
6052.00,2_387,0.00,130.00,605.00,79.00,2,95.06
6073.00,2_405,0.00,43.00,615.10,0.00,0,5.31
6104.00,2_411,0.00,38.00,615.10,0.00,0,5.78
6113.00,2_412,0.00,41.00,596.93,0.00,0,8.76
6123.00,2_413,0.00,45.00,617.75,0.00,0,7.06
6143.00,2_417,0.00,41.00,617.75,0.00,0,8.90
6152.00,2_418,0.00,44.00,596.93,0.00,0,7.95
6170.00,2_381,0.00,284.00,596.93,241.00,1,252.57
6172.00,2_378,0.00,304.00,617.75,258.00,1,270.14
6173.00,2_389,0.00,239.00,615.10,189.00,1,203.69
6173.00,2_397,0.00,191.00,596.93,146.00,1,158.66
6174.00,2_383,0.00,276.00,617.75,230.00,1,246.74
6175.00,2_415,0.00,85.00,596.93,38.00,1,53.08
6177.00,2_421,0.00,51.00,596.93,4.00,1,20.39
6178.00,2_423,0.00,40.00,596.93,0.00,0,13.41
6179.00,2_388,0.00,251.00,617.75,200.00,1,214.69
6180.00,2_391,0.00,234.00,617.75,185.00,1,202.42
6182.00,2_401,0.00,176.00,617.75,125.00,1,144.14
6184.00,2_410,0.00,124.00,617.75,74.00,1,91.72
6189.00,2_422,0.00,57.00,617.75,1.00,1,19.20
6201.00,2_427,0.00,39.00,596.93,0.00,0,8.88
6214.00,2_429,0.00,40.00,617.75,0.00,0,7.12
6238.00,2_432,0.00,46.00,617.75,0.00,0,8.88
6246.00,2_395,0.00,276.00,596.93,235.00,1,248.00
6248.00,2_394,0.00,284.00,617.75,239.00,1,251.85
6248.00,2_425,0.00,98.00,615.10,53.00,1,65.94
6250.00,2_396,0.00,274.00,596.93,229.00,1,242.24
6250.00,2_416,0.00,154.00,617.75,108.00,1,123.32
6252.00,2_398,0.00,264.00,596.93,218.00,1,232.80
6255.00,2_430,0.00,75.00,617.75,29.00,1,43.88
6256.00,2_403,0.00,238.00,596.93,190.00,1,203.73
6257.00,2_419,0.00,143.00,617.75,90.00,1,102.90
6258.00,2_407,0.00,216.00,596.93,165.00,1,183.14
6280.00,2_440,0.00,40.00,617.75,0.00,0,7.66
6284.00,2_441,0.00,38.00,596.93,0.00,0,9.84
6290.00,2_402,0.00,278.00,596.93,237.00,1,249.03
6293.00,2_404,0.00,269.00,615.10,222.00,1,233.70
6293.00,2_406,0.00,257.00,596.93,213.00,1,226.41
6294.00,2_408,0.00,246.00,617.75,197.00,1,211.29
6296.00,2_414,0.00,212.00,617.75,165.00,1,178.70
6296.00,2_420,0.00,176.00,596.93,129.00,1,143.88
6297.00,2_409,0.00,243.00,615.10,192.00,1,203.71
6297.00,2_431,0.00,111.00,615.10,66.00,1,82.81
6298.00,2_424,0.00,154.00,617.75,106.00,1,121.91
6299.00,2_426,0.00,143.00,615.10,91.00,2,112.16
6299.00,2_438,0.00,71.00,596.93,24.00,1,38.48
6300.00,2_433,0.00,102.00,615.10,51.00,1,70.66
6331.00,2_449,0.00,37.00,596.93,0.00,0,10.14
6345.00,2_450,0.00,45.00,617.75,0.00,0,7.22
6362.00,2_453,0.00,44.00,617.75,0.00,0,8.03
6369.00,2_455,0.00,39.00,596.93,0.00,0,9.53
6408.00,2_428,0.00,240.00,596.93,193.00,1,206.36
6409.00,2_439,0.00,175.00,615.10,127.00,1,142.04
6410.00,2_460,0.00,50.00,615.10,0.00,0,17.74
6411.00,2_434,0.00,207.00,617.75,157.00,1,169.64
6411.00,2_443,0.00,153.00,615.10,104.00,1,119.28
6412.00,2_435,0.00,202.00,617.75,155.00,1,174.12
6414.00,2_436,0.00,198.00,617.75,150.00,1,168.42
6416.00,2_447,0.00,134.00,617.75,86.00,1,103.59
6431.00,2_465,0.00,41.00,596.93,0.00,0,8.25
6458.00,2_437,0.00,236.00,615.10,192.00,1,204.49
6459.00,2_442,0.00,207.00,617.75,160.00,1,173.17
6459.00,2_451,0.00,153.00,596.93,109.00,1,123.27
6460.00,2_444,0.00,196.00,615.10,147.00,1,160.59
6460.00,2_456,0.00,124.00,615.10,77.00,2,94.79
6462.00,2_454,0.00,138.00,617.75,90.00,1,103.35
6462.00,2_459,0.00,108.00,615.10,63.00,1,78.63
6463.00,2_457,0.00,121.00,596.93,74.00,1,88.34
6466.00,2_463,0.00,88.00,617.75,40.00,1,54.08
6466.00,2_464,0.00,82.00,596.93,33.00,1,49.12
6510.00,2_445,0.00,240.00,617.75,197.00,1,209.58
6510.00,2_452,0.00,198.00,615.10,155.00,1,168.74
6513.00,2_466,0.00,117.00,615.10,69.00,1,84.76
6514.00,2_448,0.00,226.00,596.93,175.00,1,185.74
6514.00,2_472,0.00,82.00,615.10,35.00,1,50.49
6515.00,2_462,0.00,143.00,596.93,95.00,1,109.01
6516.00,2_446,0.00,240.00,617.75,190.00,1,202.28
6517.00,2_458,0.00,169.00,617.75,122.00,1,141.21
6517.00,2_477,0.00,55.00,596.93,9.00,1,27.95
6519.00,2_471,0.00,93.00,617.75,46.00,1,63.21
6520.00,2_469,0.00,106.00,596.93,52.00,1,65.86
6549.00,2_468,0.00,141.00,615.10,97.00,1,111.20
6550.00,2_474,0.00,106.00,617.75,60.00,1,72.34
6550.00,2_478,0.00,82.00,615.10,34.00,2,54.01
6551.00,2_461,0.00,185.00,615.10,136.00,1,150.26
6551.00,2_467,0.00,149.00,596.93,104.00,1,116.70
6553.00,2_470,0.00,133.00,596.93,88.00,1,102.42
6553.00,2_476,0.00,97.00,617.75,50.00,1,62.87
6555.00,2_486,0.00,39.00,615.10,0.00,0,7.11
6557.00,2_482,0.00,65.00,617.75,14.00,1,26.96
6558.00,2_479,0.00,84.00,596.93,31.00,1,48.08
6560.00,2_481,0.00,74.00,596.93,22.00,1,39.55
6562.00,2_483,0.00,64.00,596.93,13.00,1,34.06
6582.00,2_490,0.00,42.00,617.75,0.00,0,8.70
6589.00,2_492,0.00,37.00,615.10,0.00,0,5.93
6612.00,2_495,0.00,42.00,617.75,0.00,0,7.86
6648.00,2_502,0.00,36.00,615.10,0.00,0,5.28
6665.00,2_473,0.00,227.00,615.10,181.00,1,197.73
6665.00,2_475,0.00,215.00,596.93,173.00,1,186.53
6665.00,2_494,0.00,101.00,615.10,54.00,1,69.12
6666.00,2_480,0.00,186.00,617.75,139.00,1,152.77
6667.00,2_491,0.00,121.00,617.75,77.00,1,96.09
6667.00,2_500,0.00,67.00,615.10,19.00,1,34.63
6669.00,2_501,0.00,63.00,596.93,18.00,1,32.92
6672.00,2_493,0.00,114.00,617.75,65.00,1,79.37
6675.00,2_506,0.00,39.00,615.10,0.00,0,5.38
6687.00,2_508,0.00,39.00,596.93,0.00,0,9.94
6717.00,2_512,0.00,45.00,596.93,0.00,0,8.69
6723.00,2_514,0.00,39.00,615.10,0.00,0,5.50
6735.00,2_515,0.00,45.00,617.75,0.00,0,7.67
6760.00,2_520,0.00,40.00,617.75,0.00,0,7.99
6777.00,2_484,0.00,273.00,596.93,229.00,1,243.91
6778.00,2_498,0.00,190.00,617.75,146.00,1,159.48
6779.00,2_505,0.00,149.00,615.10,106.00,1,118.92
6780.00,2_517,0.00,78.00,615.10,30.00,1,46.79
6781.00,2_487,0.00,259.00,615.10,208.00,1,220.34
6783.00,2_485,0.00,273.00,596.93,223.00,1,235.76
6784.00,2_507,0.00,142.00,617.75,92.00,1,108.42
6785.00,2_496,0.00,209.00,596.93,159.00,1,174.22
6786.00,2_497,0.00,204.00,596.93,156.00,1,175.81
6786.00,2_509,0.00,132.00,617.75,84.00,1,97.61
6788.00,2_503,0.00,170.00,596.93,121.00,1,137.67
6788.00,2_518,0.00,80.00,617.75,30.00,1,47.19
6793.00,2_504,0.00,169.00,596.93,115.00,1,133.37
6809.00,2_489,0.00,275.00,615.10,231.00,1,245.59
6810.00,2_488,0.00,282.00,615.10,237.00,1,250.42
6811.00,2_510,0.00,151.00,586.83,109.00,1,122.78
6811.00,2_511,0.00,145.00,615.10,101.00,1,114.33
6812.00,2_522,0.00,80.00,615.10,30.00,1,47.53
6813.00,2_499,0.00,219.00,617.75,170.00,1,180.61
6813.00,2_523,0.00,75.00,596.93,30.00,1,44.68
6815.00,2_513,0.00,137.00,617.75,91.00,1,104.69
6818.00,2_529,0.00,44.00,615.10,0.00,0,10.32
6819.00,2_516,0.00,123.00,617.75,72.00,1,86.63
6846.00,2_534,0.00,42.00,615.10,0.00,0,4.85
6849.00,2_535,0.00,39.00,617.75,0.00,0,10.29
6899.00,2_542,0.00,47.00,615.10,0.00,0,5.30
6913.00,2_524,0.00,169.00,615.10,125.00,1,138.96
6914.00,2_533,0.00,116.00,617.75,73.00,1,86.51
6915.00,2_519,0.00,201.00,615.10,156.00,1,166.90
6915.00,2_521,0.00,189.00,596.93,144.00,1,159.95
6916.00,2_527,0.00,154.00,596.93,111.00,1,126.23
6916.00,2_536,0.00,100.00,615.10,54.00,1,69.03
6919.00,2_540,0.00,79.00,617.75,31.00,1,47.72
6921.00,2_539,0.00,87.00,596.93,39.00,1,54.72
6921.00,2_544,0.00,57.00,617.75,11.00,1,24.82
6924.00,2_541,0.00,78.00,596.93,28.00,1,45.77
6927.00,2_548,0.00,39.00,615.10,0.00,0,5.84
6928.00,2_543,0.00,70.00,596.93,17.00,1,33.91
6935.00,2_549,0.00,41.00,596.93,0.00,0,9.29
6942.00,2_551,0.00,36.00,615.10,0.00,0,5.08
6978.00,2_556,0.00,42.00,615.10,0.00,0,5.39
6987.00,2_558,0.00,39.00,615.10,0.00,0,5.51
6997.00,2_559,0.00,43.00,596.93,0.00,0,8.15
6999.00,2_526,0.00,243.00,596.93,199.00,1,212.05
7002.00,2_525,0.00,252.00,617.75,206.00,1,216.79
7002.00,2_537,0.00,180.00,596.93,135.00,1,148.64
7004.00,2_531,0.00,218.00,617.75,170.00,1,183.54
7004.00,2_554,0.00,80.00,596.93,33.00,1,48.72
7004.00,2_561,0.00,38.00,615.10,0.00,0,6.70
7007.00,2_532,0.00,215.00,617.75,165.00,1,178.00
7011.00,2_560,0.00,51.00,615.10,7.00,1,18.17
7012.00,2_528,0.00,244.00,617.75,197.00,1,211.13
7013.00,2_552,0.00,101.00,596.93,55.00,1,68.14
7015.00,2_530,0.00,235.00,617.75,187.00,1,199.45
7016.00,2_545,0.00,146.00,615.10,90.00,1,103.04
7017.00,2_547,0.00,135.00,617.75,86.00,1,100.83
7019.00,2_557,0.00,77.00,617.75,29.00,1,46.62
7022.00,2_564,0.00,38.00,615.10,0.00,0,5.54
7055.00,2_546,0.00,179.00,615.10,135.00,1,147.54
7056.00,2_550,0.00,156.00,617.75,110.00,1,121.95
7058.00,2_555,0.00,128.00,617.75,82.00,1,93.24
7059.00,2_563,0.00,81.00,596.93,32.00,1,44.13
7060.00,2_565,0.00,70.00,617.75,23.00,1,38.65
7084.00,2_573,0.00,46.00,617.75,0.00,0,7.94
7092.00,2_567,0.00,90.00,615.10,47.00,1,61.94
7093.00,2_569,0.00,79.00,596.93,35.00,1,51.41
7094.00,2_568,0.00,86.00,617.75,40.00,1,52.01
7095.00,2_572,0.00,63.00,596.93,20.00,1,34.83
7095.00,2_574,0.00,51.00,617.75,7.00,1,23.34
7104.00,2_562,0.00,132.00,596.93,85.00,1,98.53
7104.00,2_566,0.00,108.00,615.10,62.00,1,76.44
7110.00,2_538,0.00,282.00,617.75,221.00,2,238.46
7110.00,2_553,0.00,192.00,617.75,135.00,2,157.82
7113.00,2_571,0.00,87.00,617.75,34.00,1,47.45
7115.00,2_575,0.00,65.00,617.75,15.00,1,35.39
7124.00,2_577,0.00,62.00,617.75,17.00,1,30.76
7126.00,2_570,0.00,106.00,615.10,58.00,1,70.29
7130.00,2_581,0.00,44.00,596.93,0.00,0,9.15
7144.00,2_585,0.00,34.00,615.10,0.00,0,5.50
7172.00,2_588,0.00,44.00,615.10,0.00,0,4.69
7175.00,2_589,0.00,41.00,596.93,0.00,0,9.17
7200.00,2_591,0.00,54.00,596.93,10.00,1,22.59
7203.00,2_592,0.00,51.00,596.93,6.00,1,18.48
7204.00,2_587,0.00,82.00,617.75,32.00,1,44.05
7242.00,3_3,0.00,39.00,617.75,0.00,0,8.08
7252.00,2_576,0.00,196.00,586.83,150.00,1,166.00
7253.00,2_579,0.00,179.00,615.10,135.00,1,149.30
7254.00,2_578,0.00,186.00,596.93,143.00,1,156.81
7254.00,2_580,0.00,174.00,615.10,128.00,1,140.58
7256.00,2_590,0.00,116.00,615.10,70.00,1,83.73
7256.00,2_594,0.00,92.00,615.10,44.00,2,60.26
7257.00,2_599,0.00,63.00,615.10,17.00,1,35.32
7258.00,2_596,0.00,82.00,617.75,35.00,1,49.93
7259.00,2_583,0.00,161.00,596.93,112.00,1,127.54
7260.00,2_586,0.00,144.00,596.93,99.00,1,114.99
7260.00,2_597,0.00,78.00,617.75,31.00,1,49.57
7261.00,3_12,4.00,45.00,615.10,0.00,0,11.26
7263.00,3_10,0.00,53.00,617.75,6.00,1,22.19
7267.00,3_18,1.00,48.00,596.93,0.00,0,9.81
7267.00,3_21,1.00,45.00,615.10,0.00,0,11.57
7268.00,3_11,2.00,55.00,617.75,3.00,1,20.15
7269.00,3_22,3.00,44.00,617.75,0.00,0,12.68
7272.00,3_25,3.00,44.00,617.75,0.00,0,15.17
7275.00,3_32,0.00,43.00,615.10,0.00,0,5.27
7275.00,3_34,1.00,40.00,617.75,0.00,0,8.37
7277.00,3_35,3.00,39.00,596.93,0.00,0,10.39
7280.00,3_39,2.00,39.00,617.75,0.00,0,7.70
7282.00,3_40,4.00,38.00,615.10,0.00,0,5.53
7290.00,3_46,1.00,43.00,596.93,0.00,0,9.10
7299.00,3_48,2.00,49.00,617.75,0.00,0,6.15
7300.00,3_53,0.00,47.00,607.65,0.00,0,13.19
7307.00,3_66,0.00,41.00,617.75,0.00,0,9.39
7309.00,3_72,0.00,37.00,615.10,0.00,0,5.10
7312.00,3_64,0.00,48.00,596.93,0.00,0,7.18
7318.00,3_76,2.00,40.00,615.10,0.00,0,5.22
7321.00,3_75,0.00,46.00,596.93,0.00,0,8.03
7323.00,3_80,1.00,42.00,617.75,0.00,0,7.54
7323.00,3_84,0.00,39.00,615.10,0.00,0,5.97
7328.00,3_85,2.00,41.00,596.93,0.00,0,8.29
7336.00,3_87,3.00,46.00,617.75,0.00,0,8.99
7336.00,3_88,5.00,43.00,596.93,0.00,0,9.69
7339.00,3_90,6.00,43.00,615.10,0.00,0,6.01
7340.00,3_91,8.00,41.00,617.75,0.00,0,7.72
7345.00,3_15,0.00,130.00,615.10,87.00,1,99.18
7345.00,3_16,2.00,127.00,615.10,82.00,1,96.98
7346.00,2_582,0.00,254.00,615.10,208.00,1,222.26
7347.00,2_584,0.00,243.00,596.93,200.00,1,212.69
7347.00,3_24,0.00,123.00,615.10,78.00,1,95.03
7351.00,3_0,0.00,151.00,596.93,104.00,1,118.89
7351.00,3_19,2.00,130.00,615.10,77.00,1,89.53
7352.00,3_31,0.00,121.00,617.75,72.00,1,87.80
7352.00,3_42,2.00,108.00,615.10,56.00,1,83.07
7354.00,3_41,0.00,113.00,617.75,64.00,1,78.45
7354.00,3_51,2.00,101.00,615.10,50.00,2,70.38
7354.00,3_54,2.00,98.00,615.10,50.00,1,68.44
7355.00,3_28,0.00,127.00,596.93,75.00,1,90.65
7356.00,3_57,2.00,97.00,615.10,46.00,1,60.38
7357.00,3_36,0.00,121.00,596.93,72.00,1,92.58
7358.00,3_50,0.00,108.00,596.93,60.00,1,77.40
7358.00,3_110,2.00,46.00,615.10,0.00,0,10.27
7359.00,3_79,0.00,80.00,617.75,30.00,1,46.07
7360.00,3_99,0.00,61.00,596.93,11.00,1,31.10
7362.00,3_93,0.00,69.00,617.75,15.00,1,32.77
7366.00,2_598,0.00,178.00,615.10,133.00,1,146.08
7367.00,2_593,0.00,209.00,617.75,164.00,1,175.54
7367.00,3_33,0.00,134.00,615.10,85.00,1,103.89
7368.00,3_1,0.00,167.00,617.75,122.00,1,134.47
7370.00,2_595,0.00,200.00,596.93,148.00,1,158.11
7370.00,3_38,2.00,130.00,615.10,81.00,1,97.79
7371.00,3_4,3.00,164.00,617.75,117.00,1,129.75
7371.00,3_5,5.00,161.00,596.93,115.00,1,130.99
7372.00,3_2,2.00,168.00,596.93,115.00,1,127.36
7372.00,3_52,0.00,120.00,615.10,70.00,1,88.12
7374.00,3_8,5.00,161.00,596.93,112.00,1,127.43
7374.00,3_59,0.00,115.00,615.10,64.00,1,80.83
7376.00,3_23,0.00,153.00,596.93,104.00,1,120.64
7376.00,3_44,0.00,132.00,617.75,82.00,1,99.00
7376.00,3_65,6.00,105.00,615.10,53.00,1,70.89
7377.00,3_98,2.00,77.00,615.10,29.00,1,45.42
7378.00,3_29,1.00,148.00,596.93,99.00,1,116.30
7379.00,3_27,0.00,152.00,617.75,95.00,1,107.91
7379.00,3_101,5.00,73.00,615.10,25.00,1,40.80
7380.00,3_56,0.00,124.00,617.75,71.00,1,88.63
7381.00,3_60,2.00,119.00,617.75,67.00,1,86.67
7381.00,3_104,11.00,66.00,615.10,13.00,1,36.54
7383.00,3_37,0.00,146.00,596.93,92.00,1,110.41
7383.00,3_62,6.00,115.00,617.75,63.00,1,82.86
7384.00,3_136,1.00,47.00,615.10,0.00,0,9.50
7385.00,3_61,4.00,120.00,596.93,66.00,1,86.77
7387.00,3_71,9.00,107.00,617.75,51.00,1,71.29
7388.00,3_69,5.00,114.00,596.93,58.00,1,78.51
7389.00,3_70,7.00,112.00,596.93,58.00,1,82.45
7389.00,3_81,5.00,103.00,617.75,48.00,1,66.44
7391.00,3_95,0.00,96.00,617.75,39.00,1,59.47
7392.00,3_74,9.00,109.00,596.93,51.00,1,74.98
7393.00,3_97,1.00,95.00,617.75,36.00,1,61.51
7394.00,3_86,2.00,106.00,596.93,49.00,1,75.27
7398.00,3_100,3.00,95.00,596.93,35.00,1,58.77
7398.00,3_102,7.00,89.00,617.75,28.00,1,48.97
7398.00,3_105,13.00,80.00,617.75,21.00,1,49.33
7399.00,3_160,0.00,39.00,605.00,0.00,0,8.34
7400.00,3_103,9.00,88.00,596.93,27.00,1,52.80
7400.00,3_126,0.00,74.00,617.75,17.00,1,43.10
7401.00,3_145,1.00,55.00,617.75,0.00,0,23.15
7402.00,3_128,0.00,74.00,596.93,14.00,1,41.48
7403.00,3_129,2.00,72.00,596.93,13.00,1,42.53
7403.00,3_149,0.00,54.00,617.75,0.00,0,27.12
7404.00,3_157,0.00,47.00,617.75,0.00,0,18.75
7407.00,3_132,2.00,73.00,596.93,10.00,1,40.17
7407.00,3_161,3.00,43.00,615.10,0.00,0,8.47
7408.00,3_168,2.00,38.00,615.10,0.00,0,8.67
7409.00,3_158,2.00,49.00,615.10,0.00,0,5.24
7410.00,3_140,0.00,70.00,596.93,6.00,1,36.16
7412.00,3_142,1.00,69.00,596.93,5.00,1,41.41
7412.00,3_169,4.00,39.00,617.75,0.00,0,9.68
7412.00,3_174,2.00,36.00,615.10,0.00,0,6.70
7415.00,3_159,2.00,54.00,596.93,0.00,0,20.32
7417.00,3_176,3.00,38.00,615.10,0.00,0,5.38
7418.00,3_163,4.00,51.00,596.93,0.00,0,18.23
7424.00,3_182,0.00,42.00,617.75,0.00,0,7.77
7428.00,3_183,2.00,43.00,596.93,0.00,0,8.72
7429.00,3_186,2.00,41.00,586.83,0.00,0,12.34
7429.00,3_193,2.00,34.00,615.10,0.00,0,5.63
7434.00,3_192,0.00,42.00,617.75,0.00,0,10.42
7450.00,3_195,3.00,52.00,596.93,0.00,0,8.77
7454.00,3_7,2.00,245.00,615.10,197.00,1,208.94
7454.00,3_26,1.00,227.00,596.93,181.00,1,194.47
7455.00,3_9,3.00,243.00,617.75,193.00,1,204.86
7455.00,3_14,4.00,237.00,615.10,192.00,1,204.69
7456.00,3_6,0.00,250.00,615.10,197.00,1,208.16
7456.00,3_13,2.00,241.00,615.10,192.00,1,205.40
7457.00,3_17,4.00,236.00,617.75,190.00,1,207.47
7457.00,3_30,0.00,227.00,596.93,179.00,1,193.67
7457.00,3_45,1.00,211.00,615.10,160.00,1,183.06
7459.00,3_73,0.00,186.00,615.10,134.00,1,155.43
7460.00,3_43,0.00,217.00,596.93,168.00,1,182.84
7460.00,3_78,2.00,180.00,615.10,133.00,1,150.85
7461.00,3_20,4.00,237.00,617.75,188.00,1,200.82
7461.00,3_49,3.00,209.00,596.93,159.00,1,178.94
7462.00,3_77,0.00,185.00,615.10,132.00,2,151.16
7463.00,3_47,2.00,214.00,617.75,165.00,1,181.18
7468.00,3_111,1.00,156.00,615.10,113.00,1,127.82
7468.00,3_130,0.00,138.00,615.10,95.00,1,108.00
7469.00,3_58,0.00,211.00,617.75,153.00,1,169.76
7469.00,3_109,0.00,160.00,617.75,115.00,1,128.07
7469.00,3_119,0.00,150.00,596.93,108.00,1,120.81
7470.00,3_127,0.00,143.00,617.75,100.00,1,113.20
7472.00,3_143,5.00,124.00,615.10,75.00,1,88.70
7474.00,3_150,7.00,117.00,615.10,67.00,1,84.50
7475.00,3_178,0.00,97.00,615.10,48.00,1,68.07
7476.00,3_122,1.00,153.00,586.83,104.00,1,116.27
7477.00,3_131,2.00,144.00,617.75,93.00,1,104.66
7478.00,3_133,3.00,142.00,596.93,94.00,1,113.94
7478.00,3_141,3.00,134.00,617.75,83.00,1,98.50
7479.00,3_134,5.00,140.00,596.93,92.00,1,112.41
7479.00,3_155,8.00,116.00,615.10,61.00,1,73.94
7480.00,3_156,10.00,114.00,617.75,65.00,1,81.91
7480.00,3_189,0.00,91.00,615.10,40.00,1,58.22
7480.00,3_226,1.00,53.00,615.10,4.00,1,19.24
7481.00,3_232,1.00,48.00,615.10,0.00,0,18.00
7482.00,3_135,7.00,140.00,596.93,88.00,1,106.76
7483.00,3_216,0.00,67.00,617.75,15.00,1,35.09
7484.00,3_146,5.00,133.00,596.93,81.00,1,101.22
7485.00,3_221,4.00,60.00,617.75,10.00,1,27.22
7486.00,3_147,7.00,132.00,596.93,80.00,1,102.97
7491.00,3_153,7.00,131.00,596.93,76.00,1,94.87
7492.00,3_162,7.00,123.00,596.93,68.00,1,92.32
7495.00,3_191,1.00,103.00,596.93,47.00,1,70.67
7498.00,3_254,0.00,44.00,615.10,0.00,0,7.03
7502.00,3_219,0.00,83.00,596.93,23.00,1,48.83
7503.00,3_208,0.00,95.00,596.93,31.00,1,52.93
7503.00,3_246,2.00,55.00,617.75,0.00,0,6.09
7504.00,3_220,2.00,82.00,596.93,21.00,1,49.41
7504.00,3_266,1.00,37.00,615.10,0.00,0,6.00
7510.00,3_228,2.00,80.00,596.93,14.00,1,39.95
7510.00,3_234,2.00,74.00,596.93,11.00,1,41.48
7512.00,3_241,0.00,71.00,596.93,8.00,1,39.94
7512.00,3_275,1.00,36.00,615.10,0.00,0,5.83
7514.00,3_245,0.00,69.00,596.93,6.00,1,37.56
7516.00,3_261,0.00,55.00,596.93,0.00,0,23.53
7521.00,3_263,1.00,57.00,596.93,0.00,0,20.28
7523.00,3_268,2.00,53.00,596.93,0.00,0,18.63
7523.00,3_279,0.00,44.00,617.75,0.00,0,8.27
7527.00,3_113,5.00,209.00,596.93,161.00,1,177.74
7528.00,3_106,0.00,222.00,617.75,167.00,2,190.75
7529.00,3_139,1.00,189.00,615.10,143.00,1,155.44
7530.00,3_118,6.00,206.00,596.93,160.00,1,179.35
7530.00,3_144,0.00,186.00,615.10,140.00,1,159.36
7531.00,3_107,2.00,222.00,617.75,164.00,2,190.15
7531.00,3_114,7.00,210.00,596.93,160.00,1,177.05
7533.00,3_164,0.00,169.00,615.10,119.00,1,135.07
7534.00,3_112,3.00,219.00,617.75,160.00,1,189.73
7534.00,3_121,9.00,204.00,596.93,158.00,1,173.86
7535.00,3_165,2.00,168.00,615.10,115.00,2,132.67
7536.00,3_120,7.00,209.00,617.75,159.00,1,178.23
7536.00,3_154,0.00,182.00,596.93,135.00,1,152.43
7537.00,3_170,6.00,161.00,615.10,112.00,1,129.57
7538.00,3_123,10.00,205.00,617.75,156.00,1,178.02
7539.00,3_166,4.00,169.00,615.10,115.00,2,133.30
7540.00,3_177,8.00,155.00,596.93,107.00,1,125.80
7541.00,3_137,0.00,204.00,617.75,152.00,1,173.47
7541.00,3_173,9.00,159.00,615.10,109.00,1,122.05
7541.00,3_197,9.00,135.00,615.10,84.00,1,98.28
7542.00,3_201,11.00,130.00,615.10,80.00,1,96.93
7546.00,3_214,2.00,130.00,615.10,87.00,1,102.08
7549.00,3_196,5.00,148.00,596.93,99.00,1,111.45
7550.00,3_215,4.00,131.00,615.10,83.00,1,96.96
7551.00,3_200,4.00,147.00,596.93,97.00,1,113.34
7551.00,3_210,0.00,141.00,617.75,92.00,1,104.45
7552.00,3_211,2.00,139.00,617.75,92.00,1,110.22
7552.00,3_237,2.00,113.00,615.10,63.00,1,79.17
7553.00,3_224,0.00,129.00,596.93,82.00,1,97.65
7554.00,3_236,0.00,118.00,596.93,73.00,1,91.08
7554.00,3_244,1.00,109.00,615.10,58.00,1,77.43
7555.00,3_225,2.00,128.00,617.75,78.00,1,92.16
7555.00,3_238,4.00,113.00,615.10,66.00,1,84.23
7555.00,3_253,1.00,101.00,615.10,55.00,1,70.05
7557.00,3_233,0.00,124.00,617.75,72.00,1,90.28
7557.00,3_259,0.00,98.00,605.00,42.00,1,64.02
7557.00,3_315,0.00,42.00,615.10,0.00,0,11.55
7559.00,3_269,1.00,89.00,596.93,39.00,1,60.10
7561.00,3_251,0.00,110.00,617.75,59.00,1,75.98
7562.00,3_267,0.00,95.00,617.75,44.00,1,63.71
7563.00,3_271,2.00,90.00,596.93,39.00,1,56.75
7566.00,3_277,0.00,89.00,596.93,35.00,1,54.90
7566.00,3_284,0.00,82.00,617.75,30.00,1,47.53
7569.00,3_278,2.00,89.00,596.93,32.00,1,54.05
7571.00,3_285,2.00,84.00,617.75,26.00,1,44.86
7572.00,3_311,0.00,61.00,617.75,4.00,1,30.62
7573.00,3_289,0.00,84.00,596.93,27.00,1,46.78
7574.00,3_298,0.00,76.00,596.93,19.00,1,48.09
7574.00,3_319,2.00,53.00,617.75,0.00,0,17.73
7576.00,3_306,0.00,70.00,596.93,15.00,1,41.84
7577.00,3_324,6.00,47.00,617.75,0.00,0,10.14
7577.00,3_336,0.00,41.00,615.10,0.00,0,5.83
7578.00,3_318,0.00,60.00,596.93,4.00,1,28.22
7580.00,3_321,3.00,56.00,596.93,0.00,0,28.18
7580.00,3_338,1.00,41.00,617.75,0.00,0,8.67
7582.00,3_322,5.00,55.00,596.93,0.00,0,25.99
7583.00,3_341,0.00,42.00,617.75,0.00,0,8.96
7588.00,3_55,0.00,333.00,596.93,281.00,2,301.23
7588.00,3_83,3.00,302.00,615.10,250.00,2,273.14
7589.00,3_63,0.00,326.00,596.93,273.00,2,295.58
7591.00,3_67,0.00,324.00,596.93,271.00,2,297.00
7591.00,3_89,0.00,302.00,615.10,248.00,2,268.90
7592.00,3_82,1.00,309.00,617.75,250.00,2,271.44
7593.00,3_92,0.00,301.00,615.10,243.00,2,265.88
7594.00,3_96,2.00,296.00,617.75,238.00,2,265.61
7596.00,3_68,2.00,326.00,596.93,267.00,2,291.63
7596.00,3_108,0.00,288.00,615.10,227.00,2,247.99
7598.00,3_94,1.00,303.00,596.93,245.00,2,271.07
7598.00,3_117,4.00,277.00,615.10,212.00,3,245.59
7599.00,3_115,0.00,284.00,617.75,220.00,2,247.78
7599.00,3_125,2.00,272.00,615.10,208.00,2,241.54
7601.00,3_116,2.00,283.00,596.93,221.00,2,250.32
7601.00,3_124,0.00,277.00,617.75,215.00,2,247.83
7601.00,3_151,0.00,250.00,615.10,188.00,2,218.69
7602.00,3_175,0.00,227.00,596.93,167.00,2,200.61
7603.00,3_138,0.00,265.00,617.75,201.00,2,231.77
7603.00,3_194,0.00,209.00,615.10,144.00,2,175.05
7604.00,3_204,0.00,200.00,615.10,136.00,2,167.77
7605.00,3_188,0.00,217.00,596.93,154.00,2,184.84
7606.00,3_148,0.00,258.00,617.75,191.00,2,223.79
7606.00,3_207,3.00,196.00,615.10,132.00,2,158.57
7607.00,3_198,0.00,209.00,596.93,145.00,2,179.29
7608.00,3_209,4.00,195.00,615.10,130.00,3,160.59
7609.00,3_152,2.00,255.00,617.75,188.00,2,218.38
7609.00,3_229,1.00,179.00,615.10,114.00,1,144.81
7610.00,3_239,0.00,171.00,615.10,113.00,1,140.38
7611.00,3_171,0.00,240.00,617.75,170.00,2,207.71
7611.00,3_206,1.00,204.00,596.93,138.00,3,171.41
7611.00,3_262,0.00,149.00,615.10,100.00,1,114.59
7613.00,3_179,0.00,234.00,617.75,165.00,2,203.02
7614.00,3_227,0.00,187.00,615.10,117.00,1,158.13
7614.00,3_304,0.00,110.00,615.10,59.00,1,73.02
7615.00,3_202,0.00,213.00,617.75,141.00,2,185.95
7615.00,3_305,2.00,108.00,615.10,57.00,1,75.53
7616.00,3_240,2.00,174.00,596.93,118.00,1,140.20
7617.00,3_222,0.00,195.00,617.75,122.00,2,167.76
7617.00,3_320,1.00,96.00,615.10,45.00,1,64.12
7618.00,3_333,0.00,85.00,615.10,35.00,1,57.09
7620.00,3_250,0.00,170.00,596.93,111.00,1,134.16
7620.00,3_340,0.00,80.00,615.10,29.00,1,48.91
7621.00,3_280,0.00,141.00,596.93,82.00,1,109.83
7622.00,3_230,3.00,189.00,617.75,115.00,2,156.01
7622.00,3_347,0.00,75.00,615.10,22.00,1,40.42
7623.00,3_283,0.00,140.00,596.93,82.00,1,109.08
7625.00,3_286,0.00,139.00,596.93,80.00,1,108.82
7626.00,3_252,1.00,173.00,617.75,107.00,1,135.20
7626.00,3_365,0.00,61.00,615.10,8.00,1,22.20
7627.00,3_372,0.00,55.00,615.10,1.00,1,24.08
7629.00,3_256,0.00,173.00,617.75,106.00,1,135.94
7629.00,3_288,1.00,140.00,596.93,78.00,1,106.15
7629.00,3_374,1.00,54.00,615.10,1.00,1,17.56
7631.00,3_290,2.00,139.00,596.93,76.00,1,107.08
7631.00,3_379,2.00,50.00,615.10,0.00,0,17.78
7635.00,3_257,1.00,177.00,617.75,106.00,1,132.51
7635.00,3_265,0.00,170.00,607.65,101.00,1,129.74
7635.00,3_307,3.00,125.00,596.93,61.00,1,90.70
7636.00,3_316,0.00,120.00,596.93,56.00,1,87.86
7637.00,3_270,0.00,167.00,617.75,98.00,1,136.38
7638.00,3_276,0.00,162.00,617.75,93.00,1,125.78
7638.00,3_328,0.00,110.00,596.93,46.00,1,84.87
7640.00,3_294,2.00,144.00,607.65,77.00,1,112.87
7641.00,3_301,0.00,140.00,617.75,74.00,1,110.64
7642.00,3_337,0.00,105.00,596.93,39.00,1,70.44
7643.00,3_314,0.00,129.00,617.75,62.00,1,98.42
7646.00,3_317,2.00,127.00,617.75,57.00,1,95.74
7646.00,3_403,2.00,41.00,615.10,0.00,0,6.24
7649.00,3_323,1.00,125.00,617.75,55.00,1,90.58
7650.00,3_402,0.00,48.00,596.93,0.00,0,7.14
7651.00,3_410,0.00,41.00,615.10,0.00,0,7.51
7652.00,3_412,1.00,39.00,615.10,0.00,0,7.10
7653.00,3_331,0.00,122.00,617.75,50.00,1,86.23
7654.00,3_375,3.00,76.00,617.75,5.00,1,44.16
7656.00,3_414,2.00,40.00,615.10,0.00,0,11.21
7657.00,3_378,2.00,77.00,617.75,5.00,1,44.97
7659.00,3_381,3.00,75.00,617.75,1.00,1,41.05
7664.00,3_424,0.00,40.00,615.10,0.00,0,6.28
7664.00,3_428,0.00,36.00,615.10,0.00,0,5.49
7668.00,3_431,3.00,34.00,615.10,0.00,0,5.73
7676.00,3_429,2.00,45.00,617.75,0.00,0,7.38
7679.00,3_433,4.00,42.00,617.75,0.00,0,7.00
7682.00,3_282,3.00,197.00,615.10,154.00,1,170.69
7683.00,3_272,1.00,210.00,596.93,156.00,1,178.63
7683.00,3_293,1.00,189.00,615.10,146.00,1,158.22
7686.00,3_299,7.00,180.00,615.10,131.00,1,146.80
7688.00,3_281,1.00,206.00,596.93,155.00,1,169.38
7688.00,3_295,2.00,191.00,617.75,143.00,1,154.96
7689.00,3_287,1.00,201.00,596.93,153.00,1,171.28
7689.00,3_297,6.00,186.00,617.75,140.00,1,155.28
7689.00,3_302,10.00,177.00,615.10,127.00,2,141.56
7691.00,3_310,8.00,173.00,617.75,125.00,1,138.84
7692.00,3_291,0.00,201.00,596.93,152.00,1,167.36
7692.00,3_312,9.00,171.00,615.10,121.00,1,132.85
7693.00,3_313,11.00,169.00,617.75,123.00,1,141.62
7693.00,3_326,1.00,166.00,615.10,113.00,1,131.89
7694.00,3_330,0.00,164.00,607.65,116.00,1,133.15
7695.00,3_334,2.00,159.00,615.10,107.00,1,131.08
7696.00,3_382,1.00,113.00,615.10,61.00,1,81.51
7697.00,3_296,4.00,197.00,596.93,144.00,1,158.91
7698.00,3_300,9.00,189.00,596.93,135.00,1,154.56
7698.00,3_385,2.00,111.00,615.10,58.00,1,77.18
7699.00,3_393,3.00,103.00,615.10,55.00,1,72.86
7700.00,3_400,0.00,100.00,615.10,48.00,1,71.88
7701.00,3_303,12.00,186.00,596.93,133.00,1,151.41
7701.00,3_350,1.00,150.00,617.75,96.00,1,111.80
7702.00,3_353,3.00,146.00,617.75,93.00,1,111.32
7703.00,3_332,1.00,170.00,596.93,115.00,1,139.29
7703.00,3_417,0.00,86.00,615.10,35.00,1,50.01
7705.00,3_348,0.00,157.00,596.93,102.00,1,124.56
7705.00,3_420,0.00,85.00,615.10,30.00,1,56.35
7706.00,3_351,2.00,153.00,596.93,99.00,1,126.07
7706.00,3_380,0.00,126.00,617.75,69.00,1,88.55
7707.00,3_391,2.00,114.00,617.75,59.00,1,80.80
7708.00,3_435,2.00,71.00,615.10,17.00,1,31.60
7710.00,3_404,0.00,106.00,617.75,48.00,1,67.58
7710.00,3_442,0.00,68.00,615.10,14.00,1,35.88
7711.00,3_354,4.00,153.00,596.93,95.00,1,118.09
7711.00,3_434,0.00,77.00,615.10,23.00,1,41.33
7712.00,3_408,0.00,104.00,617.75,46.00,1,71.72
7712.00,3_421,2.00,89.00,615.10,31.00,1,54.02
7713.00,3_455,0.00,58.00,615.10,2.00,1,25.81
7714.00,3_356,5.00,153.00,596.93,92.00,1,118.56
7715.00,3_361,3.00,151.00,596.93,93.00,1,119.63
7715.00,3_422,4.00,89.00,617.75,30.00,1,55.38
7715.00,3_472,0.00,43.00,615.10,0.00,0,6.35
7717.00,3_438,2.00,77.00,617.75,14.00,2,45.83
7719.00,3_362,4.00,153.00,596.93,89.00,1,119.67
7720.00,3_363,6.00,151.00,596.93,87.00,1,119.91
7722.00,3_370,2.00,150.00,596.93,86.00,1,120.18
7722.00,3_444,1.00,77.00,617.75,11.00,2,39.60
7725.00,3_463,0.00,62.00,617.75,0.00,0,23.60
7727.00,3_390,0.00,137.00,596.93,71.00,1,102.52
7727.00,3_467,0.00,60.00,617.75,0.00,0,22.58
7730.00,3_413,0.00,117.00,596.93,52.00,1,81.34
7730.00,3_489,1.00,40.00,617.75,0.00,0,8.35
7731.00,3_423,5.00,103.00,596.93,37.00,1,70.27
7731.00,3_493,0.00,38.00,615.10,0.00,0,5.58
7737.00,3_427,4.00,106.00,596.93,34.00,1,67.12
7737.00,3_483,0.00,54.00,596.93,0.00,0,20.64
7739.00,3_500,0.00,39.00,615.10,0.00,0,5.37
7741.00,3_487,0.00,54.00,596.93,0.00,0,17.72
7748.00,3_512,0.00,36.00,615.10,0.00,0,4.83
7756.00,3_513,1.00,42.00,615.10,0.00,0,5.31
7763.00,3_524,0.00,39.00,605.00,0.00,0,5.15
7765.00,3_529,2.00,34.00,615.10,0.00,0,6.83
7768.00,3_528,0.00,40.00,596.93,0.00,0,8.88
7779.00,3_533,1.00,45.00,596.93,0.00,0,8.29
7785.00,3_199,10.00,376.00,615.10,314.00,2,341.76
7786.00,3_187,13.00,386.00,596.93,330.00,2,350.60
7786.00,3_212,8.00,366.00,615.10,312.00,2,335.53
7788.00,3_172,7.00,409.00,617.75,347.00,2,379.20
7788.00,3_203,12.00,373.00,596.93,315.00,2,339.34
7788.00,3_218,10.00,360.00,615.10,304.00,2,328.42
7790.00,3_167,6.00,417.00,617.75,349.00,2,375.14
7790.00,3_213,10.00,367.00,596.93,308.00,2,335.97
7792.00,3_180,8.00,404.00,617.75,341.00,2,368.59
7792.00,3_223,8.00,361.00,596.93,300.00,2,330.55
7793.00,3_181,10.00,402.00,617.75,340.00,2,372.32
7793.00,3_247,0.00,346.00,615.10,285.00,2,308.49
7795.00,3_184,10.00,401.00,617.75,339.00,2,369.02
7795.00,3_260,1.00,334.00,615.10,273.00,2,301.25
7796.00,3_258,0.00,338.00,615.10,272.00,3,306.07
7797.00,3_185,12.00,400.00,617.75,336.00,2,367.43
7797.00,3_235,2.00,360.00,596.93,294.00,2,322.95
7798.00,3_243,1.00,354.00,596.93,290.00,2,325.05
7799.00,3_190,13.00,396.00,617.75,332.00,2,367.49
7799.00,3_329,1.00,269.00,615.10,217.00,1,230.92
7800.00,3_205,13.00,382.00,617.75,316.00,2,354.91
7800.00,3_255,0.00,345.00,596.93,282.00,2,312.87
7801.00,3_343,0.00,258.00,615.10,205.00,1,225.24
7802.00,3_217,9.00,376.00,617.75,309.00,2,348.11
7802.00,3_273,0.00,329.00,596.93,264.00,2,297.09
7802.00,3_345,3.00,254.00,615.10,202.00,1,221.84
7804.00,3_349,2.00,253.00,615.10,200.00,1,220.12
7806.00,3_231,3.00,372.00,617.75,303.00,2,343.87
7806.00,3_373,0.00,233.00,615.10,181.00,1,201.44
7807.00,3_327,0.00,280.00,596.93,224.00,1,244.79
7807.00,3_383,0.00,224.00,615.10,173.00,1,190.13
7809.00,3_358,0.00,251.00,596.93,193.00,1,215.82
7809.00,3_384,2.00,223.00,615.10,170.00,1,192.70
7810.00,3_394,0.00,216.00,615.10,166.00,1,183.53
7811.00,3_242,0.00,369.00,617.75,297.00,2,332.91
7811.00,3_360,3.00,248.00,596.93,193.00,1,219.71
7812.00,3_368,0.00,244.00,596.93,189.00,1,213.65
7812.00,3_396,1.00,215.00,615.10,165.00,1,182.49
7813.00,3_248,2.00,363.00,617.75,290.00,2,332.00
7814.00,3_249,3.00,362.00,617.75,288.00,2,330.39
7814.00,3_389,0.00,225.00,596.93,168.00,1,195.01
7814.00,3_416,0.00,198.00,605.00,148.00,1,164.82
7815.00,3_446,0.00,169.00,615.10,118.00,1,141.10
7817.00,3_459,0.00,158.00,615.10,107.00,1,125.73
7818.00,3_264,0.00,354.00,617.75,277.00,2,321.39
7819.00,3_405,0.00,214.00,596.93,155.00,1,185.05
7819.00,3_476,0.00,143.00,615.10,93.00,1,115.41
7820.00,3_274,2.00,344.00,617.75,267.00,2,310.00
7821.00,3_397,3.00,221.00,615.10,157.00,1,181.87
7822.00,3_292,0.00,330.00,617.75,253.00,2,300.06
7822.00,3_407,1.00,214.00,596.93,155.00,1,183.32
7822.00,3_461,1.00,160.00,615.10,104.00,1,118.94
7823.00,3_488,1.00,134.00,615.10,82.00,1,106.76
7824.00,3_482,1.00,141.00,615.10,87.00,1,105.83
7825.00,3_432,0.00,193.00,596.93,133.00,1,161.19
7826.00,3_308,0.00,318.00,617.75,237.00,2,284.53
7826.00,3_439,0.00,187.00,596.93,126.00,1,157.43
7828.00,3_309,1.00,318.00,617.75,238.00,2,283.42
7833.00,3_325,8.00,300.00,596.93,247.00,1,272.60
7836.00,3_342,2.00,292.00,615.10,243.00,1,258.68
7837.00,3_346,1.00,290.00,615.10,240.00,1,253.83
7837.00,3_366,0.00,271.00,617.75,226.00,1,242.05
7838.00,3_352,0.00,286.00,615.10,241.00,1,255.15
7838.00,3_395,0.00,243.00,615.10,192.00,1,213.29
7839.00,3_357,0.00,282.00,596.93,237.00,1,250.42
7841.00,3_371,4.00,266.00,617.75,218.00,1,232.17
7842.00,3_399,2.00,241.00,615.10,190.00,1,201.92
7843.00,3_367,2.00,274.00,596.93,225.00,1,240.12
7843.00,3_415,0.00,228.00,615.10,178.00,1,200.04
7844.00,3_369,3.00,272.00,596.93,224.00,1,243.22
7844.00,3_406,1.00,237.00,615.10,187.00,1,201.60
7845.00,3_426,0.00,219.00,615.10,170.00,1,194.58
7846.00,3_376,2.00,268.00,617.75,215.00,1,230.36
7847.00,3_377,4.00,266.00,617.75,215.00,1,230.17
7847.00,3_419,0.00,228.00,615.10,174.00,2,197.66
7848.00,3_388,4.00,256.00,596.93,205.00,1,222.57
7849.00,3_453,1.00,195.00,615.10,144.00,1,162.06
7850.00,3_457,3.00,190.00,615.10,138.00,1,164.28
7852.00,3_386,0.00,266.00,617.75,209.00,1,226.31
7852.00,3_411,0.00,241.00,596.93,187.00,1,204.54
7852.00,3_466,3.00,183.00,615.10,134.00,1,153.76
7853.00,3_387,2.00,264.00,617.75,208.00,1,229.85
7853.00,3_447,0.00,206.00,596.93,152.00,1,175.41
7853.00,3_468,4.00,181.00,615.10,132.00,1,152.74
7855.00,3_398,0.00,257.00,617.75,200.00,1,222.92
7855.00,3_456,1.00,198.00,596.93,144.00,1,166.32
7855.00,3_475,3.00,177.00,615.10,130.00,1,147.54
7857.00,3_401,3.00,253.00,617.75,199.00,1,221.77
7857.00,3_471,4.00,182.00,596.93,128.00,1,152.64
7858.00,3_451,0.00,207.00,617.75,153.00,1,175.00
7858.00,3_492,1.00,165.00,615.10,111.00,1,130.07
7859.00,3_458,5.00,196.00,617.75,141.00,1,164.71
7859.00,3_484,0.00,175.00,596.93,120.00,1,146.04
7860.00,3_465,1.00,194.00,615.10,140.00,1,162.35
7860.00,3_503,2.00,155.00,615.10,103.00,1,125.86
7861.00,3_502,0.00,159.00,615.10,102.00,1,130.34
7863.00,3_478,2.00,183.00,617.75,127.00,1,150.61
7863.00,3_485,2.00,176.00,596.93,118.00,1,142.25
7863.00,3_550,1.00,112.00,615.10,61.00,1,81.85
7871.00,3_436,4.00,231.00,596.93,185.00,1,196.93
7871.00,3_440,3.00,228.00,615.10,180.00,1,193.05
7872.00,3_450,5.00,217.00,615.10,170.00,1,184.76
7872.00,3_473,0.00,199.00,615.10,148.00,1,167.41
7873.00,3_449,3.00,221.00,617.75,171.00,1,182.97
7875.00,3_445,4.00,226.00,596.93,176.00,1,193.79
7875.00,3_477,2.00,196.00,615.10,144.00,1,161.03
7877.00,3_441,5.00,231.00,615.10,177.00,1,189.65
7879.00,3_460,0.00,219.00,617.75,166.00,1,178.02
7879.00,3_504,0.00,175.00,615.10,127.00,1,143.97
7880.00,3_464,0.00,216.00,596.93,165.00,1,179.22
7880.00,3_474,2.00,204.00,617.75,152.00,1,170.01
7880.00,3_494,0.00,186.00,615.10,132.00,1,144.66
7881.00,3_480,2.00,199.00,596.93,147.00,1,163.90
7881.00,3_506,4.00,171.00,615.10,117.00,1,140.49
7882.00,3_523,2.00,157.00,617.75,108.00,1,125.58
7883.00,3_501,0.00,182.00,596.93,131.00,1,148.43
7884.00,3_519,0.00,165.00,615.10,110.00,1,122.44
7885.00,3_505,2.00,178.00,596.93,127.00,1,149.65
7885.00,3_527,8.00,150.00,615.10,95.00,1,118.97
7886.00,3_525,3.00,158.00,617.75,103.00,1,121.93
7887.00,3_522,0.00,165.00,596.93,112.00,1,134.01
7887.00,3_541,7.00,139.00,615.10,86.00,1,107.80
7888.00,3_530,8.00,150.00,617.75,96.00,1,120.75
7888.00,3_543,8.00,137.00,615.10,84.00,1,103.88
7889.00,3_526,6.00,157.00,586.83,104.00,1,126.57
7889.00,3_536,9.00,144.00,615.10,92.00,1,114.57
7891.00,3_531,10.00,150.00,617.75,95.00,1,114.75
7891.00,3_568,0.00,123.00,615.10,69.00,1,90.95
7892.00,3_547,7.00,138.00,617.75,81.00,2,108.15
7892.00,3_582,2.00,108.00,615.10,54.00,1,77.81
7893.00,3_607,0.00,86.00,615.10,33.00,1,53.96
7894.00,3_549,8.00,137.00,617.75,78.00,2,107.79
7894.00,3_562,1.00,131.00,615.10,75.00,1,93.90
7894.00,3_588,4.00,102.00,615.10,47.00,1,71.11
7895.00,3_615,1.00,79.00,615.10,30.00,1,50.29
7896.00,3_559,1.00,136.00,617.75,77.00,1,105.42
7896.00,3_623,0.00,73.00,615.10,24.00,1,43.67
7897.00,3_626,0.00,71.00,615.10,23.00,1,42.86
7899.00,3_576,2.00,121.00,596.93,61.00,1,87.70
7899.00,3_646,1.00,52.00,615.10,3.00,1,21.52
7901.00,3_572,0.00,129.00,617.75,70.00,1,93.10
7901.00,3_656,0.00,45.00,615.10,0.00,0,14.69
7902.00,3_575,0.00,127.00,596.93,61.00,1,81.50
7902.00,3_577,4.00,121.00,596.93,60.00,1,89.33
7903.00,3_584,3.00,116.00,617.75,58.00,1,86.14
7904.00,3_586,3.00,115.00,596.93,55.00,1,85.29
7904.00,3_650,0.00,54.00,615.10,0.00,0,21.88
7905.00,3_613,0.00,92.00,617.75,33.00,1,59.59
7907.00,3_616,3.00,88.00,617.75,28.00,1,54.94
7908.00,3_617,4.00,87.00,617.75,26.00,1,55.74
7910.00,3_598,0.00,112.00,596.93,47.00,1,71.91
7913.00,3_545,0.00,168.00,596.93,124.00,1,136.04
7913.00,3_563,1.00,149.00,615.10,106.00,1,120.99
7915.00,3_579,0.00,136.00,615.10,88.00,1,107.06
7916.00,3_542,0.00,174.00,617.75,126.00,1,137.99
7917.00,3_552,2.00,163.00,596.93,115.00,1,128.70
7918.00,3_551,0.00,167.00,617.75,119.00,1,135.24
7918.00,3_556,1.00,161.00,596.93,115.00,1,131.01
7919.00,3_567,3.00,149.00,617.75,101.00,1,122.30
7920.00,3_587,1.00,132.00,615.10,83.00,1,95.50
7921.00,3_558,2.00,161.00,596.93,113.00,1,129.16
7921.00,3_583,2.00,136.00,615.10,88.00,1,106.49
7921.00,3_600,3.00,118.00,615.10,71.00,1,90.33
7923.00,3_602,7.00,114.00,615.10,60.00,1,79.97
7924.00,3_566,1.00,157.00,596.93,107.00,1,124.80
7924.00,3_608,10.00,106.00,615.10,55.00,2,74.44
7925.00,3_571,2.00,152.00,596.93,102.00,1,121.89
7925.00,3_601,5.00,119.00,617.75,68.00,1,86.53
7925.00,3_604,8.00,113.00,615.10,63.00,1,83.93
7926.00,3_619,11.00,96.00,615.10,45.00,1,61.07
7927.00,3_573,3.00,151.00,596.93,100.00,1,120.38
7928.00,3_621,12.00,95.00,615.10,41.00,2,64.50
7929.00,3_635,9.00,85.00,615.10,37.00,1,53.37
7930.00,3_609,12.00,109.00,617.75,55.00,1,78.01
7932.00,3_580,2.00,150.00,596.93,95.00,1,117.24
7933.00,3_612,12.00,109.00,617.75,54.00,1,77.74
7933.00,3_642,10.00,81.00,615.10,28.00,1,41.60
7934.00,3_590,1.00,143.00,596.93,89.00,1,111.44
7934.00,3_690,4.00,40.00,615.10,0.00,0,9.44
7936.00,3_629,10.00,97.00,615.10,40.00,1,63.31
7937.00,3_632,10.00,95.00,617.75,40.00,1,62.65
7938.00,3_592,2.00,144.00,596.93,86.00,1,109.03
7938.00,3_638,9.00,91.00,617.75,37.00,1,60.07
7940.00,3_593,4.00,143.00,596.93,86.00,1,109.76
7942.00,3_597,3.00,142.00,596.93,85.00,1,111.76
7942.00,3_645,10.00,87.00,617.75,30.00,1,55.99
7944.00,3_658,3.00,83.00,617.75,25.00,1,52.53
7945.00,3_606,9.00,130.00,596.93,72.00,1,95.90
7947.00,3_618,9.00,120.00,596.93,61.00,1,87.80
7947.00,3_686,0.00,61.00,617.75,3.00,1,29.93
7948.00,3_622,14.00,112.00,596.93,55.00,1,82.80
7948.00,3_699,7.00,42.00,615.10,0.00,0,10.49
7950.00,3_640,9.00,101.00,596.93,42.00,1,71.07
7950.00,3_689,2.00,59.00,617.75,0.00,0,27.58
7952.00,3_694,6.00,52.00,617.75,0.00,0,20.83
7952.00,3_711,3.00,38.00,615.10,0.00,0,7.39
7953.00,3_648,10.00,95.00,596.93,36.00,1,65.19
7955.00,3_664,0.00,91.00,596.93,31.00,1,61.09
7955.00,3_703,6.00,46.00,617.75,0.00,0,16.30
7958.00,3_704,7.00,47.00,617.75,0.00,0,14.86
7964.00,3_335,0.00,429.00,617.75,360.00,2,398.49
7964.00,3_443,0.00,321.00,596.93,255.00,2,286.97
7965.00,3_518,4.00,243.00,615.10,186.00,2,209.32
7967.00,3_452,0.00,315.00,596.93,246.00,2,279.83
7968.00,3_479,0.00,289.00,615.10,221.00,2,253.30
7968.00,3_510,0.00,258.00,617.75,197.00,2,222.03
7969.00,3_486,0.00,283.00,596.93,214.00,2,251.55
7969.00,3_539,2.00,228.00,615.10,169.00,2,196.68
7971.00,3_490,3.00,278.00,615.10,209.00,2,248.28
7972.00,3_339,0.00,433.00,617.75,359.00,2,393.66
7972.00,3_516,0.00,256.00,615.10,187.00,2,220.30
7973.00,3_344,2.00,427.00,617.75,353.00,2,390.88
7974.00,3_517,2.00,255.00,615.10,184.00,2,220.84
7975.00,3_535,0.00,240.00,615.10,170.00,2,205.98
7975.00,3_544,0.00,231.00,617.75,165.00,2,198.87
7977.00,3_537,1.00,239.00,596.93,168.00,2,209.43
7978.00,3_355,0.00,423.00,617.75,348.00,2,387.04
7980.00,3_564,0.00,216.00,615.10,144.00,2,183.03
7981.00,3_546,0.00,235.00,596.93,161.00,2,202.91
7982.00,3_553,0.00,229.00,617.75,164.00,2,198.79
7983.00,3_554,0.00,229.00,617.75,160.00,2,189.52
7985.00,3_596,0.00,189.00,596.93,123.00,1,156.19
7986.00,3_599,0.00,187.00,615.10,124.00,1,149.90
7987.00,3_574,0.00,213.00,617.75,145.00,2,175.17
7987.00,3_605,0.00,182.00,615.10,123.00,1,151.96
7989.00,3_497,0.00,292.00,617.75,217.00,3,255.02
7990.00,3_560,0.00,230.00,617.75,160.00,3,199.46
7990.00,3_611,0.00,179.00,596.93,122.00,1,145.98
7992.00,3_532,0.00,260.00,617.75,188.00,3,230.51
7992.00,3_614,0.00,178.00,596.93,121.00,1,145.92
7994.00,3_569,0.00,225.00,615.10,148.00,3,193.72
7994.00,3_578,0.00,216.00,617.75,146.00,2,185.41
7994.00,3_636,0.00,158.00,596.93,106.00,1,126.15
7995.00,3_359,2.00,434.00,617.75,355.00,5,406.59
7998.00,3_481,1.00,316.00,617.75,239.00,4,284.50
7998.00,3_680,0.00,118.00,615.10,67.00,1,85.33
7999.00,3_641,1.00,157.00,596.93,102.00,1,122.58
8001.00,3_364,2.00,435.00,617.75,353.00,5,400.96
8002.00,3_392,0.00,410.00,617.75,329.00,4,377.54
8002.00,3_662,0.00,140.00,596.93,82.00,1,105.34
8003.00,3_668,0.00,135.00,596.93,80.00,1,104.61
8005.00,3_625,1.00,179.00,615.10,133.00,1,147.48
8005.00,3_685,2.00,118.00,596.93,63.00,1,90.87
8006.00,3_498,1.00,307.00,617.75,231.00,3,274.36
8007.00,3_627,2.00,178.00,615.10,131.00,1,149.57
8008.00,3_637,2.00,169.00,615.10,123.00,1,139.09
8008.00,3_691,0.00,117.00,596.93,60.00,1,82.92
8009.00,3_706,2.00,101.00,596.93,46.00,1,74.22
8011.00,3_496,0.00,315.00,617.75,241.00,3,282.43
8011.00,3_709,5.00,97.00,596.93,41.00,1,69.27
8012.00,3_651,0.00,161.00,615.10,112.00,1,128.12
8013.00,3_409,2.00,402.00,617.75,319.00,3,360.04
8013.00,3_669,2.00,142.00,615.10,94.00,1,112.33
8014.00,3_470,0.00,344.00,617.75,269.00,3,311.09
8015.00,3_675,0.00,140.00,615.10,91.00,1,108.93
8016.00,3_418,0.00,398.00,617.75,320.00,5,364.40
8016.00,3_684,0.00,132.00,615.10,82.00,1,102.95
8017.00,3_700,0.00,117.00,615.10,69.00,1,87.94
8017.00,3_715,2.00,100.00,596.93,40.00,1,64.89
8018.00,3_721,1.00,96.00,596.93,36.00,1,62.17
8019.00,3_425,0.00,394.00,607.65,310.00,3,359.31
8021.00,3_430,0.00,391.00,617.75,308.00,3,359.43
8021.00,3_735,4.00,82.00,596.93,20.00,1,47.50
8022.00,3_705,0.00,117.00,615.10,66.00,1,81.63
8022.00,3_736,6.00,80.00,596.93,18.00,1,48.90
8023.00,3_437,0.00,386.00,617.75,302.00,3,351.61
8024.00,3_722,3.00,99.00,615.10,49.00,1,66.84
8025.00,3_448,1.00,376.00,617.75,289.00,3,344.72
8025.00,3_739,8.00,78.00,596.93,14.00,1,46.26
8026.00,3_763,0.00,63.00,596.93,0.00,0,33.69
8027.00,3_723,5.00,99.00,615.10,47.00,1,62.96
8029.00,3_454,1.00,374.00,617.75,284.00,2,338.90
8030.00,3_764,2.00,64.00,596.93,0.00,0,31.17
8030.00,3_771,4.00,55.00,615.10,2.00,1,17.34
8031.00,3_462,3.00,366.00,617.75,274.00,2,333.51
8032.00,3_769,3.00,60.00,596.93,0.00,0,27.97
8032.00,3_776,2.00,54.00,615.10,1.00,1,23.79
8033.00,3_469,0.00,364.00,617.75,273.00,2,330.95
8033.00,3_733,0.00,100.00,615.10,43.00,1,67.71
8034.00,3_783,0.00,51.00,596.93,0.00,0,21.90
8035.00,3_708,3.00,124.00,615.10,63.00,1,94.71
8036.00,3_624,0.00,212.00,617.75,145.00,1,177.76
8036.00,3_734,1.00,101.00,596.93,38.00,2,73.27
8038.00,3_663,2.00,173.00,617.75,107.00,1,138.78
8041.00,3_787,0.00,54.00,596.93,0.00,0,22.17
8044.00,3_674,0.00,170.00,617.75,100.00,1,128.62
8046.00,3_495,1.00,350.00,596.93,290.00,3,319.48
8047.00,3_491,0.00,356.00,617.75,299.00,2,323.64
8047.00,3_557,0.00,290.00,615.10,233.00,2,257.85
8049.00,3_499,0.00,350.00,615.10,289.00,2,318.28
8049.00,3_585,0.00,264.00,615.10,205.00,2,230.25
8050.00,3_509,3.00,338.00,596.93,276.00,3,304.32
8051.00,3_507,1.00,343.00,617.75,281.00,2,314.51
8051.00,3_520,1.00,330.00,596.93,269.00,2,302.05
8052.00,3_589,0.00,263.00,615.10,202.00,2,227.52
8053.00,3_595,1.00,257.00,615.10,195.00,2,224.75
8054.00,3_508,2.00,344.00,617.75,277.00,2,312.43
8054.00,3_511,4.00,339.00,615.10,274.00,2,307.27
8055.00,3_548,0.00,307.00,596.93,242.00,2,277.57
8055.00,3_603,0.00,252.00,615.10,191.00,3,218.26
8058.00,3_630,0.00,228.00,615.10,173.00,1,191.83
8059.00,3_631,2.00,226.00,615.10,172.00,1,195.22
8061.00,3_514,4.00,343.00,617.75,272.00,2,303.29
8061.00,3_643,0.00,218.00,615.10,168.00,1,189.20
8062.00,3_515,4.00,343.00,617.75,272.00,2,312.39
8062.00,3_555,0.00,307.00,596.93,237.00,2,269.28
8063.00,3_647,0.00,216.00,615.10,166.00,1,185.74
8064.00,3_521,3.00,340.00,617.75,268.00,2,305.16
8064.00,3_649,1.00,214.00,615.10,165.00,1,184.04
8065.00,3_534,0.00,331.00,617.75,258.00,3,300.32
8065.00,3_565,0.00,300.00,596.93,227.00,2,262.56
8066.00,3_581,0.00,285.00,596.93,212.00,2,251.61
8066.00,3_653,0.00,213.00,615.10,164.00,1,181.15
8067.00,3_659,2.00,206.00,615.10,158.00,1,175.10
8068.00,3_538,0.00,330.00,617.75,256.00,3,297.77
8068.00,3_591,1.00,276.00,596.93,203.00,2,243.91
8069.00,3_660,4.00,205.00,615.10,157.00,1,171.43
8071.00,3_730,0.00,141.00,615.10,91.00,1,111.73
8072.00,3_731,2.00,139.00,615.10,89.00,1,106.21
8073.00,3_540,0.00,333.00,617.75,254.00,2,294.93
8073.00,3_620,0.00,253.00,596.93,177.00,2,215.75
8073.00,3_732,4.00,137.00,615.10,89.00,1,108.08
8074.00,3_740,0.00,134.00,615.10,87.00,1,103.81
8075.00,3_633,3.00,239.00,596.93,175.00,1,210.98
8076.00,3_570,0.00,306.00,617.75,229.00,2,273.75
8076.00,3_670,0.00,206.00,596.93,149.00,1,177.61
8076.00,3_744,0.00,132.00,615.10,84.00,1,100.90
8077.00,3_667,0.00,210.00,615.10,147.00,1,180.20
8079.00,3_561,0.00,318.00,617.75,234.00,2,271.84
8079.00,3_594,1.00,284.00,617.75,205.00,2,250.96
8079.00,3_757,0.00,122.00,615.10,71.00,1,88.00
8081.00,3_775,1.00,105.00,615.10,54.00,1,71.07
8082.00,3_639,0.00,243.00,617.75,172.00,1,207.21
8082.00,3_677,3.00,202.00,596.93,139.00,1,166.88
8082.00,3_779,0.00,103.00,615.10,52.00,1,73.98
8083.00,3_784,4.00,95.00,605.00,44.00,1,66.07
8084.00,3_654,2.00,228.00,617.75,166.00,1,191.69
8085.00,3_687,0.00,198.00,596.93,135.00,1,162.49
8085.00,3_803,4.00,78.00,615.10,28.00,1,47.52
8086.00,3_697,0.00,189.00,596.93,127.00,1,163.29
8087.00,3_655,4.00,228.00,617.75,165.00,1,192.08
8088.00,3_702,0.00,186.00,596.93,123.00,1,155.26
8088.00,3_817,0.00,71.00,615.10,19.00,1,37.06
8090.00,3_823,2.00,65.00,615.10,15.00,1,36.12
8091.00,3_671,2.00,218.00,617.75,152.00,1,178.65
8091.00,3_754,0.00,137.00,586.83,74.00,1,104.39
8091.00,3_842,0.00,49.00,615.10,0.00,0,18.36
8092.00,3_672,3.00,217.00,617.75,152.00,1,182.71
8093.00,3_773,0.00,120.00,615.10,55.00,1,92.63
8094.00,3_676,1.00,217.00,617.75,150.00,1,182.35
8094.00,3_780,2.00,112.00,596.93,49.00,1,82.17
8095.00,3_710,0.00,185.00,617.75,120.00,1,153.37
8095.00,3_849,0.00,46.00,615.10,0.00,0,9.33
8096.00,3_782,3.00,111.00,615.10,46.00,2,79.55
8097.00,3_801,0.00,96.00,596.93,33.00,1,67.49
8098.00,3_720,0.00,178.00,617.75,112.00,1,143.74
8100.00,3_737,2.00,161.00,617.75,94.00,1,131.71
8101.00,3_741,2.00,158.00,617.75,92.00,1,125.73
8102.00,3_822,0.00,80.00,615.10,16.00,1,36.47
8103.00,3_802,2.00,99.00,596.93,32.00,1,63.13
8104.00,3_811,3.00,90.00,596.93,23.00,1,58.82
8105.00,3_745,2.00,158.00,617.75,91.00,1,124.61
8106.00,3_834,0.00,72.00,596.93,7.00,1,39.53
8107.00,3_753,0.00,154.00,617.75,86.00,1,119.15
8108.00,3_838,0.00,70.00,596.93,4.00,1,38.71
8109.00,3_791,0.00,118.00,617.75,50.00,1,86.54
8109.00,3_869,0.00,40.00,615.10,0.00,0,7.17
8111.00,3_843,2.00,66.00,596.93,0.00,0,33.82
8113.00,3_853,0.00,60.00,596.93,0.00,0,29.16
8115.00,3_804,6.00,105.00,617.75,32.00,1,64.64
8115.00,3_859,0.00,56.00,596.93,0.00,0,27.24
8116.00,3_807,4.00,105.00,617.75,30.00,1,68.16
8118.00,3_808,5.00,105.00,617.75,30.00,1,72.71
8119.00,3_872,0.00,47.00,596.93,0.00,0,15.28
8122.00,3_820,0.00,102.00,617.75,27.00,1,61.90
8122.00,3_881,0.00,41.00,596.93,0.00,0,10.33
8124.00,3_839,2.00,83.00,617.75,9.00,1,49.35
8125.00,3_863,0.00,62.00,617.75,0.00,0,29.55
8129.00,3_892,0.00,37.00,615.10,0.00,0,5.27
8132.00,3_889,0.00,43.00,617.75,0.00,0,7.32
8135.00,3_610,0.00,325.00,596.93,260.00,2,294.51
8136.00,3_634,0.00,302.00,617.75,240.00,2,269.27
8136.00,3_673,0.00,263.00,615.10,217.00,1,230.44
8138.00,3_657,2.00,279.00,617.75,215.00,2,251.37
8139.00,3_628,1.00,310.00,596.93,240.00,2,275.09
8139.00,3_644,0.00,295.00,615.10,230.00,2,260.46
8140.00,3_661,1.00,278.00,617.75,215.00,2,247.21
8140.00,3_696,2.00,242.00,615.10,192.00,1,212.01
8142.00,3_652,1.00,289.00,596.93,221.00,1,254.01
8143.00,3_742,0.00,201.00,615.10,152.00,1,164.90
8144.00,3_665,0.00,279.00,596.93,221.00,1,247.17
8145.00,3_678,0.00,267.00,617.75,212.00,2,233.48
8145.00,3_679,1.00,265.00,596.93,218.00,1,236.89
8146.00,3_774,0.00,172.00,615.10,121.00,1,133.98
8148.00,3_707,0.00,241.00,596.93,190.00,1,208.83
8148.00,3_777,0.00,171.00,615.10,116.00,1,140.74
8149.00,3_683,0.00,266.00,617.75,208.00,1,228.14
8149.00,3_792,0.00,157.00,615.10,102.00,1,122.37
8149.00,3_799,2.00,148.00,615.10,100.00,1,120.10
8150.00,3_693,0.00,257.00,617.75,204.00,1,221.55
8152.00,3_695,0.00,257.00,617.75,202.00,1,220.78
8155.00,3_666,1.00,288.00,596.93,223.00,2,257.36
8155.00,3_712,5.00,238.00,615.10,192.00,1,208.28
8156.00,3_718,2.00,236.00,615.10,189.00,1,202.67
8157.00,3_681,0.00,276.00,596.93,208.00,2,244.66
8159.00,3_719,4.00,236.00,615.10,188.00,1,201.69
8159.00,3_725,1.00,233.00,615.10,185.00,1,198.32
8161.00,3_762,4.00,195.00,615.10,145.00,1,164.09
8162.00,3_726,3.00,233.00,617.75,184.00,1,201.82
8162.00,3_800,0.00,162.00,615.10,112.00,1,134.50
8164.00,3_688,0.00,276.00,596.93,202.00,2,238.12
8164.00,3_809,0.00,155.00,615.10,106.00,1,123.67
8165.00,3_848,2.00,115.00,615.10,65.00,1,86.66
8166.00,3_692,5.00,269.00,596.93,192.00,2,233.89
8166.00,3_758,4.00,204.00,617.75,155.00,1,173.69
8167.00,3_698,5.00,264.00,596.93,190.00,1,231.41
8167.00,3_864,0.00,103.00,615.10,52.00,1,68.17
8168.00,3_750,0.00,218.00,617.75,165.00,1,178.17
8169.00,3_752,1.00,216.00,596.93,167.00,1,185.02
8169.00,3_870,1.00,98.00,615.10,46.00,1,70.32
8170.00,3_883,2.00,85.00,615.10,36.00,1,55.21
8172.00,3_755,1.00,216.00,596.93,164.00,1,182.74
8172.00,3_766,3.00,203.00,617.75,147.00,1,165.13
8172.00,3_896,3.00,73.00,615.10,24.00,1,40.59
8173.00,3_768,4.00,201.00,617.75,146.00,1,166.55
8174.00,3_756,3.00,215.00,596.93,161.00,1,186.08
8174.00,3_894,0.00,80.00,615.10,24.00,2,45.44
8175.00,3_790,1.00,184.00,617.75,132.00,1,153.09
8176.00,3_795,0.00,181.00,617.75,127.00,1,150.82
8179.00,3_772,3.00,204.00,596.93,148.00,1,167.11
8181.00,3_778,0.00,203.00,596.93,147.00,1,173.34
8183.00,3_812,3.00,168.00,617.75,108.00,1,129.74
8184.00,3_788,0.00,196.00,596.93,138.00,1,160.58
8184.00,3_815,3.00,166.00,617.75,107.00,1,132.52
8185.00,3_810,2.00,173.00,596.93,115.00,1,144.20
8186.00,3_828,0.00,158.00,617.75,99.00,1,124.91
8187.00,3_855,3.00,129.00,617.75,71.00,1,98.67
8188.00,3_840,0.00,148.00,596.93,89.00,1,115.17
8191.00,3_819,2.00,170.00,617.75,107.00,2,134.40
8192.00,3_847,0.00,145.00,596.93,83.00,1,109.94
8193.00,3_825,0.00,168.00,617.75,108.00,1,136.12
8194.00,3_851,2.00,141.00,596.93,78.00,1,107.81
8194.00,3_854,2.00,138.00,617.75,73.00,1,108.85
8195.00,3_868,0.00,127.00,596.93,66.00,1,98.88
8196.00,3_956,0.00,40.00,615.10,0.00,0,8.45
8198.00,3_882,0.00,116.00,596.93,53.00,1,89.08
8198.00,3_957,2.00,39.00,615.10,0.00,0,7.32
8199.00,3_874,0.00,125.00,617.75,54.00,1,88.55
8199.00,3_875,1.00,123.00,596.93,58.00,1,89.31
8200.00,3_895,2.00,103.00,607.65,29.00,1,72.85
8203.00,3_916,0.00,87.00,617.75,15.00,1,53.96
8204.00,3_918,1.00,85.00,617.75,13.00,1,55.95
8205.00,3_890,0.00,115.00,596.93,48.00,1,78.33
8207.00,3_904,0.00,103.00,596.93,34.00,1,70.07
8209.00,3_920,1.00,88.00,617.75,13.00,1,49.69
8211.00,3_796,0.00,215.00,596.93,164.00,1,183.84
8212.00,3_805,0.00,207.00,596.93,164.00,1,178.32
8212.00,3_813,0.00,199.00,615.10,152.00,1,165.15
8212.00,3_814,2.00,196.00,615.10,151.00,1,168.46
8213.00,3_682,1.00,330.00,617.75,261.00,2,296.76
8214.00,3_716,4.00,294.00,617.75,222.00,2,263.75
8216.00,3_818,4.00,194.00,596.93,146.00,1,162.55
8217.00,3_816,3.00,198.00,615.10,149.00,1,162.96
8218.00,3_798,2.00,218.00,617.75,164.00,1,184.80
8219.00,3_827,0.00,192.00,615.10,144.00,1,158.65
8220.00,3_727,4.00,289.00,617.75,211.00,3,256.74
8220.00,3_845,1.00,174.00,615.10,124.00,1,145.20
8221.00,3_830,0.00,191.00,615.10,141.00,1,153.72
8222.00,3_738,7.00,277.00,617.75,198.00,2,244.55
8222.00,3_841,2.00,179.00,596.93,131.00,1,149.18
8222.00,3_850,0.00,172.00,615.10,117.00,1,139.59
8224.00,3_836,1.00,187.00,615.10,133.00,1,146.57
8229.00,3_901,0.00,128.00,596.93,81.00,1,94.61
8230.00,3_898,0.00,132.00,617.75,86.00,1,98.34
8230.00,3_903,1.00,126.00,615.10,79.00,1,91.48
8230.00,3_912,1.00,117.00,615.10,73.00,1,87.06
8231.00,3_905,2.00,124.00,615.10,77.00,1,91.02
8231.00,3_908,2.00,121.00,615.10,77.00,1,91.87
8233.00,3_914,2.00,117.00,596.93,72.00,1,86.32
8233.00,3_925,2.00,106.00,615.10,58.00,2,73.17
8234.00,3_924,0.00,110.00,615.10,62.00,1,74.05
8236.00,3_928,2.00,106.00,615.10,57.00,1,72.04
8236.00,3_937,0.00,99.00,615.10,46.00,1,63.79
8237.00,3_915,4.00,118.00,596.93,69.00,1,83.65
8237.00,3_954,4.00,79.00,615.10,28.00,1,47.23
8239.00,3_949,0.00,90.00,617.75,40.00,1,55.97
8239.00,3_951,1.00,87.00,596.93,37.00,1,55.25
8239.00,3_955,6.00,78.00,615.10,26.00,1,48.81
8240.00,3_962,2.00,76.00,615.10,27.00,1,46.53
8242.00,3_953,2.00,87.00,617.75,36.00,1,50.42
8242.00,3_964,3.00,75.00,596.93,24.00,1,41.32
8245.00,3_982,0.00,63.00,617.75,12.00,1,31.67
8246.00,3_986,1.00,59.00,596.93,6.00,1,23.76
8247.00,3_998,2.00,47.00,596.93,0.00,0,14.93
8248.00,3_984,1.00,63.00,617.75,10.00,1,28.63
8248.00,3_999,4.00,45.00,615.10,0.00,0,13.57
8249.00,3_1000,6.00,43.00,596.93,0.00,0,12.01
8252.00,3_1004,5.00,43.00,596.93,0.00,0,11.67
8253.00,3_992,1.00,60.00,617.75,4.00,1,26.92
8255.00,3_987,3.00,65.00,617.75,5.00,1,23.41
8256.00,3_995,1.00,60.00,617.75,4.00,1,29.84
8260.00,3_701,0.00,359.00,617.75,305.00,2,329.99
8260.00,3_714,2.00,344.00,596.93,290.00,2,313.01
8264.00,3_713,0.00,351.00,617.75,294.00,2,316.57
8264.00,3_724,0.00,340.00,596.93,283.00,2,307.24
8264.00,3_831,0.00,233.00,615.10,175.00,2,195.03
8265.00,3_833,3.00,229.00,615.10,171.00,2,195.62
8266.00,3_717,2.00,347.00,617.75,288.00,2,314.17
8267.00,3_746,0.00,321.00,596.93,261.00,2,285.79
8267.00,3_846,0.00,221.00,615.10,161.00,2,194.20
8268.00,3_728,0.00,340.00,617.75,281.00,2,309.50
8269.00,3_748,3.00,318.00,596.93,256.00,2,284.55
8269.00,3_860,0.00,209.00,615.10,150.00,2,173.36
8270.00,3_781,0.00,289.00,596.93,228.00,2,259.56
8270.00,3_858,7.00,205.00,605.00,145.00,2,174.99
8271.00,3_876,0.00,195.00,605.00,135.00,2,166.31
8272.00,3_729,2.00,341.00,617.75,277.00,2,304.96
8273.00,3_793,2.00,278.00,596.93,215.00,2,246.62
8273.00,3_879,3.00,191.00,615.10,129.00,2,157.85
8274.00,3_747,2.00,325.00,617.75,261.00,2,293.45
8275.00,3_749,5.00,321.00,617.75,255.00,2,293.87
8275.00,3_887,0.00,188.00,615.10,125.00,2,157.65
8280.00,3_910,0.00,170.00,596.93,99.00,2,139.38
8282.00,3_921,2.00,159.00,617.75,80.00,2,126.01
8282.00,3_973,0.00,109.00,615.10,61.00,1,73.11
8282.00,3_979,0.00,103.00,615.10,56.00,1,71.38
8283.00,3_911,2.00,170.00,596.93,94.00,2,138.19
8284.00,3_985,0.00,99.00,615.10,51.00,1,67.52
8286.00,3_931,0.00,155.00,596.93,80.00,2,122.33
8287.00,3_1023,0.00,64.00,615.10,13.00,1,29.65
8288.00,3_943,1.00,144.00,617.75,65.00,1,111.28
8289.00,3_942,0.00,147.00,617.75,67.00,1,105.79
8291.00,3_948,0.00,143.00,596.93,67.00,1,105.89
8291.00,3_959,3.00,129.00,617.75,65.00,1,96.97
8292.00,3_963,1.00,128.00,617.75,64.00,1,99.82
8293.00,3_981,1.00,111.00,596.93,59.00,1,77.43
8293.00,3_1052,0.00,41.00,615.10,0.00,0,10.87
8294.00,3_989,0.00,105.00,617.75,54.00,1,78.03
8295.00,3_990,1.00,104.00,596.93,54.00,1,74.68
8297.00,3_1012,0.00,85.00,596.93,32.00,1,50.23
8298.00,3_1036,0.00,62.00,617.75,8.00,1,26.23
8300.00,3_1040,0.00,60.00,617.75,6.00,1,28.71
8302.00,3_1056,0.00,46.00,617.75,0.00,0,13.81
8302.00,3_1057,2.00,43.00,615.10,0.00,0,9.81
8306.00,3_1072,1.00,33.00,615.10,0.00,0,5.80
8307.00,3_1070,0.00,37.00,615.10,0.00,0,6.02
8310.00,3_1058,4.00,48.00,596.93,0.00,0,8.05
8310.00,3_1063,2.00,45.00,596.93,0.00,0,14.46
8315.00,3_1076,0.00,39.00,596.93,0.00,0,8.81
8318.00,3_1078,1.00,39.00,615.10,0.00,0,5.72
8324.00,3_1084,1.00,39.00,615.10,0.00,0,5.74
8330.00,3_1080,2.00,48.00,596.93,0.00,0,8.79
8331.00,3_1091,0.00,40.00,596.93,0.00,0,12.48
8336.00,3_1098,2.00,36.00,615.10,0.00,0,5.46
8338.00,3_1097,0.00,41.00,596.93,0.00,0,8.00
8339.00,3_1104,2.00,33.00,615.10,0.00,0,5.64
8342.00,3_1100,3.00,39.00,596.93,0.00,0,9.28
8348.00,3_1105,4.00,39.00,615.10,0.00,0,5.12
8350.00,3_1107,5.00,38.00,615.10,0.00,0,7.75
8356.00,3_852,1.00,303.00,596.93,252.00,2,273.89
8360.00,3_856,0.00,304.00,615.10,246.00,2,267.90
8360.00,3_865,0.00,295.00,615.10,240.00,2,262.22
8361.00,3_743,7.00,411.00,617.75,325.00,3,373.53
8362.00,3_759,0.00,403.00,617.75,315.00,3,374.68
8362.00,3_862,0.00,300.00,596.93,244.00,2,263.77
8362.00,3_866,2.00,294.00,615.10,238.00,2,262.35
8363.00,3_897,0.00,266.00,615.10,209.00,2,237.37
8364.00,3_877,0.00,287.00,596.93,229.00,2,257.61
8365.00,3_761,0.00,404.00,617.75,312.00,4,368.17
8365.00,3_922,0.00,243.00,615.10,184.00,2,213.99
8367.00,3_767,3.00,397.00,617.75,305.00,4,361.31
8367.00,3_926,0.00,241.00,615.10,181.00,2,209.42
8368.00,3_765,4.00,399.00,617.75,307.00,4,368.44
8368.00,3_880,0.00,288.00,615.10,224.00,2,248.93
8369.00,3_932,1.00,236.00,615.10,176.00,2,205.84
8371.00,3_785,1.00,385.00,617.75,290.00,3,351.50
8371.00,3_909,0.00,262.00,596.93,196.00,2,223.21
8371.00,3_917,0.00,254.00,596.93,192.00,2,221.15
8372.00,3_966,0.00,206.00,615.10,142.00,2,170.95
8373.00,3_789,1.00,383.00,617.75,288.00,3,348.46
8373.00,3_930,0.00,243.00,596.93,179.00,2,210.44
8373.00,3_971,7.00,195.00,615.10,133.00,2,160.72
8375.00,3_797,2.00,376.00,617.75,285.00,2,343.26
8375.00,3_974,7.00,194.00,615.10,131.00,2,162.85
8376.00,3_983,6.00,187.00,615.10,123.00,1,155.43
8378.00,3_994,0.00,184.00,615.10,124.00,1,150.97
8379.00,3_821,4.00,354.00,617.75,286.00,3,318.55
8379.00,3_936,0.00,243.00,596.93,172.00,2,203.88
8380.00,3_946,0.00,234.00,596.93,165.00,2,204.00
8380.00,3_1001,0.00,179.00,615.10,123.00,2,150.48
8381.00,3_835,0.00,346.00,617.75,276.00,2,309.90
8381.00,3_947,2.00,232.00,596.93,164.00,2,200.30
8381.00,3_1010,5.00,166.00,615.10,116.00,1,135.69
8383.00,3_837,3.00,343.00,617.75,273.00,2,308.91
8383.00,3_1015,9.00,159.00,615.10,110.00,1,129.65
8385.00,3_867,4.00,314.00,617.75,244.00,3,281.94
8385.00,3_961,0.00,224.00,596.93,153.00,2,189.09
8386.00,3_1032,3.00,151.00,615.10,101.00,1,115.58
8387.00,3_968,1.00,218.00,596.93,144.00,2,183.51
8387.00,3_1037,1.00,149.00,615.10,97.00,1,120.75
8388.00,3_873,1.00,314.00,617.75,240.00,2,283.34
8389.00,3_969,3.00,217.00,596.93,142.00,2,184.59
8389.00,3_1050,2.00,137.00,615.10,86.00,1,103.19
8390.00,3_884,0.00,306.00,617.75,234.00,3,274.78
8390.00,3_1059,0.00,131.00,615.10,81.00,1,101.35
8391.00,3_970,5.00,216.00,596.93,142.00,3,184.42
8392.00,3_1060,2.00,130.00,615.10,79.00,1,100.24
8394.00,3_885,1.00,308.00,617.75,231.00,2,275.31
8394.00,3_975,9.00,210.00,596.93,133.00,2,177.10
8395.00,3_1079,0.00,116.00,615.10,65.00,1,81.31
8396.00,3_886,2.00,308.00,617.75,230.00,2,278.87
8397.00,3_1003,2.00,192.00,596.93,120.00,1,158.25
8397.00,3_1082,0.00,115.00,615.10,63.00,1,80.39
8398.00,3_1090,0.00,108.00,615.10,57.00,1,73.98
8400.00,3_891,0.00,309.00,617.75,231.00,2,273.36
8400.00,3_1113,0.00,87.00,615.10,36.00,1,58.66
8401.00,3_1007,1.00,193.00,596.93,120.00,1,156.09
8403.00,3_893,0.00,310.00,617.75,229.00,2,275.18
8403.00,3_1009,3.00,191.00,596.93,120.00,1,157.75
8403.00,3_1130,1.00,72.00,615.10,17.00,1,36.20
8404.00,3_1011,7.00,186.00,596.93,119.00,2,153.73
8404.00,3_1136,2.00,66.00,615.10,13.00,1,36.58
8405.00,3_939,0.00,266.00,617.75,185.00,2,233.82
8409.00,3_1029,0.00,180.00,596.93,116.00,1,152.44
8410.00,3_940,0.00,270.00,617.75,184.00,2,232.40
8410.00,3_1143,0.00,67.00,615.10,10.00,1,24.80
8411.00,3_944,0.00,267.00,617.75,183.00,2,232.89
8411.00,3_1014,7.00,190.00,596.93,121.00,1,150.79
8411.00,3_1145,1.00,65.00,615.10,7.00,1,30.61
8413.00,3_952,0.00,261.00,617.75,176.00,2,226.39
8413.00,3_1159,0.00,54.00,615.10,0.00,0,17.35
8415.00,3_976,11.00,228.00,617.75,142.00,2,195.89
8416.00,3_1030,2.00,184.00,596.93,113.00,1,144.51
8417.00,3_1046,0.00,171.00,596.93,101.00,1,140.08
8418.00,3_997,0.00,221.00,617.75,134.00,2,187.37
8419.00,3_1047,2.00,170.00,596.93,99.00,1,136.19
8420.00,3_1164,4.00,52.00,617.75,0.00,0,20.17
8423.00,3_1065,0.00,158.00,596.93,84.00,1,122.33
8423.00,3_1177,0.00,46.00,615.10,0.00,0,15.89
8424.00,3_1086,0.00,138.00,596.93,66.00,1,104.98
8425.00,3_1171,0.00,54.00,617.75,0.00,0,15.97
8427.00,3_1002,2.00,223.00,617.75,131.00,3,191.93
8427.00,3_1096,0.00,131.00,596.93,54.00,1,97.82
8428.00,3_1120,0.00,108.00,596.93,35.00,1,80.00
8428.00,3_1174,0.00,54.00,617.75,1.00,1,22.34
8429.00,3_1184,1.00,44.00,615.10,0.00,0,6.51
8430.00,3_1189,0.00,41.00,615.10,0.00,0,10.08
8432.00,3_1008,3.00,221.00,617.75,126.00,4,183.47
8433.00,3_1124,0.00,109.00,596.93,32.00,1,74.49
8434.00,3_1028,0.00,206.00,617.75,122.00,4,172.48
8436.00,3_1045,0.00,191.00,617.75,108.00,1,155.71
8436.00,3_1128,0.00,108.00,596.93,31.00,1,71.38
8439.00,3_1067,1.00,171.00,617.75,87.00,2,135.06
8439.00,3_1131,3.00,105.00,596.93,25.00,1,68.58
8440.00,3_1092,1.00,147.00,617.75,64.00,1,117.68
8440.00,3_1160,2.00,78.00,596.93,0.00,0,51.26
8442.00,3_1071,0.00,171.00,617.75,84.00,1,135.73
8447.00,3_1020,0.00,227.00,615.10,182.00,1,196.19
8448.00,3_1024,0.00,224.00,596.93,180.00,1,193.19
8449.00,3_996,2.00,251.00,617.75,189.00,2,215.45
8449.00,3_1048,3.00,198.00,615.10,150.00,1,162.84
8450.00,3_1005,7.00,238.00,617.75,185.00,1,204.95
8450.00,3_1087,0.00,163.00,615.10,113.00,1,131.03
8452.00,3_1027,3.00,222.00,596.93,175.00,1,189.33
8452.00,3_1117,1.00,134.00,615.10,85.00,1,101.73
8454.00,3_1013,1.00,240.00,617.75,185.00,1,202.06
8454.00,3_1129,0.00,125.00,615.10,75.00,1,91.02
8455.00,3_1018,0.00,237.00,617.75,183.00,1,209.00
8455.00,3_1034,2.00,219.00,586.83,169.00,1,185.80
8456.00,3_1137,0.00,119.00,615.10,69.00,1,84.50
8457.00,3_1139,3.00,115.00,615.10,66.00,1,84.31
8458.00,3_1026,1.00,231.00,617.75,180.00,1,196.92
8458.00,3_1041,1.00,216.00,596.93,166.00,1,182.04
8459.00,3_1161,0.00,98.00,615.10,48.00,1,66.45
8460.00,3_1031,2.00,227.00,617.75,176.00,1,195.03
8460.00,3_1043,2.00,215.00,596.93,164.00,1,185.48
8461.00,3_1035,4.00,222.00,617.75,173.00,1,195.65
8462.00,3_1162,2.00,98.00,615.10,47.00,1,60.96
8464.00,3_1064,1.00,199.00,596.93,145.00,1,161.69
8464.00,3_1172,0.00,92.00,615.10,42.00,1,61.11
8465.00,3_1044,4.00,217.00,617.75,162.00,1,186.13
8465.00,3_1195,0.00,70.00,615.10,19.00,1,34.48
8466.00,3_1066,2.00,198.00,596.93,143.00,1,165.87
8467.00,3_1049,5.00,213.00,617.75,160.00,1,181.61
8467.00,3_1094,0.00,173.00,596.93,120.00,1,141.48
8467.00,3_1200,0.00,67.00,615.10,16.00,1,35.23
8469.00,3_1210,0.00,59.00,615.10,8.00,1,22.09
8470.00,3_1051,6.00,213.00,617.75,159.00,1,182.66
8470.00,3_1214,2.00,54.00,615.10,4.00,1,25.69
8471.00,3_1125,0.00,146.00,596.93,89.00,1,112.49
8472.00,3_1054,6.00,212.00,617.75,157.00,1,180.16
8473.00,3_1144,1.00,128.00,596.93,73.00,1,95.33
8475.00,3_1055,8.00,212.00,617.75,154.00,1,177.99
8477.00,3_1073,0.00,204.00,617.75,146.00,1,175.18
8477.00,3_1148,0.00,129.00,596.93,69.00,1,92.77
8479.00,3_1153,0.00,126.00,596.93,68.00,1,97.20
8481.00,3_1075,0.00,206.00,617.75,145.00,1,173.52
8482.00,3_1173,2.00,107.00,596.93,46.00,1,72.54
8483.00,3_1083,0.00,200.00,617.75,139.00,1,170.27
8486.00,3_1088,2.00,196.00,617.75,133.00,1,161.34
8486.00,3_1190,0.00,96.00,596.93,35.00,1,65.39
8488.00,3_1099,0.00,189.00,617.75,126.00,1,157.56
8488.00,3_1182,0.00,106.00,596.93,38.00,1,64.90
8489.00,3_1211,2.00,76.00,596.93,10.00,1,45.44
8490.00,3_1101,0.00,189.00,617.75,125.00,1,156.36
8493.00,3_1221,0.00,72.00,596.93,6.00,1,37.70
8495.00,3_1240,0.00,55.00,596.93,0.00,0,24.57
8496.00,3_1245,0.00,51.00,596.93,0.00,0,22.33
8498.00,3_1260,0.00,38.00,615.10,0.00,0,5.47
8499.00,3_1106,0.00,193.00,617.75,121.00,1,148.44
8501.00,3_1135,0.00,166.00,617.75,96.00,1,127.59
8502.00,3_1263,0.00,39.00,615.10,0.00,0,5.98
8503.00,3_1116,0.00,187.00,617.75,111.00,1,138.74
8503.00,3_1138,2.00,163.00,617.75,94.00,1,124.74
8506.00,3_1151,0.00,155.00,617.75,83.00,1,115.14
8506.00,3_1269,0.00,37.00,615.10,0.00,0,5.82
8507.00,3_1170,0.00,137.00,607.65,68.00,1,103.14
8509.00,3_1181,0.00,128.00,617.75,59.00,1,97.85
8511.00,3_1192,1.00,118.00,617.75,47.00,1,84.95
8515.00,3_1204,0.00,111.00,617.75,36.00,1,76.11
8515.00,3_1278,0.00,37.00,615.10,0.00,0,7.05
8516.00,3_1275,0.00,41.00,596.93,0.00,0,9.14
8517.00,3_1216,3.00,98.00,617.75,25.00,1,65.60
8520.00,3_1233,0.00,87.00,617.75,13.00,1,50.49
8521.00,3_1254,0.00,67.00,617.75,0.00,0,37.84
8524.00,3_1265,1.00,58.00,617.75,0.00,0,24.45
8526.00,3_1272,0.00,54.00,617.75,0.00,0,24.07
8532.00,3_1291,0.00,41.00,596.93,0.00,0,8.11
8540.00,3_794,4.00,542.00,596.93,476.00,3,513.05
8541.00,3_751,6.00,584.00,617.75,515.00,3,553.81
8542.00,3_900,1.00,441.00,615.10,373.00,3,409.21
8543.00,3_906,0.00,437.00,615.10,366.00,3,406.41
8544.00,3_806,0.00,538.00,596.93,470.00,3,505.26
8546.00,3_913,0.00,433.00,615.10,363.00,3,399.71
8547.00,3_857,0.00,490.00,596.93,419.00,3,456.32
8547.00,3_927,0.00,420.00,615.10,358.00,2,388.78
8549.00,3_878,1.00,470.00,596.93,397.00,3,437.28
8549.00,3_933,0.00,416.00,615.10,357.00,2,383.21
8550.00,3_760,0.00,590.00,617.75,512.00,3,546.33
8550.00,3_770,0.00,580.00,617.75,501.00,3,541.38
8552.00,3_938,3.00,411.00,615.10,351.00,2,376.42
8553.00,3_824,0.00,529.00,617.75,450.00,3,496.65
8553.00,3_888,2.00,463.00,596.93,389.00,3,428.44
8553.00,3_941,3.00,409.00,615.10,350.00,2,379.54
8554.00,3_786,0.00,568.00,617.75,487.00,3,528.23
8555.00,3_919,0.00,436.00,596.93,363.00,2,405.51
8556.00,3_826,0.00,530.00,617.75,446.00,3,498.22
8558.00,3_829,0.00,529.00,617.75,445.00,3,495.29
8558.00,3_923,0.00,435.00,596.93,360.00,2,400.25
8558.00,3_960,0.00,398.00,615.10,333.00,2,357.79
8559.00,3_972,0.00,387.00,615.10,322.00,2,354.88
8561.00,3_993,1.00,367.00,615.10,304.00,2,332.14
8562.00,3_832,2.00,528.00,617.75,442.00,3,492.72
8562.00,3_929,1.00,432.00,615.10,361.00,2,392.90
8562.00,3_934,2.00,426.00,596.93,357.00,3,394.28
8562.00,3_1006,0.00,356.00,615.10,293.00,2,318.34
8563.00,3_1025,0.00,338.00,615.10,276.00,2,307.15
8564.00,3_844,0.00,520.00,617.75,434.00,3,486.26
8564.00,3_945,2.00,417.00,596.93,349.00,2,385.30
8564.00,3_1038,0.00,326.00,615.10,262.00,2,294.72
8565.00,3_1053,0.00,312.00,615.10,254.00,1,281.79
8567.00,3_1069,0.00,298.00,615.10,248.00,1,264.60
8568.00,3_861,2.00,505.00,617.75,414.00,3,466.64
8569.00,3_965,0.00,404.00,596.93,331.00,2,367.68
8569.00,3_1081,0.00,288.00,615.10,238.00,1,254.20
8570.00,3_871,0.00,499.00,617.75,409.00,3,465.79
8570.00,3_899,0.00,471.00,617.75,383.00,3,438.22
8571.00,3_967,1.00,403.00,596.93,329.00,2,371.07
8571.00,3_1089,0.00,282.00,615.10,234.00,1,247.92
8572.00,3_980,1.00,391.00,596.93,319.00,2,362.07
8573.00,3_902,2.00,469.00,617.75,380.00,4,432.61
8573.00,3_1093,0.00,280.00,615.10,229.00,1,245.70
8574.00,3_991,0.00,383.00,596.93,309.00,2,353.92
8575.00,3_907,2.00,466.00,617.75,376.00,5,431.88
8577.00,3_1022,0.00,355.00,596.93,280.00,2,324.45
8577.00,3_1095,1.00,281.00,615.10,228.00,1,241.83
8578.00,3_935,4.00,439.00,617.75,351.00,2,403.53
8579.00,3_950,0.00,429.00,617.75,349.00,2,400.54
8579.00,3_1103,0.00,276.00,615.10,221.00,1,244.77
8580.00,3_1033,0.00,347.00,596.93,269.00,2,314.53
8580.00,3_1118,3.00,259.00,615.10,207.00,1,222.83
8581.00,3_958,0.00,423.00,617.75,346.00,2,392.31
8582.00,3_1119,5.00,258.00,615.10,205.00,1,223.33
8583.00,3_1126,1.00,256.00,615.10,202.00,1,224.04
8584.00,3_1042,0.00,342.00,596.93,263.00,2,306.77
8584.00,3_1187,1.00,196.00,615.10,148.00,1,172.39
8585.00,3_977,0.00,408.00,617.75,328.00,2,374.64
8585.00,3_1142,1.00,242.00,615.10,189.00,1,211.61
8586.00,3_1061,0.00,325.00,596.93,254.00,1,292.14
8587.00,3_978,1.00,408.00,617.75,328.00,2,378.86
8587.00,3_1168,3.00,216.00,615.10,163.00,1,180.58
8588.00,3_1074,0.00,314.00,596.93,250.00,1,282.16
8588.00,3_1197,0.00,191.00,615.10,139.00,1,157.89
8590.00,3_988,0.00,402.00,617.75,320.00,2,369.59
8590.00,3_1085,0.00,305.00,596.93,242.00,1,273.14
8592.00,3_1016,0.00,376.00,617.75,294.00,2,342.13
8592.00,3_1108,0.00,284.00,596.93,217.00,1,254.67
8593.00,3_1222,0.00,171.00,615.10,117.00,2,132.28
8594.00,3_1226,0.00,168.00,615.10,114.00,1,136.05
8595.00,3_1017,0.00,378.00,617.75,295.00,2,343.91
8595.00,3_1109,2.00,284.00,596.93,217.00,1,253.48
8596.00,3_1241,0.00,155.00,615.10,99.00,1,123.74
8597.00,3_1019,0.00,378.00,617.75,291.00,2,346.70
8597.00,3_1110,4.00,283.00,596.93,215.00,1,254.40
8597.00,3_1243,0.00,154.00,615.10,99.00,1,120.10
8597.00,3_1246,0.00,151.00,615.10,99.00,1,121.35
8598.00,3_1021,0.00,377.00,617.75,291.00,2,351.43
8599.00,3_1248,1.00,150.00,615.10,97.00,1,118.01
8600.00,3_1115,3.00,282.00,596.93,213.00,1,250.00
8600.00,3_1261,0.00,139.00,615.10,88.00,1,110.04
8601.00,3_1140,0.00,261.00,596.93,192.00,1,234.15
8604.00,3_1282,2.00,120.00,615.10,69.00,1,82.91
8605.00,3_1039,2.00,364.00,617.75,275.00,2,324.28
8606.00,3_1062,2.00,342.00,617.75,253.00,2,306.99
8608.00,3_1149,0.00,259.00,596.93,185.00,1,221.93
8608.00,3_1287,4.00,117.00,615.10,67.00,1,83.53
8609.00,3_1077,0.00,332.00,617.75,251.00,1,292.98
8611.00,3_1114,3.00,294.00,617.75,222.00,1,256.26
8611.00,3_1152,1.00,258.00,596.93,184.00,1,220.22
8611.00,3_1297,0.00,114.00,615.10,64.00,1,83.08
8612.00,3_1157,0.00,255.00,596.93,180.00,1,224.12
8612.00,3_1283,2.00,127.00,617.75,69.00,1,99.15
8614.00,3_1165,0.00,249.00,596.93,175.00,1,216.56
8615.00,3_1166,2.00,247.00,596.93,174.00,1,219.22
8617.00,3_1146,0.00,271.00,617.75,195.00,1,232.10
8617.00,3_1175,0.00,242.00,596.93,168.00,1,211.38
8618.00,3_1298,69.00,51.00,617.75,0.00,0,16.05
8620.00,3_1147,0.00,273.00,617.75,194.00,2,239.14
8621.00,3_1150,2.00,269.00,617.75,190.00,1,240.25
8621.00,3_1185,0.00,236.00,596.93,159.00,1,205.05
8621.00,3_1313,68.00,40.00,615.10,0.00,0,12.95
8623.00,3_1158,2.00,263.00,617.75,188.00,1,229.29
8624.00,3_1191,0.00,233.00,596.93,156.00,1,199.15
8626.00,3_1176,2.00,248.00,617.75,171.00,1,214.12
8626.00,3_1202,0.00,224.00,596.93,146.00,1,191.63
8628.00,3_1215,0.00,213.00,596.93,136.00,1,183.46
8628.00,3_1318,69.00,41.00,615.10,0.00,0,6.78
8629.00,3_1183,0.00,246.00,617.75,166.00,1,212.67
8630.00,3_1268,0.00,162.00,617.75,82.00,1,132.50
8633.00,3_1196,0.00,237.00,617.75,157.00,2,206.23
8633.00,3_1274,0.00,159.00,596.93,80.00,1,123.72
8634.00,3_1281,0.00,153.00,596.93,74.00,1,124.02
8634.00,3_1315,69.00,50.00,615.10,0.00,0,15.45
8636.00,3_1286,2.00,148.00,596.93,69.00,1,116.96
8638.00,3_1224,0.00,214.00,617.75,129.00,1,179.16
8640.00,3_1303,66.00,71.00,596.93,0.00,0,36.32
8641.00,3_1230,0.00,211.00,617.75,126.00,1,173.64
8642.00,3_1267,0.00,175.00,617.75,90.00,1,141.20
8642.00,3_1306,66.00,70.00,596.93,0.00,0,39.40
8645.00,3_1308,67.00,70.00,596.93,0.00,0,36.50
8645.00,3_1323,70.00,52.00,617.75,0.00,0,16.08
8646.00,3_1310,68.00,68.00,596.93,0.00,0,39.05
8647.00,3_1345,61.00,41.00,617.75,0.00,0,10.08
8649.00,3_1353,57.00,39.00,617.75,0.00,0,10.48
8651.00,3_1322,68.00,61.00,596.93,0.00,0,25.24
8653.00,3_1330,66.00,57.00,596.93,0.00,0,25.42
8658.00,3_1111,4.00,343.00,615.10,298.00,1,310.66
8659.00,3_1122,0.00,337.00,615.10,289.00,1,301.45
8660.00,3_1112,6.00,342.00,615.10,294.00,1,306.14
8660.00,3_1132,0.00,328.00,617.75,283.00,1,295.83
8662.00,3_1123,2.00,337.00,615.10,288.00,1,299.07
8662.00,3_1156,2.00,304.00,605.00,256.00,1,268.32
8663.00,3_1134,1.00,328.00,596.93,280.00,1,294.16
8663.00,3_1167,0.00,296.00,615.10,248.00,1,262.97
8664.00,3_1154,0.00,310.00,615.10,262.00,1,277.13
8665.00,3_1186,0.00,279.00,615.10,230.00,1,244.89
8666.00,3_1169,1.00,296.00,615.10,247.00,1,259.16
8667.00,3_1188,1.00,278.00,617.75,229.00,1,245.39
8668.00,3_1180,0.00,288.00,596.93,236.00,1,250.30
8668.00,3_1198,1.00,269.00,615.10,218.00,2,238.05
8669.00,3_1193,0.00,276.00,596.93,227.00,1,248.66
8669.00,3_1199,3.00,267.00,615.10,215.00,2,234.08
8670.00,3_1194,2.00,274.00,617.75,224.00,1,239.54
8671.00,3_1203,2.00,266.00,596.93,214.00,1,233.29
8671.00,3_1225,2.00,244.00,615.10,191.00,1,209.15
8672.00,3_1219,2.00,251.00,617.75,202.00,1,220.57
8672.00,3_1231,2.00,239.00,615.10,186.00,1,208.72
8673.00,3_1206,2.00,265.00,596.93,212.00,1,232.22
8675.00,3_1220,4.00,251.00,617.75,199.00,1,219.25
8675.00,3_1235,4.00,236.00,615.10,184.00,1,200.62
8676.00,3_1212,0.00,264.00,596.93,211.00,1,230.45
8676.00,3_1236,6.00,234.00,615.10,182.00,2,203.85
8679.00,3_1218,0.00,261.00,596.93,205.00,1,226.69
8679.00,3_1228,2.00,249.00,617.75,194.00,1,213.02
8679.00,3_1232,4.00,243.00,615.10,189.00,1,210.32
8680.00,3_1253,6.00,221.00,615.10,166.00,1,181.96
8681.00,3_1314,2.00,165.00,615.10,115.00,1,136.81
8682.00,3_1250,6.00,226.00,615.10,172.00,1,190.73
8683.00,3_1239,6.00,238.00,596.93,180.00,1,201.66
8683.00,3_1242,6.00,235.00,617.75,180.00,1,200.95
8684.00,3_1264,5.00,215.00,615.10,159.00,1,175.22
8685.00,3_1255,7.00,223.00,617.75,164.00,2,189.39
8685.00,3_1285,0.00,200.00,615.10,146.00,1,163.05
8686.00,3_1247,3.00,236.00,615.10,176.00,1,198.75
8686.00,3_1249,4.00,233.00,596.93,175.00,1,200.85
8686.00,3_1256,8.00,222.00,617.75,162.00,2,194.80
8686.00,3_1325,1.00,160.00,615.10,107.00,1,130.08
8687.00,3_1328,1.00,158.00,615.10,107.00,1,126.75
8688.00,3_1273,0.00,215.00,617.75,159.00,1,184.71
8689.00,3_1336,0.00,153.00,615.10,102.00,1,121.27
8690.00,3_1258,8.00,224.00,596.93,163.00,1,189.07
8691.00,3_1277,1.00,213.00,596.93,155.00,1,183.75
8691.00,3_1341,0.00,150.00,615.10,100.00,1,120.00
8693.00,3_1276,0.00,217.00,617.75,155.00,1,180.80
8693.00,3_1377,0.00,116.00,615.10,65.00,1,82.72
8694.00,3_1301,0.00,193.00,596.93,133.00,1,159.88
8694.00,3_1398,0.00,96.00,615.10,46.00,1,66.43
8695.00,3_1279,2.00,214.00,607.65,153.00,1,179.58
8696.00,3_1307,0.00,189.00,596.93,128.00,1,159.29
8697.00,3_1309,1.00,187.00,596.93,126.00,1,161.05
8698.00,3_1289,0.00,209.00,617.75,147.00,1,173.80
8698.00,3_1425,0.00,73.00,615.10,19.00,1,35.79
8699.00,3_1320,0.00,179.00,617.75,118.00,1,152.62
8699.00,3_1427,2.00,70.00,615.10,16.00,1,37.77
8702.00,3_1163,2.00,337.00,596.93,259.00,1,309.09
8703.00,3_1207,0.00,296.00,615.10,254.00,1,266.78
8706.00,3_1068,1.00,437.00,617.75,345.00,4,403.11
8707.00,3_1213,2.00,292.00,615.10,246.00,1,259.35
8708.00,3_1178,2.00,328.00,596.93,258.00,1,293.50
8709.00,3_1179,3.00,327.00,596.93,258.00,1,296.32
8709.00,3_1238,2.00,269.00,615.10,219.00,1,238.07
8710.00,3_1244,0.00,266.00,615.10,216.00,1,235.50
8712.00,3_1102,0.00,410.00,617.75,315.00,3,370.77
8713.00,3_1121,2.00,390.00,617.75,290.00,2,356.45
8713.00,3_1209,3.00,301.00,596.93,251.00,1,267.19
8713.00,3_1280,0.00,233.00,615.10,184.00,1,199.00
8715.00,3_1127,0.00,388.00,617.75,288.00,2,356.62
8715.00,3_1217,1.00,297.00,596.93,247.00,1,264.85
8715.00,3_1284,0.00,231.00,615.10,182.00,1,196.99
8716.00,3_1141,0.00,375.00,617.75,280.00,2,343.43
8716.00,3_1288,0.00,228.00,615.10,178.00,1,197.31
8717.00,3_1227,0.00,290.00,596.93,241.00,1,259.34
8718.00,3_1294,0.00,224.00,615.10,174.00,1,191.25
8719.00,3_1296,1.00,222.00,615.10,173.00,1,190.99
8721.00,3_1229,1.00,291.00,596.93,238.00,1,256.85
8721.00,3_1316,0.00,205.00,615.10,154.00,1,171.11
8722.00,3_1133,4.00,385.00,617.75,280.00,2,344.63
8722.00,3_1259,0.00,263.00,596.93,211.00,1,234.81
8723.00,3_1329,0.00,194.00,615.10,144.00,1,163.25
8724.00,3_1155,0.00,369.00,617.75,267.00,2,338.99
8724.00,3_1201,0.00,323.00,617.75,253.00,1,291.46
8724.00,3_1347,0.00,177.00,615.10,129.00,1,147.00
8725.00,3_1270,0.00,255.00,596.93,202.00,1,224.47
8726.00,3_1205,0.00,321.00,617.75,253.00,1,288.28
8726.00,3_1349,1.00,176.00,615.10,126.00,1,145.23
8727.00,3_1357,3.00,167.00,615.10,118.00,1,138.52
8729.00,3_1300,0.00,229.00,596.93,171.00,1,194.39
8730.00,3_1208,2.00,320.00,617.75,251.00,1,283.52
8732.00,3_1223,0.00,309.00,617.75,251.00,1,280.61
8733.00,3_1234,0.00,299.00,617.75,243.00,1,267.28
8734.00,3_1312,0.00,222.00,596.93,161.00,1,183.53
8734.00,3_1317,2.00,215.00,596.93,156.00,1,184.90
8736.00,3_1237,0.00,299.00,617.75,241.00,1,267.46
8736.00,3_1383,0.00,153.00,615.10,100.00,1,120.92
8737.00,3_1376,0.00,161.00,615.10,102.00,1,116.09
8738.00,3_1389,0.00,149.00,615.10,96.00,1,119.25
8740.00,3_1393,0.00,147.00,605.00,92.00,1,111.55
8741.00,3_1251,0.00,290.00,617.75,228.00,1,252.54
8741.00,3_1339,0.00,202.00,596.93,136.00,1,161.33
8741.00,3_1352,1.00,188.00,596.93,126.00,1,153.73
8741.00,3_1396,0.00,145.00,615.10,90.00,1,115.11
8742.00,3_1252,1.00,289.00,617.75,227.00,1,257.02
8743.00,3_1356,1.00,186.00,596.93,123.00,1,153.40
8744.00,3_1257,0.00,287.00,617.75,225.00,1,258.40
8744.00,3_1428,0.00,116.00,615.10,60.00,1,75.34
8745.00,3_1363,1.00,181.00,596.93,117.00,1,148.45
8746.00,3_1471,0.00,75.00,615.10,19.00,1,40.09
8747.00,3_1370,0.00,177.00,596.93,114.00,1,145.71
8748.00,3_1262,0.00,286.00,617.75,222.00,1,250.42
8748.00,3_1472,2.00,74.00,615.10,18.00,1,40.09
8749.00,3_1408,0.00,141.00,586.83,78.00,1,113.09
8749.00,3_1490,3.00,56.00,615.10,0.00,0,24.13
8750.00,3_1266,0.00,284.00,617.75,219.00,1,252.44
8750.00,3_1495,7.00,48.00,615.10,0.00,0,14.69
8751.00,3_1397,2.00,152.00,615.10,85.00,1,124.08
8751.00,3_1493,6.00,52.00,615.10,0.00,0,21.63
8752.00,3_1271,2.00,279.00,617.75,215.00,1,247.63
8754.00,3_1290,1.00,263.00,617.75,197.00,1,232.91
8754.00,3_1409,2.00,143.00,596.93,76.00,1,110.46
8757.00,3_1439,0.00,118.00,596.93,51.00,1,84.75
8758.00,3_1326,0.00,232.00,617.75,165.00,1,198.45
8760.00,3_1482,0.00,78.00,596.93,10.00,1,44.24
8762.00,3_1405,0.00,157.00,617.75,102.00,1,121.09
8762.00,3_1487,0.00,75.00,596.93,6.00,1,45.90
8764.00,3_1343,0.00,221.00,617.75,150.00,2,187.66
8764.00,3_1488,2.00,74.00,596.93,4.00,1,41.51
8765.00,3_1450,0.00,115.00,617.75,58.00,2,84.24
8767.00,3_1355,1.00,211.00,617.75,137.00,2,182.21
8769.00,3_1492,4.00,73.00,596.93,0.00,0,36.23
8770.00,3_1522,1.00,47.00,615.10,0.00,0,17.14
8771.00,3_1499,6.00,66.00,596.93,0.00,0,32.55
8771.00,3_1530,0.00,41.00,615.10,0.00,0,13.41
8772.00,3_1509,5.00,58.00,617.75,0.00,0,24.59
8773.00,3_1500,8.00,65.00,596.93,0.00,0,36.34
8774.00,3_1360,3.00,211.00,617.75,133.00,2,179.71
8775.00,3_1532,1.00,42.00,615.10,0.00,0,8.46
8776.00,3_1508,3.00,65.00,596.93,0.00,0,32.04
8776.00,3_1521,1.00,54.00,617.75,0.00,0,21.31
8778.00,3_1366,1.00,211.00,617.75,134.00,3,180.22
8778.00,3_1511,4.00,63.00,596.93,0.00,0,30.75
8779.00,3_1517,2.00,60.00,596.93,0.00,0,32.35
8780.00,3_1540,1.00,39.00,615.10,0.00,0,8.85
8781.00,3_1524,2.00,55.00,596.93,0.00,0,26.20
8782.00,3_1367,1.00,214.00,617.75,131.00,2,180.19
8783.00,3_1538,0.00,45.00,596.93,0.00,0,16.93
8785.00,3_1379,0.00,206.00,617.75,123.00,2,169.68
8787.00,3_1385,1.00,201.00,617.75,118.00,2,167.66
8789.00,3_1390,2.00,197.00,617.75,113.00,2,163.24
8791.00,3_1394,0.00,197.00,617.75,111.00,1,165.02
8792.00,3_1549,0.00,43.00,596.93,0.00,0,9.32
8792.00,3_1554,2.00,36.00,615.10,0.00,0,6.22
8793.00,3_1399,3.00,191.00,617.75,109.00,1,158.54
8794.00,3_1553,0.00,41.00,596.93,0.00,0,8.75
8797.00,3_1476,1.00,120.00,617.75,31.00,1,87.23
8798.00,3_1430,1.00,167.00,617.75,84.00,1,141.77
8801.00,3_1561,0.00,40.00,615.10,0.00,0,5.05
8803.00,3_1452,0.00,151.00,617.75,61.00,2,122.80
8806.00,3_1571,0.00,35.00,615.10,0.00,0,6.16
8808.00,3_1455,0.00,153.00,617.75,59.00,2,108.67
8809.00,3_1486,0.00,123.00,617.75,28.00,2,87.34
8813.00,3_1516,2.00,95.00,617.75,4.00,1,54.31
8815.00,3_1534,2.00,79.00,617.75,0.00,0,46.58
8816.00,3_1541,3.00,72.00,617.75,0.00,0,40.17
8818.00,3_1577,0.00,41.00,617.75,0.00,0,10.92
8822.00,3_1302,3.00,317.00,615.10,275.00,1,287.76
8825.00,3_1319,0.00,306.00,615.10,258.00,1,274.77
8826.00,3_1292,2.00,332.00,596.93,281.00,1,293.36
8827.00,3_1293,4.00,330.00,596.93,280.00,1,304.00
8827.00,3_1342,4.00,281.00,615.10,233.00,1,250.27
8828.00,3_1295,5.00,328.00,617.75,277.00,1,288.25
8828.00,3_1321,1.00,306.00,596.93,259.00,1,275.68
8829.00,3_1304,4.00,321.00,617.75,272.00,1,289.18
8832.00,3_1299,4.00,329.00,617.75,275.00,1,286.71
8832.00,3_1327,0.00,305.00,596.93,256.00,1,271.39
8832.00,3_1346,3.00,283.00,615.10,232.00,1,244.43
8833.00,3_1348,4.00,281.00,596.93,232.00,1,252.27
8833.00,3_1354,1.00,278.00,615.10,225.00,1,246.80
8834.00,3_1305,6.00,323.00,617.75,271.00,1,287.08
8835.00,3_1359,0.00,276.00,596.93,228.00,1,248.44
8835.00,3_1362,0.00,273.00,615.10,222.00,1,243.19
8836.00,3_1334,0.00,302.00,617.75,251.00,1,267.74
8837.00,3_1335,2.00,300.00,617.75,249.00,1,265.56
8837.00,3_1369,2.00,266.00,615.10,214.00,1,231.59
8838.00,3_1391,1.00,246.00,615.10,193.00,1,212.43
8840.00,3_1338,2.00,300.00,617.75,247.00,1,267.56
8840.00,3_1374,6.00,260.00,596.93,206.00,1,224.04
8840.00,3_1406,0.00,234.00,615.10,181.00,1,201.79
8841.00,3_1416,6.00,219.00,615.10,169.00,1,187.84
8842.00,3_1340,3.00,299.00,617.75,245.00,1,264.79
8842.00,3_1386,0.00,256.00,596.93,203.00,1,223.71
8843.00,3_1418,10.00,215.00,615.10,165.00,1,185.58
8843.00,3_1441,4.00,198.00,615.10,148.00,1,166.65
8844.00,3_1364,1.00,279.00,617.75,225.00,1,248.04
8844.00,3_1442,6.00,196.00,615.10,148.00,1,166.63
8846.00,3_1411,0.00,235.00,596.93,178.00,1,197.73
8846.00,3_1462,0.00,184.00,615.10,134.00,1,154.75
8847.00,3_1365,3.00,279.00,617.75,224.00,1,247.41
8848.00,3_1412,2.00,234.00,596.93,177.00,1,201.99
8849.00,3_1413,4.00,232.00,596.93,177.00,1,198.13
8849.00,3_1463,2.00,184.00,615.10,134.00,1,149.06
8850.00,3_1371,3.00,276.00,617.75,219.00,1,241.89
8851.00,3_1417,8.00,226.00,596.93,171.00,1,193.06
8852.00,3_1469,0.00,183.00,615.10,133.00,1,146.68
8853.00,3_1420,11.00,222.00,596.93,166.00,1,189.62
8854.00,3_1373,4.00,277.00,617.75,218.00,1,238.53
8854.00,3_1480,2.00,172.00,615.10,117.00,2,136.60
8855.00,3_1501,0.00,154.00,615.10,102.00,1,121.53
8857.00,3_1436,6.00,215.00,596.93,156.00,1,181.83
8857.00,3_1507,0.00,150.00,615.10,97.00,1,120.52
8858.00,3_1388,1.00,269.00,617.75,207.00,1,229.79
8858.00,3_1400,0.00,258.00,617.75,199.00,1,226.28
8858.00,3_1459,0.00,199.00,596.93,141.00,1,168.84
8858.00,3_1572,0.00,86.00,615.10,33.00,1,56.05
8860.00,3_1586,1.00,73.00,615.10,22.00,1,43.73
8861.00,3_1414,6.00,241.00,617.75,179.00,1,205.50
8861.00,3_1587,3.00,71.00,615.10,20.00,1,41.21
8862.00,3_1479,0.00,183.00,615.10,123.00,1,147.24
8863.00,3_1421,13.00,229.00,617.75,167.00,1,194.18
8868.00,3_1331,68.00,269.00,596.93,210.00,1,234.66
8869.00,3_1381,38.00,250.00,617.75,205.00,1,217.67
8869.00,3_1382,40.00,247.00,615.10,202.00,1,217.12
8870.00,3_1337,65.00,268.00,596.93,210.00,2,239.08
8870.00,3_1380,36.00,254.00,615.10,206.00,1,216.84
8871.00,3_1403,31.00,237.00,615.10,188.00,1,200.99
8872.00,3_1351,58.00,263.00,596.93,208.00,1,230.24
8873.00,3_1410,30.00,233.00,615.10,183.00,1,197.98
8874.00,3_1402,7.00,265.00,586.83,207.00,1,235.25
8874.00,3_1423,23.00,228.00,615.10,178.00,2,197.33
8875.00,3_1384,41.00,250.00,617.75,200.00,1,216.02
8876.00,3_1375,38.00,263.00,596.93,207.00,1,233.40
8876.00,3_1407,30.00,239.00,617.75,191.00,1,208.84
8876.00,3_1447,20.00,209.00,615.10,160.00,2,181.22
8878.00,3_1453,17.00,208.00,615.10,157.00,2,174.12
8879.00,3_1485,9.00,185.00,615.10,137.00,1,151.29
8880.00,3_1438,20.00,222.00,617.75,170.00,1,186.23
8881.00,3_1387,41.00,253.00,596.93,201.00,1,216.70
8881.00,3_1481,10.00,190.00,615.10,139.00,2,155.05
8882.00,3_1440,21.00,221.00,617.75,168.00,1,188.76
8883.00,3_1392,39.00,252.00,596.93,200.00,1,220.31
8883.00,3_1456,17.00,210.00,617.75,157.00,1,179.57
8883.00,3_1518,0.00,165.00,615.10,112.00,1,129.57
8885.00,3_1419,24.00,242.00,596.93,189.00,1,208.55
8885.00,3_1563,0.00,122.00,615.10,69.00,1,87.47
8886.00,3_1457,19.00,210.00,617.75,157.00,1,178.64
8886.00,3_1585,0.00,101.00,615.10,50.00,1,73.89
8887.00,3_1424,25.00,238.00,596.93,187.00,1,207.37
8888.00,3_1432,19.00,237.00,596.93,185.00,1,208.07
8888.00,3_1592,5.00,91.00,615.10,37.00,1,56.82
8890.00,3_1435,20.00,235.00,596.93,182.00,1,206.99
8890.00,3_1601,4.00,85.00,615.10,31.00,1,53.96
8891.00,3_1489,8.00,194.00,617.75,136.00,1,155.74
8891.00,3_1604,6.00,81.00,615.10,30.00,1,51.66
8893.00,3_1491,8.00,194.00,617.75,135.00,1,159.64
8893.00,3_1605,8.00,80.00,615.10,29.00,1,48.08
8894.00,3_1444,20.00,230.00,596.93,173.00,1,198.94
8894.00,3_1496,8.00,190.00,617.75,134.00,1,157.59
8895.00,3_1614,11.00,70.00,615.10,20.00,1,35.09
8896.00,3_1498,8.00,190.00,617.75,132.00,1,161.59
8897.00,3_1613,9.00,75.00,615.10,17.00,2,42.37
8898.00,3_1458,21.00,219.00,596.93,161.00,1,184.28
8899.00,3_1502,7.00,190.00,617.75,131.00,1,156.12
8899.00,3_1617,14.00,68.00,615.10,16.00,1,32.30
8900.00,3_1460,22.00,218.00,596.93,161.00,1,187.32
8900.00,3_1520,1.00,179.00,617.75,121.00,1,150.25
8900.00,3_1619,15.00,66.00,615.10,14.00,1,33.98
8902.00,3_1461,24.00,217.00,596.93,158.00,1,185.76
8902.00,3_1539,1.00,162.00,617.75,105.00,1,132.34
8902.00,3_1623,17.00,62.00,615.10,11.00,1,32.03
8904.00,3_1468,20.00,216.00,596.93,156.00,1,184.76
8905.00,3_1552,2.00,151.00,617.75,92.00,1,120.75
8906.00,3_1494,7.00,205.00,596.93,146.00,1,174.38
8907.00,3_1559,0.00,148.00,617.75,86.00,1,116.53
8908.00,3_1523,0.00,185.00,596.93,125.00,1,156.53
8910.00,3_1564,2.00,144.00,617.75,80.00,1,113.82
8912.00,3_1575,1.00,136.00,617.75,73.00,1,103.64
8912.00,3_1673,0.00,39.00,615.10,0.00,0,12.04
8914.00,3_1573,0.00,141.00,596.93,85.00,1,104.43
8915.00,3_1674,2.00,39.00,615.10,0.00,0,9.86
8916.00,3_1537,0.00,179.00,596.93,112.00,1,147.61
8917.00,3_1545,0.00,172.00,596.93,106.00,1,141.80
8918.00,3_1590,2.00,126.00,617.75,59.00,1,88.08
8918.00,3_1668,0.00,50.00,615.10,0.00,0,19.66
8919.00,3_1595,5.00,119.00,617.75,52.00,1,88.95
8919.00,3_1608,8.00,103.00,596.93,45.00,1,74.23
8921.00,3_1603,5.00,113.00,617.75,46.00,1,78.19
8922.00,3_1546,2.00,174.00,596.93,106.00,2,143.62
8923.00,3_1644,5.00,74.00,617.75,8.00,1,41.31
8924.00,3_1655,0.00,69.00,617.75,3.00,1,38.98
8926.00,3_1551,0.00,175.00,596.93,103.00,1,140.84
8927.00,3_1565,2.00,160.00,596.93,87.00,1,129.51
8927.00,3_1657,0.00,70.00,617.75,1.00,1,38.82
8930.00,3_1569,1.00,160.00,596.93,87.00,1,127.94
8930.00,3_1665,0.00,65.00,617.75,0.00,0,30.81
8933.00,3_1697,0.00,36.00,615.10,0.00,0,8.48
8934.00,3_1589,0.00,145.00,596.93,70.00,1,109.43
8935.00,3_1684,0.00,51.00,617.75,0.00,0,19.53
8936.00,3_1591,3.00,142.00,596.93,67.00,2,108.12
8937.00,3_1671,0.00,66.00,617.75,0.00,0,24.06
8940.00,3_1600,2.00,138.00,596.93,59.00,3,101.05
8942.00,3_1709,0.00,33.00,615.10,0.00,0,6.36
8943.00,3_1616,12.00,115.00,596.93,36.00,2,85.56
8946.00,3_1611,8.00,127.00,596.93,42.00,1,84.09
8947.00,3_1620,17.00,110.00,596.93,26.00,2,79.64
8949.00,3_1624,19.00,106.00,596.93,21.00,1,73.57
8955.00,3_1631,15.00,109.00,596.93,20.00,1,69.73
8955.00,3_1678,1.00,76.00,596.93,0.00,0,44.58
8957.00,3_1703,0.00,54.00,596.93,0.00,0,24.43
8959.00,3_1719,0.00,40.00,617.75,0.00,0,9.78
8960.00,3_1706,0.00,54.00,596.93,0.00,0,19.97
8963.00,3_1710,3.00,50.00,586.83,0.00,0,15.35
8966.00,3_1725,0.00,41.00,596.93,0.00,0,9.43
8976.00,3_1311,2.00,463.00,596.93,396.00,2,434.28
8978.00,3_1445,0.00,333.00,615.10,274.00,2,303.00
8980.00,3_1324,0.00,456.00,617.75,386.00,2,419.87
8980.00,3_1415,0.00,365.00,615.10,301.00,2,327.45
8982.00,3_1344,0.00,438.00,615.10,367.00,2,401.91
8983.00,3_1332,0.00,451.00,617.75,380.00,2,415.39
8983.00,3_1358,0.00,425.00,596.93,355.00,2,390.67
8984.00,3_1333,1.00,450.00,607.65,380.00,2,419.71
8984.00,3_1451,0.00,333.00,615.10,270.00,1,294.97
8985.00,3_1504,2.00,279.00,615.10,233.00,1,251.26
8986.00,3_1404,0.00,382.00,615.10,305.00,3,351.64
8986.00,3_1475,2.00,309.00,615.10,258.00,1,273.28
8987.00,3_1350,0.00,437.00,617.75,364.00,2,404.25
8987.00,3_1477,3.00,307.00,615.10,256.00,1,273.71
8989.00,3_1361,0.00,428.00,617.75,355.00,2,400.10
8989.00,3_1505,4.00,280.00,615.10,233.00,1,250.10
8990.00,3_1422,0.00,368.00,596.93,294.00,2,331.30
8990.00,3_1512,3.00,275.00,615.10,228.00,1,248.38
8991.00,3_1368,0.00,423.00,617.75,351.00,2,391.68
8992.00,3_1448,0.00,344.00,596.93,271.00,2,316.04
8992.00,3_1535,0.00,257.00,615.10,205.00,1,229.04
8993.00,3_1542,0.00,251.00,615.10,199.00,1,219.50
8994.00,3_1437,0.00,357.00,596.93,280.00,2,318.77
8995.00,3_1557,0.00,238.00,615.10,190.00,1,207.76
8996.00,3_1470,1.00,325.00,596.93,269.00,1,291.99
8997.00,3_1558,2.00,237.00,615.10,188.00,1,204.94
8998.00,3_1378,2.00,418.00,617.75,335.00,3,377.68
8998.00,3_1560,3.00,235.00,615.10,188.00,1,209.72
8999.00,3_1372,0.00,427.00,617.75,348.00,2,398.62
9000.00,3_1570,3.00,227.00,615.10,178.00,1,198.41
9001.00,3_1395,0.00,406.00,617.75,318.00,5,375.57
9001.00,3_1473,1.00,327.00,596.93,268.00,1,290.38
9002.00,3_1478,5.00,319.00,596.93,263.00,1,291.07
9002.00,3_1579,0.00,223.00,615.10,174.00,1,190.22
9004.00,3_1401,0.00,403.00,617.75,310.00,4,365.33
9004.00,3_1506,6.00,292.00,596.93,236.00,1,259.01
9004.00,3_1583,0.00,221.00,615.10,172.00,1,188.12
9005.00,3_1426,2.00,377.00,617.75,282.00,4,344.71
9006.00,3_1513,5.00,288.00,596.93,232.00,1,256.97
9006.00,3_1599,0.00,207.00,615.10,157.00,1,174.33
9007.00,3_1634,2.00,171.00,615.10,121.00,1,143.20
9009.00,3_1642,0.00,167.00,615.10,117.00,1,137.75
9010.00,3_1465,0.00,345.00,617.75,267.00,2,306.97
9010.00,3_1651,2.00,157.00,615.10,109.00,1,126.41
9011.00,3_1466,1.00,344.00,617.75,268.00,1,313.11
9011.00,3_1515,6.00,290.00,596.93,230.00,1,253.13
9012.00,3_1663,6.00,143.00,615.10,94.00,1,113.29
9013.00,3_1467,2.00,344.00,617.75,267.00,1,312.32
9013.00,3_1547,0.00,266.00,596.93,204.00,1,238.31
9014.00,3_1548,2.00,264.00,596.93,204.00,1,233.16
9016.00,3_1670,6.00,140.00,615.10,87.00,1,103.39
9017.00,3_1497,0.00,320.00,617.75,257.00,1,285.77
9018.00,3_1568,2.00,248.00,596.93,184.00,1,213.00
9018.00,3_1677,3.00,138.00,615.10,86.00,1,103.69
9020.00,3_1503,0.00,317.00,617.75,252.00,1,279.57
9021.00,3_1602,0.00,219.00,596.93,155.00,1,183.61
9022.00,3_1525,0.00,297.00,617.75,231.00,1,261.77
9023.00,3_1526,2.00,295.00,617.75,229.00,1,261.80
9024.00,3_1610,0.00,214.00,596.93,148.00,1,177.34
9026.00,3_1543,2.00,281.00,617.75,215.00,1,244.86
9027.00,3_1612,1.00,214.00,596.93,146.00,1,177.80
9027.00,3_1696,1.00,130.00,615.10,72.00,1,92.85
9028.00,3_1618,0.00,210.00,596.93,143.00,1,179.07
9028.00,3_1694,0.00,134.00,617.75,75.00,1,99.50
9029.00,3_1566,0.00,263.00,617.75,196.00,1,233.71
9029.00,3_1723,2.00,104.00,615.10,49.00,1,71.98
9030.00,3_1726,2.00,102.00,615.10,48.00,1,72.83
9031.00,3_1708,0.00,123.00,617.75,63.00,1,96.92
9033.00,3_1567,1.00,265.00,617.75,197.00,3,236.81
9033.00,3_1625,0.00,208.00,596.93,137.00,1,170.39
9033.00,3_1730,2.00,101.00,615.10,47.00,1,66.70
9035.00,3_1629,0.00,206.00,596.93,135.00,1,169.77
9038.00,3_1576,0.00,262.00,617.75,190.00,2,228.84
9038.00,3_1632,1.00,205.00,596.93,132.00,1,168.22
9039.00,3_1621,0.00,218.00,617.75,145.00,2,188.72
9040.00,3_1646,0.00,194.00,596.93,123.00,1,160.52
9041.00,3_1648,1.00,192.00,596.93,121.00,1,163.84
9042.00,3_1744,0.00,98.00,617.75,38.00,1,67.68
9043.00,3_1762,0.00,81.00,615.10,27.00,1,48.63
9045.00,3_1652,4.00,189.00,596.93,114.00,1,153.56
9046.00,3_1653,6.00,187.00,596.93,112.00,1,155.51
9046.00,3_1776,29.00,41.00,615.10,0.00,0,10.50
9047.00,3_1748,0.00,99.00,617.75,36.00,1,61.70
9048.00,3_1656,6.00,186.00,596.93,112.00,1,157.29
9050.00,3_1659,7.00,184.00,596.93,109.00,1,153.51
9052.00,3_1755,2.00,95.00,617.75,29.00,1,52.63
9053.00,3_1760,1.00,92.00,617.75,27.00,1,59.49
9054.00,3_1628,0.00,226.00,617.75,145.00,5,194.74
9054.00,3_1667,6.00,181.00,596.93,104.00,1,148.17
9056.00,3_1707,0.00,149.00,617.75,81.00,2,115.14
9056.00,3_1784,25.00,47.00,615.10,0.00,0,13.48
9057.00,3_1767,4.00,86.00,596.93,19.00,2,50.70
9058.00,3_1779,29.00,50.00,617.75,0.00,0,16.25
9060.00,3_1680,4.00,176.00,596.93,95.00,2,140.93
9060.00,3_1711,0.00,149.00,617.75,64.00,2,117.87
9062.00,3_1722,0.00,140.00,596.93,58.00,1,110.77
9063.00,3_1630,2.00,231.00,617.75,141.00,4,197.42
9063.00,3_1808,16.00,39.00,615.10,0.00,0,9.09
9066.00,3_1727,4.00,135.00,617.75,46.00,1,102.55
9066.00,3_1741,0.00,125.00,596.93,42.00,1,88.67
9067.00,3_1749,0.00,118.00,596.93,35.00,1,85.16
9069.00,3_1754,0.00,115.00,596.93,31.00,1,83.70
9071.00,3_1639,0.00,232.00,617.75,134.00,1,194.68
9072.00,3_1645,0.00,227.00,617.75,127.00,2,196.34
9072.00,3_1756,2.00,114.00,596.93,30.00,1,80.61
9072.00,3_1822,9.00,41.00,615.10,0.00,0,7.58
9074.00,3_1649,3.00,222.00,617.75,122.00,3,190.47
9074.00,3_1764,1.00,109.00,596.93,26.00,1,76.93
9076.00,3_1658,7.00,211.00,617.75,114.00,1,180.79
9076.00,3_1765,3.00,108.00,596.93,23.00,1,79.59
9077.00,3_1666,6.00,205.00,617.75,107.00,1,177.08
9079.00,3_1676,3.00,200.00,617.75,103.00,1,169.79
9080.00,3_1771,25.00,84.00,596.93,0.00,0,49.42
9082.00,3_1793,21.00,68.00,596.93,0.00,0,37.46
9084.00,3_1798,20.00,66.00,596.93,0.00,0,37.15
9085.00,3_1679,4.00,202.00,617.75,101.00,1,167.16
9086.00,3_1682,5.00,199.00,617.75,97.00,1,169.92
9091.00,3_1578,2.00,311.00,596.93,267.00,1,279.25
9092.00,3_1580,3.00,309.00,615.10,263.00,1,274.46
9093.00,3_1582,4.00,307.00,596.93,262.00,1,275.24
9093.00,3_1607,2.00,284.00,617.75,237.00,1,249.71
9095.00,3_1606,0.00,289.00,615.10,241.00,1,252.99
9095.00,3_1626,0.00,269.00,617.75,222.00,1,238.45
9096.00,3_1597,0.00,299.00,596.93,253.00,1,266.98
9096.00,3_1654,0.00,242.00,615.10,194.00,1,209.68
9097.00,3_1661,2.00,234.00,615.10,184.00,1,203.87
9098.00,3_1615,0.00,283.00,596.93,235.00,1,254.38
9098.00,3_1714,4.00,180.00,615.10,130.00,1,150.37
9100.00,3_1643,0.00,257.00,596.93,208.00,1,226.92
9100.00,3_1660,0.00,240.00,617.75,192.00,1,208.17
9100.00,3_1732,2.00,166.00,615.10,118.00,1,134.31
9101.00,3_1664,2.00,235.00,617.75,185.00,1,207.51
9102.00,3_1734,3.00,165.00,615.10,115.00,1,133.11
9103.00,3_1731,0.00,172.00,615.10,117.00,2,137.29
9104.00,3_1647,0.00,257.00,596.93,206.00,1,223.67
9104.00,3_1695,0.00,209.00,617.75,159.00,1,178.02
9106.00,3_1740,5.00,161.00,615.10,107.00,1,124.69
9107.00,3_1672,0.00,235.00,596.93,182.00,1,200.96
9107.00,3_1794,4.00,109.00,615.10,60.00,1,77.78
9109.00,3_1698,0.00,211.00,617.75,156.00,1,175.12
9109.00,3_1800,1.00,108.00,615.10,57.00,1,72.71
9111.00,3_1681,0.00,230.00,596.93,174.00,1,193.27
9111.00,3_1705,2.00,204.00,617.75,148.00,1,168.10
9111.00,3_1801,3.00,107.00,615.10,56.00,1,75.62
9112.00,3_1716,5.00,191.00,607.65,136.00,1,158.34
9114.00,3_1720,4.00,190.00,617.75,135.00,1,159.40
9114.00,3_1825,0.00,89.00,615.10,35.00,1,50.98
9115.00,3_1686,0.00,229.00,596.93,169.00,1,190.46
9115.00,3_1843,0.00,72.00,615.10,20.00,1,43.97
9116.00,3_1701,0.00,215.00,596.93,157.00,1,181.76
9117.00,3_1702,2.00,213.00,596.93,154.00,1,184.09
9117.00,3_1858,0.00,59.00,615.10,8.00,1,29.86
9118.00,3_1724,2.00,192.00,617.75,133.00,1,159.41
9119.00,3_1712,0.00,207.00,596.93,149.00,1,180.50
9120.00,3_1713,2.00,205.00,596.93,148.00,1,179.57
9120.00,3_1737,6.00,177.00,617.75,120.00,1,143.05
9123.00,3_1745,3.00,175.00,617.75,114.00,1,142.57
9124.00,3_1728,0.00,196.00,596.93,137.00,1,164.49
9125.00,3_1746,4.00,175.00,617.75,113.00,1,140.82
9127.00,3_1736,4.00,187.00,596.93,128.00,1,153.45
9129.00,3_1750,2.00,177.00,617.75,113.00,1,141.94
9130.00,3_1753,3.00,174.00,596.93,110.00,1,140.61
9131.00,3_1752,2.00,177.00,617.75,112.00,1,147.69
9131.00,3_1758,3.00,170.00,596.93,107.00,1,140.53
9132.00,3_1757,2.00,173.00,617.75,110.00,1,143.76
9133.00,3_1769,0.00,164.00,586.83,104.00,1,136.00
9134.00,3_1759,5.00,170.00,617.75,107.00,1,138.92
9140.00,3_1474,0.00,466.00,615.10,403.00,2,437.01
9142.00,3_1588,5.00,349.00,615.10,290.00,2,314.45
9143.00,3_1596,4.00,343.00,615.10,283.00,2,311.46
9144.00,3_1429,7.00,508.00,607.65,442.00,2,470.70
9144.00,3_1510,0.00,434.00,615.10,366.00,2,399.17
9144.00,3_1519,0.00,425.00,596.93,361.00,2,395.94
9146.00,3_1598,4.00,344.00,615.10,282.00,2,309.85
9147.00,3_1433,4.00,510.00,617.75,441.00,2,470.84
9148.00,3_1431,5.00,512.00,617.75,439.00,2,479.84
9150.00,3_1735,1.00,214.00,596.93,172.00,1,185.33
9152.00,3_1738,1.00,213.00,596.93,170.00,1,184.00
9152.00,3_1763,0.00,189.00,615.10,143.00,1,156.80
9155.00,3_1733,0.00,222.00,617.75,173.00,1,183.83
9155.00,3_1747,0.00,208.00,596.93,164.00,1,178.30
9156.00,3_1786,0.00,170.00,617.75,122.00,1,137.41
9157.00,3_1775,0.00,182.00,615.10,131.00,1,142.76
9158.00,3_1792,0.00,166.00,617.75,117.00,1,131.98
9159.00,3_1770,0.00,189.00,596.93,142.00,1,157.36
9159.00,3_1810,2.00,147.00,615.10,93.00,1,112.89
9160.00,3_1805,0.00,155.00,617.75,106.00,1,127.13
9160.00,3_1849,0.00,111.00,615.10,58.00,1,77.78
9161.00,3_1780,0.00,181.00,596.93,133.00,1,149.16
9161.00,3_1834,0.00,127.00,617.75,79.00,1,94.85
9162.00,3_1851,1.00,110.00,615.10,54.00,1,77.70
9163.00,3_1838,2.00,123.00,617.75,73.00,1,91.08
9163.00,3_1862,1.00,100.00,615.10,50.00,1,62.86
9165.00,3_1809,0.00,156.00,596.93,105.00,1,121.07
9165.00,3_1864,2.00,99.00,615.10,47.00,1,68.11
9166.00,3_1816,0.00,150.00,596.93,101.00,1,121.75
9166.00,3_1876,2.00,88.00,615.10,38.00,1,57.90
9167.00,3_1860,0.00,107.00,617.75,54.00,1,72.71
9168.00,3_1818,1.00,149.00,596.93,97.00,1,118.49
9168.00,3_1884,0.00,84.00,615.10,33.00,2,57.04
9170.00,3_1866,3.00,101.00,617.75,46.00,1,65.13
9171.00,3_1923,0.00,48.00,615.10,0.00,0,9.67
9173.00,3_1875,0.00,98.00,617.75,43.00,1,62.27
9173.00,3_1933,0.00,40.00,615.10,0.00,0,11.22
9174.00,3_1824,0.00,150.00,596.93,93.00,1,112.28
9175.00,3_1836,1.00,138.00,596.93,84.00,1,107.60
9176.00,3_1885,2.00,89.00,617.75,30.00,1,51.35
9177.00,3_1853,2.00,122.00,596.93,67.00,1,95.54
9178.00,3_1891,1.00,86.00,617.75,28.00,1,47.47
9179.00,3_1879,1.00,99.00,596.93,41.00,1,66.46
9179.00,3_1899,0.00,80.00,617.75,22.00,1,51.24
9180.00,3_1937,2.00,41.00,615.10,0.00,0,9.19
9181.00,3_1925,1.00,55.00,617.75,0.00,0,27.41
9182.00,3_1887,2.00,93.00,596.93,36.00,1,59.88
9184.00,3_1892,2.00,90.00,596.93,31.00,1,58.08
9184.00,3_1928,3.00,53.00,617.75,0.00,0,19.10
9189.00,3_1841,6.00,142.00,615.10,97.00,1,111.81
9190.00,3_1819,8.00,163.00,596.93,101.00,1,128.85
9191.00,3_1687,2.00,302.00,617.75,195.00,2,268.68
9191.00,3_1842,8.00,141.00,615.10,95.00,1,110.19
9193.00,3_1688,3.00,302.00,617.75,194.00,2,268.14
9193.00,3_1850,3.00,140.00,615.10,94.00,1,109.90
9197.00,3_1685,3.00,309.00,617.75,193.00,3,273.94
9197.00,3_1868,2.00,127.00,615.10,76.00,1,92.73
9198.00,3_1691,1.00,306.00,617.75,190.00,2,278.29
9198.00,3_1831,7.00,160.00,596.93,97.00,1,124.44
9198.00,3_1904,2.00,92.00,615.10,42.00,1,60.08
9199.00,3_1828,6.00,165.00,596.93,98.00,1,120.93
9200.00,3_1833,8.00,159.00,596.93,96.00,1,126.10
9200.00,3_1910,2.00,88.00,615.10,41.00,1,59.85
9202.00,3_1768,22.00,212.00,617.75,99.00,2,176.63
9202.00,3_1840,4.00,158.00,596.93,96.00,1,123.10
9202.00,3_1914,4.00,84.00,615.10,36.00,1,55.10
9204.00,3_1773,30.00,201.00,617.75,96.00,2,167.52
9204.00,3_1918,6.00,80.00,615.10,29.00,1,45.95
9205.00,3_1852,4.00,149.00,596.93,95.00,1,114.63
9205.00,3_1919,8.00,78.00,615.10,29.00,1,48.21
9206.00,3_1865,0.00,141.00,596.93,90.00,1,110.67
9207.00,3_1931,4.00,72.00,615.10,21.00,1,38.05
9208.00,3_1788,25.00,195.00,617.75,94.00,1,163.70
9210.00,3_1787,25.00,198.00,617.75,95.00,1,156.82
9211.00,3_1797,20.00,194.00,617.75,95.00,1,163.63
9211.00,3_1873,0.00,138.00,596.93,80.00,1,100.42
9213.00,3_1802,19.00,192.00,617.75,95.00,1,161.53
9213.00,3_1877,1.00,135.00,596.93,78.00,1,104.55
9213.00,3_1942,2.00,69.00,615.10,14.00,1,27.31
9214.00,3_1903,0.00,111.00,596.93,57.00,1,78.24
9215.00,3_1946,2.00,67.00,615.10,13.00,1,36.58
9216.00,3_1906,3.00,107.00,596.93,51.00,1,78.00
9216.00,3_1955,6.00,55.00,615.10,2.00,1,23.85
9217.00,3_1820,10.00,187.00,617.75,93.00,1,157.96
9218.00,3_1967,0.00,51.00,615.10,0.00,0,9.94
9219.00,3_1806,16.00,197.00,617.75,94.00,1,156.44
9220.00,3_1971,2.00,47.00,615.10,0.00,0,11.16
9221.00,3_1829,8.00,184.00,617.75,93.00,1,150.17
9221.00,3_1913,2.00,106.00,596.93,46.00,1,70.67
9222.00,3_1859,0.00,163.00,617.75,93.00,1,134.22
9222.00,3_1978,1.00,43.00,615.10,0.00,0,6.25
9223.00,3_1917,4.00,102.00,596.93,41.00,1,67.07
9223.00,3_1981,1.00,41.00,615.10,0.00,0,11.18
9224.00,3_1867,1.00,156.00,617.75,93.00,1,124.91
9226.00,3_1929,3.00,94.00,596.93,31.00,1,59.65
9227.00,3_1874,2.00,151.00,617.75,90.00,1,117.88
9227.00,3_1934,4.00,89.00,596.93,27.00,1,58.48
9229.00,3_1947,4.00,78.00,596.93,16.00,1,50.20
9230.00,3_1881,0.00,149.00,617.75,87.00,1,116.49
9231.00,3_1948,6.00,77.00,596.93,14.00,1,48.07
9232.00,3_1889,0.00,143.00,617.75,82.00,1,110.22
9233.00,3_1893,0.00,140.00,617.75,79.00,1,109.01
9233.00,3_1993,0.00,40.00,615.10,0.00,0,6.31
9235.00,3_1994,2.00,39.00,615.10,0.00,0,8.19
9237.00,3_1897,0.00,140.00,617.75,76.00,1,106.18
9237.00,3_1969,1.00,67.00,596.93,0.00,0,30.74
9238.00,3_1974,2.00,62.00,596.93,0.00,0,30.27
9238.00,3_1995,4.00,39.00,615.10,0.00,0,7.97
9239.00,3_1898,1.00,140.00,617.75,75.00,1,105.77
9242.00,3_1901,0.00,141.00,617.75,75.00,1,106.92
9242.00,3_1996,6.00,40.00,596.93,0.00,0,9.93
9243.00,3_1921,9.00,113.00,617.75,46.00,1,85.04
9247.00,3_1936,5.00,106.00,617.75,39.00,1,72.54
9250.00,3_1941,1.00,108.00,617.75,39.00,1,71.59
9252.00,3_1944,3.00,105.00,617.75,37.00,1,73.64
9252.00,3_2007,2.00,43.00,596.93,0.00,0,8.06
9255.00,3_2008,4.00,43.00,596.93,0.00,0,9.27
9255.00,3_2010,5.00,40.00,615.10,0.00,0,6.50
9256.00,3_1949,8.00,99.00,617.75,27.00,1,63.97
9257.00,3_1953,6.00,98.00,617.75,27.00,1,68.49
9259.00,3_2005,0.00,54.00,617.75,0.00,0,23.65
9259.00,3_2014,4.00,41.00,596.93,0.00,0,8.39
9264.00,3_2006,1.00,57.00,617.75,0.00,0,20.31
9265.00,3_2019,2.00,44.00,617.75,0.00,0,15.78
9270.00,3_1814,1.00,255.00,596.93,200.00,2,228.23
9273.00,3_1920,0.00,153.00,615.10,103.00,1,120.84
9274.00,3_1761,5.00,308.00,617.75,239.00,2,274.41
9274.00,3_1951,0.00,123.00,615.10,75.00,1,92.31
9275.00,3_1830,1.00,244.00,596.93,186.00,2,212.71
9275.00,3_2011,0.00,64.00,615.10,14.00,1,33.75
9278.00,3_1839,0.00,239.00,596.93,177.00,2,206.88
9278.00,3_2021,2.00,55.00,615.10,6.00,1,24.49
9279.00,3_1777,0.00,302.00,596.93,227.00,3,273.88
9280.00,3_1790,4.00,286.00,617.75,213.00,2,244.43
9281.00,3_1791,5.00,285.00,617.75,212.00,2,252.16
9283.00,3_1813,0.00,270.00,617.75,196.00,2,234.39
9283.00,3_2032,0.00,51.00,615.10,0.00,0,12.70
9284.00,3_1782,0.00,302.00,596.93,222.00,3,267.01
9285.00,3_1815,3.00,267.00,617.75,194.00,2,234.59
9286.00,3_1783,2.00,301.00,596.93,222.00,3,272.07
9286.00,3_1823,0.00,263.00,617.75,191.00,2,230.87
9288.00,3_1785,3.00,300.00,596.93,217.00,3,267.31
9288.00,3_1832,2.00,254.00,617.75,178.00,2,221.25
9290.00,3_1789,2.00,299.00,596.93,218.00,4,268.60
9291.00,3_1803,4.00,284.00,596.93,201.00,2,256.28
9292.00,3_1863,0.00,229.00,617.75,154.00,2,195.37
9294.00,3_1872,3.00,219.00,617.75,141.00,2,189.12
9294.00,3_2051,0.00,43.00,615.10,0.00,0,12.39
9295.00,3_1804,6.00,285.00,596.93,202.00,2,253.19
9299.00,3_1827,1.00,271.00,596.93,182.00,2,237.17
9299.00,3_1895,0.00,204.00,617.75,128.00,1,166.99
9300.00,3_1835,1.00,264.00,596.93,177.00,2,233.26
9300.00,3_1896,0.00,204.00,617.75,128.00,1,169.67
9303.00,3_1854,0.00,249.00,596.93,159.00,2,216.46
9304.00,3_1902,0.00,202.00,617.75,128.00,1,164.34
9305.00,3_1869,0.00,236.00,596.93,146.00,2,204.68
9305.00,3_1916,0.00,189.00,617.75,127.00,1,156.59
9307.00,3_1870,2.00,235.00,596.93,144.00,2,205.49
9307.00,3_1938,0.00,169.00,617.75,109.00,1,137.97
9310.00,3_1939,1.00,170.00,617.75,108.00,1,134.87
9311.00,3_1882,0.00,229.00,596.93,136.00,3,195.49
9312.00,3_1962,0.00,150.00,617.75,88.00,1,115.23
9314.00,3_1968,0.00,146.00,617.75,85.00,1,113.26
9316.00,3_1886,0.00,230.00,596.93,133.00,3,191.00
9317.00,3_1905,0.00,212.00,596.93,126.00,2,181.43
9318.00,3_1975,0.00,143.00,617.75,77.00,1,107.98
9319.00,3_2004,0.00,115.00,617.75,53.00,1,81.21
9321.00,3_1985,2.00,134.00,596.93,77.00,1,98.38
9321.00,3_2017,0.00,104.00,617.75,39.00,1,74.28
9323.00,3_1992,1.00,130.00,596.93,72.00,1,95.52
9324.00,3_2025,1.00,98.00,617.75,34.00,1,67.13
9325.00,3_1924,0.00,201.00,596.93,128.00,3,171.93
9327.00,3_1926,1.00,200.00,596.93,128.00,2,167.81
9329.00,3_2057,0.00,72.00,617.75,5.00,1,40.20
9330.00,3_2029,0.00,101.00,596.93,37.00,1,69.32
9331.00,3_2076,2.00,53.00,615.10,0.00,0,18.83
9332.00,3_1940,2.00,190.00,596.93,118.00,3,158.36
9333.00,3_2038,0.00,95.00,617.75,23.00,1,50.30
9333.00,3_2062,0.00,71.00,617.75,0.00,0,37.04
9338.00,3_1965,0.00,173.00,596.93,94.00,1,134.76
9338.00,3_2067,0.00,71.00,617.75,0.00,0,30.64
9340.00,3_1627,0.00,513.00,615.10,455.00,2,482.92
9341.00,3_1584,0.00,557.00,596.93,494.00,5,525.22
9342.00,3_1636,2.00,504.00,615.10,449.00,2,473.80
9343.00,3_1527,0.00,616.00,596.93,542.00,4,584.00
9344.00,3_1434,5.00,705.00,617.75,626.00,3,666.86
9345.00,3_1650,0.00,495.00,615.10,437.00,2,461.01
9346.00,3_1443,8.00,695.00,617.75,619.00,3,662.29
9347.00,3_1669,0.00,478.00,615.10,420.00,2,444.78
9348.00,3_1446,7.00,695.00,617.75,616.00,3,659.51
9348.00,3_1528,2.00,618.00,596.93,536.00,4,582.44
9349.00,3_1689,0.00,460.00,615.10,402.00,2,425.86
9350.00,3_1449,6.00,695.00,617.75,612.00,3,658.89
9350.00,3_1690,2.00,458.00,615.10,402.00,2,425.37
9352.00,3_1454,3.00,695.00,617.75,608.00,4,662.82
9352.00,3_1529,4.00,619.00,596.93,533.00,3,581.64
9352.00,3_1699,0.00,453.00,615.10,397.00,2,420.14
9353.00,3_1464,4.00,685.00,617.75,601.00,3,653.25
9353.00,3_1531,5.00,617.00,596.93,533.00,3,581.94
9353.00,3_1729,0.00,424.00,615.10,367.00,2,392.01
9355.00,3_1536,4.00,615.00,596.93,529.00,4,588.43
9355.00,3_1781,0.00,374.00,615.10,315.00,2,344.77
9356.00,3_1807,0.00,349.00,615.10,290.00,2,320.45
9357.00,3_1483,2.00,672.00,617.75,584.00,3,639.51
9358.00,3_1821,0.00,337.00,615.10,279.00,3,305.00
9359.00,3_1550,0.00,609.00,596.93,521.00,3,573.02
9361.00,3_1555,0.00,606.00,586.83,514.00,5,571.42
9361.00,3_1845,2.00,314.00,615.10,253.00,2,280.29
9362.00,3_1484,2.00,676.00,617.75,583.00,3,637.99
9362.00,3_1846,4.00,312.00,615.10,249.00,2,281.54
9364.00,3_1514,0.00,650.00,617.75,558.00,4,617.62
9364.00,3_1562,0.00,602.00,596.93,509.00,4,566.90
9364.00,3_1880,0.00,284.00,615.10,229.00,2,252.61
9365.00,3_1533,6.00,626.00,617.75,532.00,3,597.39
9366.00,3_1593,3.00,570.00,596.93,475.00,3,539.41
9366.00,3_1883,0.00,283.00,615.10,226.00,2,248.72
9367.00,3_1900,0.00,267.00,615.10,213.00,2,237.88
9368.00,3_1544,0.00,624.00,617.75,526.00,4,588.45
9369.00,3_1556,2.00,611.00,617.75,516.00,3,576.80
9369.00,3_1609,0.00,560.00,596.93,463.00,3,525.02
9370.00,3_1912,0.00,258.00,615.10,200.00,2,222.25
9371.00,3_1574,1.00,596.00,617.75,503.00,4,564.20
9371.00,3_1622,0.00,549.00,596.93,450.00,3,514.41
9373.00,3_1581,0.00,592.00,617.75,495.00,3,560.00
9373.00,3_1635,0.00,538.00,596.93,450.00,2,506.76
9375.00,3_1640,4.00,531.00,596.93,449.00,2,499.07
9377.00,3_1662,0.00,515.00,596.93,440.00,2,488.35
9378.00,3_1594,5.00,579.00,617.75,477.00,3,543.52
9379.00,3_1878,0.00,301.00,617.75,229.00,2,273.02
9380.00,3_1675,0.00,505.00,596.93,428.00,3,472.74
9381.00,3_1633,0.00,548.00,617.75,451.00,4,517.02
9384.00,3_1637,4.00,543.00,617.75,450.00,3,514.74
9384.00,3_1700,2.00,482.00,596.93,402.00,2,448.56
9389.00,3_1715,0.00,474.00,596.93,389.00,2,434.37
9389.00,3_1717,1.00,471.00,596.93,389.00,2,445.06
9390.00,3_1922,0.00,268.00,617.75,213.00,2,232.68
9391.00,3_1718,3.00,470.00,596.93,386.00,3,441.90
9392.00,3_1638,4.00,550.00,617.75,449.00,2,517.52
9392.00,3_1721,3.00,468.00,586.83,386.00,2,438.24
9394.00,3_1743,0.00,451.00,596.93,366.00,2,423.25
9396.00,3_1751,0.00,445.00,596.93,362.00,2,415.36
9397.00,3_1890,1.00,306.00,607.65,225.00,2,270.71
9399.00,3_1945,25.00,229.00,615.10,167.00,3,197.82
9400.00,3_1766,0.00,434.00,596.93,348.00,3,402.51
9401.00,3_1957,16.00,228.00,615.10,163.00,3,196.24
9402.00,3_1772,0.00,430.00,596.93,345.00,2,399.85
9403.00,3_1932,37.00,234.00,617.75,173.00,3,193.09
9404.00,3_1641,6.00,557.00,617.75,454.00,3,520.41
9404.00,3_1888,0.00,316.00,596.93,238.00,3,285.54
9404.00,3_1960,18.00,226.00,615.10,160.00,2,191.31
9406.00,3_1683,0.00,523.00,617.75,433.00,2,491.28
9407.00,3_1972,10.00,225.00,615.10,159.00,2,188.56
9408.00,3_1964,17.00,227.00,617.75,159.00,1,197.66
9409.00,3_1908,0.00,301.00,596.93,216.00,2,267.58
9409.00,3_1909,2.00,298.00,617.75,223.00,3,265.45
9409.00,3_1979,5.00,225.00,615.10,157.00,2,192.23
9410.00,3_1991,162.00,57.00,615.10,0.00,0,24.73
9411.00,3_1796,0.00,415.00,596.93,322.00,3,383.13
9412.00,3_1692,3.00,517.00,617.75,440.00,2,484.95
9412.00,3_2002,159.00,51.00,615.10,0.00,0,19.24
9414.00,3_1986,162.00,66.00,617.75,1.00,1,32.10
9415.00,3_1980,6.00,229.00,596.93,158.00,1,193.99
9416.00,3_1799,0.00,417.00,596.93,319.00,5,387.57
9418.00,3_1693,3.00,522.00,617.75,438.00,1,485.81
9418.00,3_1817,0.00,401.00,596.93,305.00,4,374.48
9418.00,3_2009,153.00,56.00,615.10,0.00,0,14.30
9419.00,3_1987,163.00,69.00,615.10,1.00,1,38.79
9420.00,3_1837,0.00,383.00,596.93,286.00,2,352.68
9422.00,3_1704,1.00,517.00,617.75,432.00,1,479.08
9422.00,3_1844,0.00,378.00,596.93,281.00,2,350.16
9425.00,3_1856,2.00,367.00,617.75,283.00,1,328.62
9425.00,3_2026,154.00,45.00,615.10,0.00,0,14.35
9426.00,3_2016,154.00,56.00,615.10,0.00,0,11.26
9427.00,3_2012,153.00,62.00,617.75,0.00,0,24.61
9429.00,3_1943,0.00,286.00,615.10,242.00,1,256.44
9430.00,3_1954,2.00,274.00,615.10,230.00,1,241.56
9431.00,3_1907,0.00,324.00,596.93,261.00,2,288.65
9432.00,3_1911,0.00,321.00,596.93,256.00,2,294.75
9432.00,3_1958,4.00,270.00,615.10,225.00,1,241.36
9434.00,3_1915,0.00,319.00,586.83,252.00,2,288.28
9434.00,3_1976,0.00,258.00,615.10,212.00,1,224.66
9435.00,3_1961,4.00,270.00,615.10,220.00,1,231.49
9436.00,3_1983,2.00,251.00,615.10,200.00,2,225.84
9436.00,3_1990,1.00,245.00,617.75,200.00,1,214.46
9438.00,3_2001,5.00,232.00,615.10,179.00,1,199.39
9438.00,3_2027,0.00,211.00,615.10,158.00,1,180.13
9439.00,3_1927,1.00,311.00,596.93,242.00,2,274.17
9441.00,3_1935,1.00,305.00,596.93,238.00,1,273.83
9442.00,3_1950,0.00,292.00,596.93,237.00,1,264.55
9442.00,3_2065,1.00,176.00,615.10,124.00,1,138.02
9443.00,3_2000,3.00,240.00,617.75,187.00,1,200.05
9443.00,3_2102,1.00,140.00,615.10,89.00,1,104.34
9444.00,3_2003,6.00,235.00,617.75,184.00,1,204.95
9445.00,3_2107,1.00,137.00,615.10,86.00,1,102.97
9447.00,3_2013,0.00,234.00,617.75,181.00,1,196.33
9452.00,3_2033,0.00,219.00,617.75,171.00,1,184.09
9452.00,3_2035,1.00,216.00,615.10,168.00,1,178.83
9452.00,3_2037,2.00,213.00,615.10,166.00,1,176.16
9453.00,3_2040,2.00,211.00,596.93,164.00,1,175.66
9453.00,3_2064,0.00,189.00,615.10,139.00,1,156.89
9455.00,3_2056,0.00,199.00,617.75,149.00,1,163.26
9455.00,3_2080,0.00,175.00,615.10,126.00,1,144.21
9456.00,3_2043,2.00,211.00,596.93,160.00,1,175.61
9456.00,3_2087,0.00,169.00,615.10,120.00,2,136.25
9457.00,3_2061,0.00,196.00,607.65,148.00,1,164.47
9458.00,3_2046,2.00,210.00,596.93,159.00,1,179.69
9458.00,3_2109,0.00,149.00,615.10,99.00,1,113.84
9460.00,3_2066,1.00,193.00,617.75,142.00,1,157.52
9460.00,3_2089,1.00,170.00,615.10,119.00,1,138.04
9460.00,3_2119,0.00,141.00,615.10,91.00,1,113.53
9461.00,3_2126,0.00,135.00,615.10,84.00,2,101.24
9463.00,3_2116,0.00,147.00,615.10,96.00,1,118.72
9463.00,3_2166,0.00,97.00,615.10,45.00,1,64.24
9465.00,3_2053,0.00,212.00,596.93,155.00,1,171.80
9465.00,3_2177,2.00,86.00,615.10,37.00,1,51.34
9466.00,3_2069,1.00,196.00,596.93,141.00,1,162.64
9466.00,3_2173,3.00,90.00,615.10,36.00,2,60.40
9467.00,3_2073,0.00,194.00,596.93,140.00,1,161.09
9467.00,3_2139,0.00,128.00,615.10,76.00,1,94.24
9468.00,3_2202,1.00,65.00,615.10,15.00,1,33.92
9469.00,3_2090,3.00,176.00,617.75,114.00,1,132.04
9469.00,3_2214,0.00,55.00,615.10,4.00,1,25.12
9471.00,3_2225,0.00,46.00,615.10,0.00,0,15.75
9472.00,3_2143,0.00,129.00,617.75,73.00,1,93.42
9473.00,3_2081,2.00,190.00,596.93,131.00,1,150.41
9473.00,3_2112,0.00,161.00,596.93,104.00,1,130.18
9475.00,3_2162,0.00,113.00,617.75,55.00,1,75.09
9476.00,3_2070,0.00,206.00,617.75,140.00,1,181.75
9477.00,3_2093,2.00,182.00,615.10,134.00,1,155.49
9478.00,3_1970,0.00,308.00,596.93,229.00,2,278.45
9481.00,3_1977,0.00,304.00,596.93,223.00,2,272.61
9481.00,3_2071,1.00,209.00,617.75,140.00,1,177.49
9483.00,3_1984,0.00,299.00,596.93,217.00,2,267.94
9483.00,3_2106,4.00,173.00,615.10,123.00,1,136.32
9484.00,3_2104,3.00,177.00,615.10,126.00,2,143.92
9485.00,3_2075,2.00,208.00,617.75,139.00,1,174.42
9486.00,3_2111,2.00,173.00,615.10,122.00,2,144.65
9487.00,3_2140,0.00,147.00,615.10,96.00,1,116.12
9488.00,3_1989,1.00,298.00,596.93,209.00,2,263.03
9488.00,3_2096,2.00,190.00,617.75,137.00,1,154.29
9489.00,3_2020,0.00,269.00,596.93,182.00,2,239.80
9489.00,3_2150,1.00,138.00,615.10,86.00,1,105.47
9490.00,3_2158,8.00,124.00,615.10,74.00,1,94.30
9491.00,3_2114,2.00,175.00,617.75,120.00,1,139.04
9492.00,3_2167,2.00,123.00,615.10,70.00,1,88.79
9493.00,3_2045,0.00,248.00,596.93,159.00,4,212.27
9493.00,3_2136,0.00,157.00,617.75,104.00,1,123.43
9494.00,3_2072,2.00,220.00,596.93,133.00,1,188.10
9494.00,3_2151,3.00,140.00,617.75,87.00,1,111.00
9494.00,3_2168,4.00,122.00,615.10,70.00,2,92.28
9496.00,3_2083,0.00,213.00,596.93,134.00,1,183.37
9496.00,3_2153,7.00,136.00,617.75,85.00,1,106.38
9496.00,3_2183,1.00,112.00,605.00,60.00,1,77.19
9498.00,3_2193,1.00,104.00,615.10,49.00,1,70.36
9499.00,3_2088,0.00,211.00,596.93,134.00,2,179.43
9499.00,3_2156,7.00,136.00,617.75,83.00,1,104.50
9499.00,3_2210,0.00,89.00,615.10,38.00,1,56.29
9500.00,3_2215,0.00,85.00,615.10,36.00,1,54.66
9501.00,3_2092,0.00,209.00,596.93,133.00,1,177.05
9501.00,3_2171,4.00,126.00,617.75,69.00,1,94.76
9503.00,3_2175,3.00,125.00,617.75,67.00,1,96.94
9503.00,3_2217,1.00,85.00,615.10,34.00,1,49.61
9505.00,3_2100,1.00,204.00,596.93,133.00,1,169.66
9505.00,3_2236,0.00,69.00,615.10,16.00,1,38.61
9506.00,3_2101,3.00,202.00,596.93,131.00,1,171.73
9506.00,3_2240,8.00,58.00,615.10,7.00,1,30.15
9508.00,3_2243,13.00,52.00,615.10,2.00,1,23.66
9509.00,3_2191,0.00,118.00,617.75,58.00,1,80.64
9511.00,3_2118,1.00,192.00,596.93,131.00,1,155.85
9511.00,3_2200,0.00,111.00,617.75,50.00,1,74.75
9511.00,3_2248,13.00,50.00,615.10,0.00,0,12.98
9512.00,3_2207,0.00,105.00,615.10,46.00,1,70.96
9513.00,3_2120,2.00,191.00,596.93,130.00,1,160.42
9513.00,3_2231,0.00,82.00,615.10,24.00,1,55.20
9513.00,3_2268,0.00,45.00,615.10,0.00,0,17.45
9514.00,3_2148,0.00,166.00,596.93,108.00,1,138.32
9514.00,3_2237,2.00,75.00,615.10,17.00,1,43.55
9515.00,3_2239,6.00,70.00,615.10,13.00,1,37.08
9517.00,3_2152,5.00,160.00,596.93,99.00,1,127.02
9518.00,3_2241,10.00,67.00,617.75,10.00,1,34.25
9519.00,3_2178,2.00,139.00,596.93,76.00,1,107.92
9521.00,3_2245,14.00,62.00,617.75,2.00,1,31.90
9524.00,3_2238,4.00,82.00,596.93,17.00,1,45.21
9525.00,3_2274,0.00,51.00,617.75,0.00,0,15.14
9526.00,3_2242,11.00,73.00,596.93,10.00,1,39.59
9527.00,3_2286,0.00,41.00,617.75,0.00,0,12.14
9529.00,3_2251,13.00,65.00,596.93,0.00,0,30.26
9530.00,3_2269,2.00,59.00,596.93,0.00,0,27.27
9530.00,3_2291,2.00,37.00,615.10,0.00,0,6.54
9531.00,3_2290,0.00,41.00,617.75,0.00,0,8.27
9536.00,3_2296,0.00,40.00,596.93,0.00,0,9.85
9540.00,3_2299,0.00,41.00,596.93,0.00,0,9.80
9543.00,3_2304,1.00,38.00,615.10,0.00,0,5.79
9544.00,3_2300,2.00,42.00,617.75,0.00,0,8.73
9547.00,3_2308,0.00,39.00,617.75,0.00,0,8.22
9550.00,3_2310,1.00,39.00,615.10,0.00,0,5.79
9553.00,3_2314,0.00,39.00,617.75,0.00,0,8.57
9557.00,3_2307,10.00,40.00,607.65,0.00,0,10.45
9561.00,3_2317,0.00,44.00,617.75,0.00,0,10.86
9562.00,3_2319,0.00,43.00,617.75,0.00,0,10.95
9567.00,3_2326,0.00,41.00,617.75,0.00,0,9.65
9574.00,3_2335,0.00,39.00,617.75,0.00,0,9.88
9578.00,3_2330,0.00,48.00,596.93,0.00,0,8.94
9583.00,3_2337,1.00,45.00,617.75,0.00,0,6.41
9585.00,3_1739,0.00,646.00,617.75,559.00,4,616.12
9585.00,3_1848,6.00,531.00,596.93,429.00,3,499.88
9585.00,3_2036,155.00,194.00,615.10,149.00,1,164.33
9587.00,3_1742,0.00,645.00,617.75,555.00,3,615.03
9587.00,3_1857,3.00,527.00,596.93,424.00,3,496.83
9588.00,3_2042,151.00,195.00,615.10,147.00,1,163.40
9591.00,3_1871,0.00,520.00,596.93,415.00,3,486.32
9592.00,3_1894,0.00,498.00,596.93,392.00,4,469.03
9592.00,3_2049,151.00,192.00,615.10,142.00,1,154.33
9593.00,3_1774,1.00,618.00,607.65,525.00,3,583.07
9594.00,3_1930,0.00,464.00,596.93,354.00,4,435.86
9594.00,3_2074,137.00,183.00,615.10,133.00,1,149.62
9595.00,3_1778,0.00,617.00,617.75,523.00,3,589.69
9595.00,3_2079,138.00,178.00,615.10,127.00,1,143.31
9596.00,3_2082,138.00,176.00,615.10,125.00,1,144.74
9597.00,3_1795,0.00,602.00,617.75,508.00,3,570.26
9598.00,3_2086,142.00,170.00,615.10,120.00,1,138.40
9599.00,3_1811,0.00,588.00,617.75,491.00,3,556.07
9599.00,3_1959,16.00,424.00,596.93,323.00,4,388.94
9599.00,3_2095,139.00,165.00,615.10,115.00,1,135.27
9600.00,3_1998,160.00,242.00,596.93,154.00,2,211.80
9601.00,3_1812,0.00,589.00,617.75,488.00,2,556.38
9601.00,3_2117,127.00,157.00,615.10,106.00,1,126.28
9603.00,3_2015,152.00,236.00,596.93,152.00,1,203.56
9603.00,3_2123,125.00,155.00,615.10,106.00,1,123.13
9604.00,3_1826,0.00,578.00,617.75,478.00,2,546.57
9604.00,3_2127,127.00,150.00,615.10,100.00,1,119.14
9605.00,3_2024,153.00,228.00,596.93,152.00,1,198.14
9606.00,3_1847,6.00,553.00,617.75,451.00,2,520.97
9606.00,3_2130,128.00,148.00,615.10,100.00,1,117.87
9607.00,3_2131,130.00,146.00,615.10,98.00,1,119.02
9609.00,3_2028,155.00,226.00,596.93,152.00,1,191.53
9611.00,3_2034,154.00,223.00,596.93,152.00,1,197.83
9611.00,3_2135,130.00,146.00,615.10,94.00,1,110.36
9612.00,3_1855,2.00,555.00,617.75,449.00,2,515.02
9612.00,3_2138,131.00,143.00,615.10,92.00,1,113.50
9614.00,3_1861,2.00,551.00,617.75,444.00,3,513.16
9614.00,3_2283,2.00,129.00,605.00,79.00,1,96.21
9615.00,3_2164,127.00,124.00,615.10,73.00,1,95.39
9616.00,3_1963,16.00,437.00,617.75,326.00,4,402.65
9616.00,3_2048,149.00,219.00,596.93,151.00,1,181.16
9617.00,3_2125,50.00,242.00,607.65,150.00,1,211.54
9617.00,3_2179,119.00,119.00,615.10,68.00,1,84.25
9619.00,3_2022,151.00,246.00,617.75,150.00,1,215.89
9620.00,3_2060,145.00,215.00,596.93,151.00,1,174.97
9620.00,3_2181,120.00,119.00,615.10,66.00,1,82.94
9621.00,3_2023,152.00,246.00,617.75,150.00,1,215.72
9621.00,3_2068,140.00,213.00,596.93,150.00,1,182.81
9621.00,3_2184,120.00,117.00,615.10,66.00,1,85.45
9623.00,3_2078,136.00,209.00,596.93,147.00,1,174.99
9623.00,3_2197,114.00,112.00,615.10,59.00,1,81.10
9624.00,3_2030,156.00,238.00,617.75,148.00,1,207.64
9624.00,3_2199,115.00,110.00,615.10,57.00,1,79.79
9625.00,3_2085,140.00,200.00,596.93,139.00,1,166.37
9626.00,3_2054,149.00,223.00,617.75,148.00,1,192.56
9626.00,3_2206,118.00,102.00,615.10,50.00,1,70.14
9627.00,3_2094,137.00,196.00,596.93,135.00,1,166.44
9627.00,3_2227,107.00,93.00,615.10,41.00,1,65.80
9629.00,3_2254,90.00,85.00,615.10,35.00,1,51.95
9630.00,3_2105,134.00,191.00,596.93,128.00,1,157.42
9631.00,3_2260,88.00,83.00,615.10,32.00,1,51.85
9632.00,3_2098,139.00,195.00,617.75,131.00,1,161.93
9632.00,3_2261,90.00,81.00,615.10,29.00,1,48.35
9633.00,3_2084,139.00,210.00,617.75,141.00,1,169.87
9633.00,3_2124,127.00,182.00,596.93,116.00,1,147.48
9634.00,3_2265,89.00,80.00,615.10,28.00,1,48.25
9635.00,3_2115,127.00,193.00,617.75,127.00,1,162.94
9636.00,3_2121,126.00,189.00,617.75,123.00,1,158.20
9636.00,3_2279,85.00,72.00,615.10,20.00,1,38.90
9637.00,3_2145,129.00,163.00,596.93,95.00,1,126.60
9637.00,3_2298,80.00,59.00,615.10,9.00,1,27.44
9638.00,3_2146,131.00,161.00,596.93,94.00,1,133.06
9639.00,3_2129,128.00,182.00,617.75,116.00,1,152.32
9639.00,3_2306,75.00,58.00,615.10,7.00,1,28.46
9640.00,3_2147,133.00,160.00,596.93,93.00,1,128.02
9642.00,3_2134,130.00,178.00,617.75,110.00,1,145.44
9644.00,3_2160,125.00,159.00,596.93,89.00,1,123.71
9645.00,3_2137,131.00,177.00,617.75,107.00,1,142.49
9646.00,3_2311,73.00,62.00,615.10,5.00,1,23.06
9647.00,3_2142,130.00,175.00,617.75,105.00,1,140.28
9647.00,3_2163,125.00,159.00,596.93,87.00,1,124.25
9647.00,3_2315,73.00,59.00,615.10,4.00,1,27.45
9649.00,3_2169,126.00,154.00,596.93,84.00,1,121.33
9650.00,3_2159,124.00,167.00,617.75,95.00,1,131.06
9651.00,3_2324,76.00,51.00,615.10,0.00,0,15.86
9652.00,3_2195,115.00,142.00,617.75,71.00,1,108.30
9653.00,3_2327,79.00,47.00,615.10,0.00,0,11.11
9654.00,3_2192,115.00,147.00,596.93,74.00,1,109.97
9655.00,3_2203,114.00,138.00,596.93,65.00,1,104.36
9656.00,3_2285,86.00,85.00,617.75,24.00,1,49.82
9657.00,3_2205,116.00,136.00,596.93,63.00,1,106.28
9658.00,3_2204,116.00,138.00,617.75,60.00,1,102.84
9660.00,3_2223,107.00,130.00,596.93,54.00,1,96.06
9661.00,3_2229,108.00,124.00,596.93,49.00,1,93.26
9662.00,3_2341,72.00,49.00,617.75,0.00,0,11.12
9663.00,3_2212,115.00,136.00,617.75,57.00,1,103.38
9664.00,3_2244,96.00,124.00,596.93,48.00,1,93.03
9665.00,3_2352,64.00,49.00,617.75,0.00,0,16.38
9667.00,3_2266,91.00,110.00,596.93,32.00,1,78.60
9668.00,3_2292,84.00,92.00,617.75,10.00,1,57.38
9671.00,3_2275,86.00,110.00,596.93,31.00,1,76.22
9671.00,3_2357,62.00,52.00,617.75,0.00,0,15.68
9673.00,3_2220,108.00,145.00,617.75,58.00,3,111.70
9674.00,3_2282,86.00,106.00,596.93,25.00,1,70.67
9677.00,3_2224,109.00,144.00,617.75,54.00,1,105.37
9677.00,3_2316,75.00,86.00,596.93,5.00,1,57.59
9678.00,3_2404,31.00,43.00,615.10,0.00,0,5.43
9679.00,3_2247,96.00,136.00,617.75,47.00,1,102.15
9680.00,3_2259,88.00,133.00,617.75,46.00,1,100.93
9680.00,3_2287,85.00,108.00,596.93,22.00,1,66.70
9681.00,3_2320,74.00,87.00,596.93,5.00,1,56.39
9682.00,3_2323,75.00,84.00,617.75,0.00,0,58.21
9683.00,3_2325,78.00,80.00,596.93,0.00,0,48.78
9685.00,3_2331,76.00,78.00,596.93,0.00,0,48.23
9685.00,3_2414,32.00,39.00,615.10,0.00,0,7.18
9686.00,3_2273,87.00,126.00,617.75,33.00,1,93.65
9686.00,3_2378,48.00,60.00,596.93,0.00,0,32.72
9687.00,3_2418,31.00,38.00,615.10,0.00,0,8.40
9689.00,3_2409,31.00,49.00,596.93,0.00,0,20.43
9693.00,3_2281,86.00,126.00,617.75,35.00,1,84.44
9693.00,3_2289,86.00,118.00,617.75,25.00,2,84.77
9693.00,3_2420,32.00,41.00,596.93,0.00,0,9.19
9693.00,3_2423,32.00,38.00,615.10,0.00,0,7.46
9695.00,3_2321,76.00,98.00,617.75,5.00,1,66.77
9696.00,3_2334,77.00,85.00,617.75,0.00,0,50.91
9699.00,3_2346,69.00,84.00,617.75,0.00,0,47.99
9700.00,3_2430,28.00,42.00,596.93,0.00,0,8.63
9701.00,3_2359,62.00,80.00,617.75,0.00,0,48.47
9701.00,3_2432,29.00,40.00,596.93,0.00,0,9.03
9703.00,3_2374,50.00,79.00,617.75,0.00,0,44.13
9705.00,3_1952,1.00,552.00,596.93,496.00,2,526.96
9707.00,3_2108,3.00,396.00,615.10,341.00,2,367.22
9708.00,3_2099,1.00,408.00,615.10,348.00,3,381.30
9712.00,3_1956,3.00,553.00,596.93,494.00,2,516.67
9712.00,3_2018,0.00,494.00,617.75,434.00,2,454.89
9713.00,3_1966,2.00,545.00,596.93,486.00,2,516.33
9713.00,3_2031,0.00,482.00,617.75,422.00,2,446.42
9714.00,3_2113,2.00,399.00,615.10,335.00,2,361.43
9715.00,3_2039,0.00,476.00,617.75,414.00,2,440.80
9716.00,3_1973,0.00,543.00,596.93,480.00,2,508.85
9716.00,3_2149,0.00,367.00,615.10,307.00,2,330.80
9717.00,3_2041,1.00,475.00,617.75,412.00,2,442.24
9717.00,3_2174,0.00,343.00,615.10,279.00,2,312.69
9718.00,3_1982,0.00,536.00,596.93,473.00,2,503.14
9718.00,3_2198,0.00,320.00,615.10,258.00,2,291.49
9719.00,3_2186,0.00,333.00,615.10,271.00,2,300.05
9720.00,3_1988,0.00,532.00,596.93,467.00,2,501.70
9721.00,3_2211,3.00,307.00,615.10,250.00,1,273.33
9722.00,3_2044,1.00,477.00,617.75,411.00,3,437.01
9723.00,3_1997,0.00,526.00,596.93,459.00,2,493.97
9723.00,3_2213,4.00,306.00,615.10,248.00,1,274.62
9724.00,3_2047,1.00,476.00,617.75,409.00,2,442.77
9725.00,3_1999,1.00,525.00,596.93,458.00,2,494.18
9726.00,3_2058,1.00,467.00,617.75,399.00,2,428.47
9726.00,3_2218,5.00,303.00,615.10,247.00,1,266.27
9728.00,3_2059,2.00,467.00,617.75,397.00,2,431.29
9728.00,3_2221,5.00,302.00,615.10,246.00,1,265.71
9729.00,3_2103,3.00,423.00,617.75,349.00,3,390.58
9729.00,3_2228,3.00,298.00,615.10,245.00,1,269.30
9730.00,3_2050,0.00,480.00,596.93,408.00,2,443.58
9733.00,3_2122,0.00,411.00,617.75,333.00,2,374.40
9733.00,3_2233,3.00,297.00,615.10,242.00,1,258.56
9734.00,3_2055,1.00,478.00,596.93,404.00,2,446.99
9734.00,3_2110,4.00,420.00,617.75,343.00,2,384.37
9734.00,3_2249,0.00,285.00,615.10,229.00,1,251.75
9736.00,3_2161,0.00,375.00,617.75,299.00,3,344.52
9736.00,3_2262,0.00,274.00,615.10,220.00,1,235.93
9737.00,3_2052,1.00,484.00,596.93,408.00,2,440.25
9737.00,3_2063,0.00,474.00,596.93,401.00,3,443.76
9737.00,3_2176,1.00,360.00,617.75,285.00,3,329.70
9738.00,3_2271,2.00,265.00,615.10,212.00,1,235.88
9739.00,3_2077,0.00,462.00,596.93,390.00,3,429.88
9739.00,3_2293,0.00,246.00,615.10,191.00,1,216.47
9741.00,3_2180,0.00,361.00,617.75,280.00,3,326.22
9741.00,3_2295,2.00,244.00,615.10,189.00,1,211.03
9742.00,3_2303,1.00,238.00,615.10,184.00,1,207.62
9743.00,3_2182,0.00,361.00,617.75,280.00,3,326.51
9744.00,3_2322,0.00,222.00,615.10,169.00,1,187.83
9745.00,3_2188,1.00,356.00,617.75,274.00,3,325.54
9746.00,3_2091,0.00,455.00,596.93,375.00,2,414.38
9746.00,3_2097,0.00,449.00,596.93,371.00,2,417.14
9746.00,3_2190,4.00,352.00,617.75,266.00,3,323.50
9746.00,3_2329,0.00,217.00,615.10,164.00,1,181.08
9747.00,3_2340,2.00,205.00,615.10,151.00,1,170.68
9748.00,3_2133,0.00,415.00,596.93,337.00,2,384.20
9749.00,3_2226,3.00,320.00,617.75,248.00,1,286.87
9750.00,3_2141,0.00,409.00,596.93,331.00,2,380.70
9751.00,3_2232,2.00,317.00,617.75,248.00,1,288.74
9753.00,3_2144,0.00,409.00,596.93,329.00,2,375.74
9754.00,3_2345,4.00,205.00,615.10,146.00,1,160.34
9754.00,3_2360,0.00,194.00,615.10,138.00,1,156.38
9755.00,3_2155,0.00,400.00,596.93,317.00,2,368.85
9755.00,3_2252,0.00,303.00,617.75,240.00,1,270.69
9756.00,3_2376,0.00,180.00,615.10,122.00,1,150.04
9757.00,3_2257,0.00,300.00,617.75,236.00,1,266.38
9757.00,3_2393,1.00,163.00,615.10,108.00,1,133.46
9759.00,3_2396,4.00,159.00,615.10,106.00,1,129.27
9760.00,3_2165,0.00,395.00,596.93,310.00,2,359.21
9760.00,3_2258,1.00,301.00,617.75,237.00,1,267.80
9762.00,3_2189,2.00,371.00,596.93,286.00,2,337.67
9763.00,3_2208,0.00,355.00,596.93,269.00,2,322.51
9763.00,3_2272,4.00,287.00,617.75,220.00,1,253.50
9764.00,3_2278,2.00,284.00,617.75,217.00,1,257.79
9765.00,3_2209,2.00,354.00,596.93,268.00,2,321.94
9767.00,3_2421,0.00,146.00,615.10,87.00,1,107.50
9768.00,3_2424,0.00,144.00,615.10,85.00,1,112.16
9770.00,3_2216,4.00,350.00,596.93,261.00,2,315.36
9770.00,3_2385,0.00,185.00,617.75,118.00,1,151.43
9770.00,3_2426,1.00,143.00,615.10,83.00,1,108.79
9771.00,3_2234,5.00,332.00,596.93,250.00,1,303.59
9772.00,3_2128,1.00,443.00,596.93,390.00,2,414.29
9772.00,3_2411,0.00,161.00,617.75,97.00,1,118.66
9772.00,3_2428,2.00,142.00,615.10,83.00,1,104.69
9773.00,3_2187,1.00,385.00,615.10,332.00,2,353.86
9774.00,3_2267,0.00,307.00,596.93,234.00,1,274.89
9776.00,3_2270,0.00,306.00,596.93,232.00,1,276.07
9776.00,3_2391,2.00,183.00,617.75,111.00,1,142.59
9776.00,3_2441,0.00,135.00,615.10,77.00,1,103.58
9777.00,3_2459,61.00,57.00,615.10,6.00,1,25.73
9778.00,3_2284,0.00,294.00,617.75,217.00,1,254.87
9779.00,3_2276,1.00,302.00,596.93,227.00,1,268.28
9780.00,3_2288,0.00,292.00,617.75,213.00,1,253.76
9780.00,3_2460,72.00,48.00,615.10,0.00,0,13.83
9781.00,3_2235,0.00,346.00,615.10,301.00,1,315.54
9781.00,3_2294,2.00,285.00,607.65,205.00,1,253.34
9782.00,3_2280,1.00,301.00,596.93,226.00,1,269.00
9782.00,3_2472,69.00,41.00,615.10,0.00,0,11.48
9783.00,3_2339,0.00,244.00,596.93,168.00,1,215.76
9783.00,3_2431,5.00,147.00,617.75,81.00,1,113.23
9785.00,3_2483,61.00,41.00,615.10,0.00,0,7.38
9786.00,3_2301,0.00,285.00,617.75,203.00,1,248.64
9789.00,3_2343,3.00,243.00,596.93,164.00,1,206.36
9790.00,3_2302,0.00,288.00,617.75,206.00,2,255.77
9791.00,3_2355,0.00,236.00,596.93,155.00,1,204.85
9793.00,3_2444,1.00,148.00,617.75,75.00,1,102.36
9794.00,3_2305,2.00,287.00,617.75,202.00,2,249.44
9794.00,3_2377,1.00,216.00,586.83,136.00,1,180.04
9795.00,3_2312,0.00,283.00,617.75,198.00,2,252.09
9795.00,3_2501,53.00,41.00,615.10,0.00,0,8.60
9796.00,3_2390,0.00,206.00,596.93,126.00,1,179.26
9797.00,3_2395,2.00,200.00,596.93,120.00,1,169.04
9797.00,3_2502,55.00,40.00,615.10,0.00,0,10.26
9799.00,3_2333,0.00,266.00,617.75,179.00,1,225.35
9801.00,3_2342,3.00,256.00,617.75,168.00,1,221.00
9802.00,3_2349,3.00,250.00,617.75,163.00,1,216.49
9804.00,3_2356,1.00,247.00,617.75,159.00,1,218.84
9804.00,3_2408,0.00,196.00,596.93,110.00,1,156.07
9804.00,3_2505,60.00,39.00,615.10,0.00,0,9.73
9805.00,3_2364,0.00,241.00,617.75,156.00,1,211.10
9805.00,3_2429,4.00,172.00,596.93,87.00,1,141.39
9807.00,3_2450,0.00,157.00,596.93,70.00,2,122.29
9808.00,3_2365,0.00,243.00,617.75,154.00,1,208.01
9809.00,3_2509,59.00,41.00,615.10,0.00,0,6.45
9810.00,3_2368,0.00,242.00,617.75,154.00,1,211.01
9810.00,3_2442,0.00,168.00,596.93,82.00,1,133.00
9811.00,3_2464,71.00,76.00,596.93,0.00,0,47.88
9815.00,3_2457,57.00,101.00,617.75,14.00,1,63.52
9815.00,3_2466,72.00,77.00,596.93,0.00,0,40.26
9817.00,3_2485,62.00,70.00,596.93,0.00,0,37.69
9817.00,3_2493,57.00,67.00,617.75,0.00,0,32.55
9818.00,3_2495,56.00,67.00,596.93,0.00,0,36.94
9819.00,3_2503,57.00,59.00,617.75,0.00,0,27.28
9820.00,3_2513,58.00,49.00,617.75,0.00,0,19.99
9821.00,3_2504,58.00,59.00,596.93,0.00,0,26.87
9823.00,3_2520,59.00,44.00,615.10,0.00,0,5.19
9825.00,3_2246,0.00,379.00,615.10,326.00,2,352.42
9828.00,3_2250,0.00,378.00,615.10,326.00,3,349.42
9829.00,3_2132,0.00,497.00,596.93,427.00,3,459.75
9829.00,3_2196,1.00,432.00,617.75,367.00,3,396.37
9830.00,3_2154,0.00,476.00,596.93,408.00,3,443.36
9830.00,3_2263,0.00,367.00,615.10,315.00,2,337.98
9831.00,3_2201,0.00,430.00,617.75,362.00,3,395.54
9833.00,3_2157,0.00,476.00,596.93,406.00,3,441.60
9834.00,3_2170,0.00,464.00,596.93,391.00,3,433.32
9834.00,3_2219,0.00,415.00,617.75,344.00,3,378.75
9834.00,3_2297,0.00,337.00,615.10,280.00,2,302.06
9835.00,3_2309,0.00,326.00,615.10,267.00,2,300.59
9836.00,3_2172,1.00,463.00,596.93,391.00,3,435.30
9838.00,3_2230,0.00,408.00,617.75,339.00,2,370.81
9838.00,3_2332,0.00,306.00,615.10,245.00,2,269.86
9839.00,3_2185,0.00,454.00,596.93,379.00,4,421.64
9839.00,3_2256,5.00,378.00,607.65,322.00,2,345.14
9840.00,3_2338,1.00,301.00,615.10,240.00,2,268.90
9841.00,3_2277,0.00,364.00,617.75,303.00,2,331.67
9841.00,3_2350,1.00,290.00,615.10,230.00,2,258.03
9842.00,3_2194,0.00,448.00,596.93,368.00,3,414.24
9843.00,3_2351,3.00,289.00,615.10,226.00,3,256.12
9844.00,3_2222,0.00,422.00,596.93,340.00,3,391.82
9845.00,3_2361,2.00,282.00,615.10,218.00,2,246.45
9846.00,3_2313,0.00,333.00,617.75,268.00,2,295.18
9849.00,3_2347,0.00,302.00,617.75,260.00,1,273.36
9849.00,3_2362,0.00,287.00,596.93,247.00,1,259.61
9851.00,3_2344,0.00,307.00,615.10,260.00,1,272.81
9851.00,3_2367,0.00,284.00,615.10,237.00,1,248.96
9852.00,3_2375,0.00,277.00,615.10,233.00,1,248.93
9853.00,3_2358,0.00,295.00,617.75,248.00,1,260.41
9853.00,3_2372,0.00,281.00,615.10,234.00,1,246.29
9854.00,3_2382,0.00,272.00,615.10,225.00,2,241.80
9854.00,3_2384,4.00,266.00,615.10,215.00,1,235.24
9856.00,3_2397,0.00,259.00,615.10,210.00,1,230.93
9858.00,3_2416,2.00,240.00,615.10,192.00,1,209.18
9859.00,3_2386,5.00,268.00,617.75,221.00,1,238.46
9859.00,3_2415,0.00,244.00,615.10,192.00,2,214.37
9860.00,3_2403,0.00,257.00,596.93,203.00,1,218.12
9861.00,3_2407,2.00,252.00,596.93,200.00,1,222.63
9862.00,3_2383,2.00,277.00,617.75,223.00,1,234.84
9863.00,3_2387,7.00,269.00,617.75,218.00,1,237.66
9863.00,3_2419,2.00,242.00,596.93,190.00,1,208.43
9865.00,3_2447,0.00,218.00,615.10,163.00,1,177.85
9866.00,3_2405,1.00,260.00,617.75,206.00,1,224.27
9866.00,3_2425,0.00,241.00,596.93,187.00,1,206.80
9867.00,3_2461,0.00,206.00,615.10,150.00,1,170.84
9867.00,3_2482,6.00,179.00,615.10,128.00,1,148.38
9868.00,3_2410,2.00,256.00,617.75,202.00,1,222.25
9868.00,3_2462,2.00,204.00,615.10,148.00,2,171.65
9869.00,3_2443,0.00,226.00,617.75,175.00,1,197.67
9870.00,3_2433,0.00,237.00,596.93,183.00,1,207.20
9870.00,3_2484,7.00,179.00,615.10,123.00,1,145.47
9871.00,3_2494,10.00,167.00,615.10,115.00,1,137.10
9872.00,3_2427,1.00,244.00,596.93,185.00,1,203.22
9872.00,3_2470,0.00,202.00,617.75,148.00,1,167.37
9873.00,3_2547,0.00,126.00,615.10,72.00,1,92.51
9874.00,3_2434,2.00,238.00,596.93,181.00,1,207.54
9874.00,3_2564,0.00,110.00,615.10,60.00,1,79.83
9875.00,3_2451,0.00,224.00,596.93,168.00,1,195.31
9875.00,3_2478,2.00,195.00,617.75,140.00,1,161.41
9877.00,3_2479,4.00,194.00,617.75,138.00,1,165.92
9877.00,3_2570,0.00,107.00,615.10,56.00,1,71.44
9879.00,3_2578,2.00,99.00,615.10,47.00,1,63.39
9880.00,3_2474,0.00,206.00,596.93,146.00,1,169.82
9880.00,3_2579,3.00,98.00,615.10,42.00,1,70.07
9882.00,3_2477,0.00,205.00,596.93,145.00,1,171.74
9882.00,3_2489,11.00,182.00,617.75,120.00,1,143.31
9882.00,3_2590,0.00,92.00,615.10,40.00,1,60.11
9883.00,3_2480,5.00,198.00,596.93,140.00,1,166.60
9884.00,3_2490,12.00,182.00,617.75,120.00,1,150.58
9884.00,3_2599,0.00,85.00,615.10,32.00,1,49.52
9885.00,3_2486,8.00,191.00,596.93,131.00,1,160.47
9885.00,3_2515,0.00,170.00,617.75,111.00,1,138.34
9885.00,3_2610,0.00,75.00,615.10,24.00,1,45.80
9887.00,3_2517,0.00,170.00,617.75,111.00,1,140.05
9887.00,3_2630,0.00,57.00,615.10,4.00,1,24.10
9889.00,3_2487,10.00,192.00,596.93,129.00,1,158.11
9889.00,3_2537,0.00,152.00,617.75,91.00,1,123.72
9889.00,3_2644,1.00,44.00,615.10,0.00,0,12.70
9892.00,3_2525,0.00,167.00,596.93,103.00,1,132.35
9893.00,3_2574,0.00,119.00,617.75,57.00,1,85.10
9895.00,3_2577,2.00,116.00,617.75,53.00,1,86.39
9897.00,3_2530,0.00,167.00,596.93,98.00,1,128.12
9900.00,3_2534,0.00,166.00,596.93,97.00,1,126.89
9900.00,3_2585,0.00,115.00,617.75,47.00,1,76.93
9902.00,3_2540,0.00,162.00,596.93,93.00,1,122.96
9904.00,3_2541,2.00,161.00,596.93,92.00,1,125.44
9905.00,3_2576,0.00,129.00,596.93,62.00,1,100.46
9907.00,3_2557,0.00,150.00,596.93,84.00,2,118.95
9907.00,3_2587,0.00,120.00,617.75,44.00,1,74.66
9907.00,3_2592,1.00,114.00,617.75,43.00,1,73.50
9907.00,3_2664,0.00,43.00,615.10,0.00,0,5.69
9909.00,3_2593,1.00,115.00,596.93,43.00,2,84.17
9909.00,3_2596,1.00,112.00,617.75,41.00,1,73.87
9910.00,3_2600,2.00,108.00,617.75,36.00,1,75.12
9910.00,3_2665,2.00,43.00,615.10,0.00,0,6.31
9911.00,3_2612,1.00,98.00,617.75,28.00,1,66.16
9913.00,3_2613,1.00,99.00,617.75,26.00,1,67.78
9913.00,3_2632,3.00,78.00,586.83,5.00,1,44.98
9914.00,3_2638,0.00,76.00,596.93,1.00,1,46.11
9915.00,3_2670,3.00,42.00,615.10,0.00,0,6.21
9919.00,3_2631,2.00,86.00,617.75,9.00,1,46.18
9919.00,3_2675,1.00,43.00,615.10,0.00,0,6.56
9920.00,3_2642,0.00,78.00,596.93,0.00,0,39.32
9920.00,3_2656,0.00,64.00,617.75,0.00,0,33.62
9921.00,3_2650,0.00,71.00,596.93,0.00,0,40.03
9921.00,3_2683,2.00,36.00,605.00,0.00,0,5.87
9922.00,3_2676,3.00,43.00,617.75,0.00,0,10.02
9923.00,3_2667,3.00,53.00,596.93,0.00,0,20.14
9925.00,3_2682,0.00,43.00,596.93,0.00,0,12.04
9927.00,3_2685,3.00,39.00,615.10,0.00,0,5.47
9931.00,3_2688,6.00,37.00,615.10,0.00,0,5.35
9934.00,3_2687,4.00,43.00,596.93,0.00,0,9.00
9934.00,3_2691,6.00,37.00,617.75,0.00,0,9.42
9934.00,3_2694,6.00,34.00,615.10,0.00,0,5.76
9945.00,3_2392,37.00,316.00,617.75,236.00,1,284.76
9945.00,3_2437,29.00,279.00,596.93,233.00,1,245.25
9947.00,3_2440,32.00,275.00,615.10,226.00,1,237.29
9948.00,3_2398,32.00,318.00,617.75,235.00,1,283.24
9948.00,3_2438,31.00,279.00,596.93,231.00,1,244.16
9949.00,3_2446,29.00,274.00,615.10,226.00,1,241.24
9950.00,3_2454,29.00,267.00,596.93,220.00,1,234.96
9951.00,3_2400,32.00,319.00,617.75,235.00,1,284.98
9951.00,3_2449,31.00,271.00,615.10,222.00,1,234.59
9952.00,3_2488,6.00,258.00,605.00,210.00,1,228.61
9953.00,3_2406,32.00,315.00,617.75,234.00,1,280.75
9953.00,3_2455,31.00,267.00,596.93,217.00,1,234.13
9954.00,3_2456,33.00,265.00,615.10,210.00,2,231.71
9955.00,3_2412,31.00,312.00,617.75,234.00,1,281.11
9955.00,3_2491,10.00,254.00,605.00,205.00,1,222.24
9957.00,3_2475,19.00,263.00,596.93,209.00,1,226.59
9957.00,3_2527,1.00,229.00,605.00,180.00,1,199.38
9958.00,3_2413,31.00,314.00,617.75,233.00,1,281.18
9959.00,3_2498,7.00,254.00,596.93,202.00,1,219.85
9960.00,3_2550,0.00,210.00,615.10,158.00,1,172.37
9962.00,3_2435,29.00,298.00,617.75,233.00,1,262.40
9962.00,3_2506,2.00,254.00,596.93,200.00,1,219.29
9963.00,3_2552,1.00,210.00,615.10,157.00,1,170.42
9964.00,3_2448,30.00,286.00,617.75,230.00,1,250.28
9964.00,3_2522,0.00,242.00,596.93,187.00,1,207.69
9964.00,3_2589,0.00,175.00,615.10,123.00,1,143.18
9965.00,3_2473,19.00,273.00,617.75,216.00,1,242.86
9966.00,3_2528,0.00,238.00,596.93,181.00,1,207.57
9966.00,3_2609,0.00,157.00,615.10,105.00,1,126.70
9967.00,3_2481,17.00,269.00,617.75,213.00,1,237.08
9967.00,3_2529,2.00,236.00,596.93,180.00,1,207.70
9967.00,3_2614,0.00,153.00,615.10,102.00,1,117.82
9967.00,3_2629,2.00,136.00,615.10,87.00,1,103.93
9969.00,3_2637,0.00,132.00,615.10,84.00,1,99.74
9971.00,3_2533,3.00,235.00,596.93,178.00,1,201.30
9971.00,3_2647,1.00,123.00,615.10,71.00,1,94.04
9972.00,3_2649,6.00,117.00,615.10,67.00,1,86.13
9973.00,3_2554,2.00,217.00,596.93,159.00,1,187.83
9974.00,3_2492,9.00,273.00,617.75,212.00,1,233.39
9975.00,3_2496,6.00,273.00,617.75,211.00,1,237.59
9977.00,3_2507,4.00,266.00,617.75,205.00,1,229.46
9979.00,3_2514,60.00,205.00,596.93,153.00,1,174.08
9980.00,3_2535,52.00,193.00,615.10,148.00,1,161.17
9982.00,3_2546,56.00,180.00,615.10,133.00,1,150.11
9984.00,3_2551,60.00,173.00,615.10,124.00,1,140.82
9985.00,3_2532,52.00,201.00,615.10,150.00,1,162.31
9985.00,3_2538,52.00,195.00,596.93,147.00,1,161.71
9986.00,3_2519,58.00,209.00,617.75,154.00,1,165.09
9986.00,3_2539,54.00,193.00,617.75,144.00,1,160.23
9986.00,3_2561,59.00,166.00,615.10,114.00,1,131.97
9987.00,3_2523,59.00,205.00,617.75,152.00,1,172.31
9987.00,3_2543,56.00,188.00,596.93,141.00,1,158.85
9988.00,3_2542,54.00,192.00,617.75,143.00,1,160.93
9988.00,3_2563,60.00,165.00,615.10,113.00,2,137.43
9989.00,3_2568,64.00,157.00,615.10,107.00,1,124.72
9990.00,3_2548,57.00,185.00,596.93,135.00,1,151.36
9990.00,3_2549,59.00,182.00,617.75,133.00,1,152.03
9991.00,3_2571,67.00,153.00,615.10,101.00,1,123.13
9992.00,3_2560,57.00,175.00,596.93,125.00,1,143.80
9993.00,3_2553,61.00,179.00,617.75,126.00,1,146.09
9993.00,3_2581,69.00,143.00,615.10,92.00,1,109.90
9995.00,3_2567,62.00,166.00,617.75,115.00,1,135.69
9997.00,3_2565,61.00,171.00,596.93,117.00,1,134.48
9997.00,3_2594,62.00,141.00,615.10,89.00,1,102.52
9998.00,3_2569,66.00,163.00,596.93,109.00,1,132.15
9998.00,3_2572,69.00,157.00,615.10,103.00,1,122.82
9998.00,3_2640,55.00,103.00,615.10,51.00,1,75.21
10000.00,3_2575,69.00,156.00,596.93,103.00,1,126.53
10000.00,3_2598,64.00,138.00,615.10,85.00,1,104.31
10000.00,3_2668,49.00,83.00,615.10,31.00,1,47.02
10001.00,3_2603,65.00,133.00,615.10,78.00,1,99.73
10002.00,3_2580,67.00,155.00,596.93,100.00,1,125.53
10002.00,3_2684,36.00,82.00,615.10,30.00,1,44.38
10003.00,3_2692,35.00,76.00,615.10,23.00,1,43.30
10005.00,3_2588,65.00,152.00,596.93,97.00,1,120.47
10005.00,3_2699,31.00,75.00,615.10,21.00,1,43.91
10006.00,3_2702,31.00,73.00,615.10,21.00,1,39.78
10007.00,3_2604,67.00,136.00,617.75,77.00,1,98.36
10008.00,3_2607,69.00,132.00,617.75,75.00,1,102.61
10010.00,3_2608,71.00,131.00,617.75,72.00,1,98.07
10011.00,3_2595,64.00,152.00,596.93,89.00,1,113.90
10011.00,3_2710,33.00,68.00,615.10,13.00,1,28.09
10012.00,3_2611,70.00,131.00,617.75,72.00,1,97.33
10012.00,3_2721,28.00,63.00,605.00,8.00,1,37.26
10013.00,3_2602,63.00,148.00,596.93,86.00,1,112.38
10014.00,3_2606,67.00,141.00,596.93,81.00,1,112.18
10014.00,3_2727,25.00,62.00,615.10,6.00,1,28.24
10016.00,3_2616,67.00,133.00,617.75,72.00,1,95.00
10016.00,3_2619,66.00,131.00,596.93,70.00,1,99.35
10016.00,3_2752,20.00,44.00,615.10,0.00,0,12.84
10018.00,3_2635,59.00,124.00,617.75,65.00,1,91.77
10020.00,3_2622,66.00,132.00,596.93,69.00,1,97.45
10020.00,3_2651,53.00,116.00,617.75,55.00,1,82.37
10021.00,3_2623,68.00,130.00,596.93,66.00,1,97.82
10021.00,3_2653,53.00,115.00,617.75,52.00,1,87.11
10023.00,3_2663,51.00,109.00,617.75,50.00,1,79.28
10025.00,3_2666,49.00,110.00,617.75,50.00,1,78.18
10025.00,3_2765,19.00,41.00,615.10,0.00,0,7.32
10026.00,3_2643,55.00,128.00,596.93,60.00,1,91.68
10028.00,3_2645,56.00,127.00,596.93,60.00,1,95.73
10029.00,3_2657,51.00,121.00,596.93,55.00,1,93.44
10030.00,3_2773,16.00,41.00,615.10,0.00,0,9.68
10031.00,3_2662,48.00,121.00,596.93,54.00,1,91.14
10032.00,3_2686,37.00,109.00,617.75,43.00,1,67.09
10033.00,3_2705,31.00,97.00,617.75,30.00,1,61.74
10034.00,3_2690,34.00,110.00,596.93,42.00,1,78.18
10034.00,3_2707,31.00,96.00,617.75,30.00,1,60.05
10036.00,3_2708,32.00,96.00,596.93,29.00,1,69.24
10036.00,3_2776,18.00,42.00,615.10,0.00,0,7.51
10037.00,3_2756,22.00,59.00,617.75,0.00,0,24.97
10038.00,3_2751,19.00,68.00,617.75,0.00,0,28.98
10038.00,3_2778,19.00,41.00,615.10,0.00,0,12.81
10039.00,3_2758,22.00,59.00,617.75,0.00,0,30.38
10041.00,3_2716,30.00,95.00,596.93,23.00,1,60.12
10041.00,3_2761,21.00,59.00,617.75,0.00,0,26.36
10043.00,3_2733,22.00,88.00,596.93,17.00,1,53.06
10045.00,3_2766,21.00,58.00,617.75,0.00,0,25.14
10046.00,3_2783,25.00,38.00,615.10,0.00,0,6.90
10047.00,3_2741,17.00,89.00,596.93,15.00,1,51.62
10047.00,3_2775,17.00,55.00,617.75,0.00,0,28.63
10048.00,3_2744,17.00,87.00,586.83,12.00,1,52.93
10051.00,3_2745,19.00,87.00,596.93,11.00,1,53.74
10051.00,3_2801,13.00,37.00,615.10,0.00,0,5.11
10053.00,3_2782,24.00,47.00,617.75,0.00,0,9.40
10056.00,3_2747,20.00,89.00,596.93,11.00,1,50.47
10057.00,3_2754,21.00,82.00,596.93,5.00,1,49.66
10059.00,3_2779,21.00,59.00,596.93,0.00,0,26.29
10062.00,3_2781,22.00,59.00,596.93,0.00,0,25.76
10063.00,3_2808,15.00,40.00,615.10,0.00,0,5.97
10066.00,3_2800,11.00,55.00,596.93,0.00,0,17.34
10067.00,3_2803,17.00,47.00,596.93,0.00,0,21.12
10068.00,3_2802,15.00,51.00,596.93,0.00,0,19.24
10070.00,3_2820,12.00,38.00,615.10,0.00,0,6.13
10071.00,3_2829,6.00,36.00,615.10,0.00,0,5.87
10071.00,3_2833,5.00,33.00,615.10,0.00,0,6.39
10073.00,3_2812,14.00,47.00,596.93,0.00,0,11.84
10078.00,3_2814,15.00,49.00,615.10,0.00,0,8.99
10082.00,3_2836,5.00,41.00,615.10,0.00,0,5.22
10091.00,3_2253,0.00,638.00,596.93,575.00,3,608.67
10093.00,3_2255,1.00,637.00,596.93,571.00,3,611.18
10095.00,3_2318,0.00,577.00,617.75,509.00,3,541.17
10096.00,3_2264,1.00,631.00,596.93,563.00,3,600.69
10097.00,3_2370,4.00,523.00,615.10,451.00,3,483.29
10098.00,3_2373,7.00,518.00,615.10,441.00,4,489.87
10099.00,3_2348,0.00,551.00,617.75,481.00,3,512.85
10099.00,3_2353,4.00,542.00,615.10,470.00,3,508.50
10100.00,3_2328,0.00,572.00,596.93,499.00,3,538.63
10100.00,3_2363,3.00,534.00,615.10,461.00,3,507.58
10100.00,3_2381,6.00,513.00,615.10,437.00,3,477.29
10101.00,3_2389,3.00,509.00,615.10,431.00,3,476.12
10102.00,3_2336,0.00,566.00,596.93,494.00,3,534.48
10103.00,3_2401,1.00,501.00,615.10,422.00,4,472.20
10104.00,3_2422,0.00,482.00,615.10,406.00,3,448.11
10105.00,3_2354,6.00,545.00,596.93,468.00,3,511.61
10106.00,3_2369,3.00,534.00,617.75,457.00,3,496.10
10106.00,3_2453,0.00,453.00,615.10,376.00,3,418.86
10107.00,3_2463,0.00,444.00,615.10,371.00,3,414.87
10108.00,3_2366,3.00,539.00,596.93,461.00,3,505.86
10108.00,3_2379,4.00,525.00,617.75,446.00,3,487.05
10109.00,3_2380,5.00,524.00,617.75,445.00,3,489.86
10109.00,3_2469,4.00,436.00,615.10,361.00,3,402.76
10111.00,3_2371,6.00,534.00,586.83,456.00,3,499.19
10111.00,3_2394,1.00,516.00,617.75,436.00,3,481.53
10111.00,3_2499,0.00,412.00,615.10,336.00,3,375.81
10113.00,3_2388,1.00,524.00,596.93,443.00,3,495.04
10114.00,3_2500,2.00,412.00,615.10,332.00,3,373.08
10114.00,3_2510,1.00,403.00,615.10,324.00,3,369.16
10115.00,3_2399,0.00,516.00,596.93,434.00,3,485.73
10115.00,3_2402,3.00,510.00,617.75,426.00,3,472.85
10116.00,3_2417,0.00,499.00,617.75,417.00,3,464.24
10116.00,3_2521,0.00,395.00,615.10,313.00,3,363.63
10117.00,3_2555,0.00,362.00,615.10,281.00,3,333.54
10119.00,3_2436,0.00,483.00,596.93,400.00,3,448.50
10119.00,3_2439,0.00,480.00,617.75,394.00,3,443.80
10119.00,3_2566,0.00,353.00,615.10,273.00,3,320.95
10121.00,3_2465,1.00,455.00,596.93,373.00,4,422.02
10121.00,3_2582,0.00,339.00,615.10,257.00,2,305.58
10122.00,3_2586,0.00,336.00,615.10,256.00,2,306.06
10123.00,3_2452,0.00,471.00,617.75,385.00,3,441.26
10124.00,3_2445,0.00,479.00,617.75,389.00,3,438.84
10124.00,3_2467,2.00,455.00,596.93,370.00,4,420.14
10124.00,3_2627,3.00,294.00,615.10,231.00,1,261.53
10125.00,3_2508,0.00,417.00,615.10,329.00,4,384.76
10127.00,3_2511,3.00,413.00,596.93,326.00,3,381.39
10129.00,3_2458,0.00,471.00,617.75,380.00,3,429.43
10129.00,3_2512,5.00,412.00,596.93,321.00,4,382.88
10130.00,3_2468,4.00,458.00,617.75,366.00,3,425.21
10130.00,3_2660,1.00,269.00,615.10,217.00,1,238.29
10131.00,3_2471,5.00,455.00,617.75,364.00,5,420.36
10131.00,3_2633,0.00,298.00,615.10,232.00,2,255.74
10132.00,3_2636,3.00,293.00,615.10,231.00,2,263.47
10133.00,3_2476,1.00,456.00,617.75,361.00,4,426.13
10134.00,3_2536,0.00,398.00,596.93,306.00,3,364.01
10134.00,3_2672,2.00,260.00,615.10,206.00,1,228.48
10135.00,3_2497,0.00,438.00,617.75,344.00,3,404.98
10135.00,3_2679,2.00,254.00,615.10,201.00,1,221.68
10137.00,3_2526,0.00,411.00,617.75,317.00,3,377.02
10137.00,3_2698,2.00,237.00,615.10,181.00,1,205.91
10138.00,3_2701,2.00,235.00,615.10,182.00,1,205.79
10139.00,3_2556,2.00,381.00,596.93,286.00,5,342.34
10140.00,3_2544,0.00,396.00,617.75,299.00,3,362.07
10140.00,3_2717,0.00,223.00,615.10,168.00,1,192.41
10142.00,3_2562,0.00,380.00,596.93,281.00,4,342.30
10142.00,3_2734,1.00,207.00,615.10,154.00,1,170.66
10142.00,3_2740,4.00,198.00,615.10,147.00,1,165.46
10143.00,3_2545,0.00,398.00,617.75,299.00,3,362.18
10143.00,3_2624,0.00,319.00,596.93,236.00,2,284.69
10144.00,3_2743,4.00,197.00,615.10,146.00,1,161.51
10145.00,3_2559,2.00,384.00,617.75,284.00,3,355.27
10145.00,3_2634,2.00,309.00,615.10,234.00,1,280.60
10145.00,3_2658,0.00,287.00,596.93,222.00,1,256.99
10146.00,3_2591,0.00,355.00,617.75,267.00,2,324.27
10146.00,3_2767,0.00,179.00,615.10,127.00,1,146.19
10147.00,3_2770,0.00,177.00,615.10,124.00,1,149.31
10149.00,3_2784,0.00,165.00,615.10,113.00,1,131.92
10150.00,3_2597,0.00,353.00,617.75,265.00,2,319.01
10150.00,3_2661,3.00,286.00,596.93,219.00,1,252.60
10151.00,3_2793,0.00,158.00,615.10,105.00,1,124.91
10153.00,3_2625,2.00,326.00,617.75,239.00,3,289.82
10154.00,3_2671,0.00,283.00,596.93,213.00,1,246.46
10155.00,3_2626,2.00,327.00,617.75,237.00,2,293.69
10155.00,3_2723,0.00,232.00,615.10,164.00,1,194.13
10156.00,3_2654,0.00,302.00,607.65,233.00,1,270.06
10156.00,3_2673,4.00,279.00,596.93,208.00,1,247.58
10157.00,3_2697,0.00,260.00,596.93,190.00,1,233.81
10159.00,3_2732,0.00,227.00,596.93,157.00,1,198.44
10161.00,3_2678,2.00,281.00,617.75,210.00,1,246.50
10163.00,3_2737,1.00,225.00,596.93,153.00,1,192.12
10163.00,3_2746,4.00,213.00,617.75,154.00,1,176.64
10164.00,3_2738,3.00,223.00,596.93,152.00,1,192.23
10164.00,3_2818,101.00,45.00,615.10,0.00,0,9.75
10165.00,3_2680,4.00,281.00,617.75,207.00,1,249.01
10165.00,3_2819,103.00,43.00,615.10,0.00,0,10.91
10167.00,3_2693,0.00,274.00,617.75,200.00,1,243.32
10168.00,3_2811,88.00,69.00,596.93,8.00,1,35.78
10169.00,3_2703,3.00,263.00,617.75,190.00,1,230.60
10169.00,3_2830,95.00,44.00,615.10,0.00,0,7.34
10171.00,3_2715,0.00,256.00,617.75,182.00,1,225.91
10173.00,3_2759,0.00,214.00,596.93,135.00,1,176.96
10174.00,3_2724,2.00,248.00,617.75,171.00,1,216.14
10174.00,3_2760,2.00,212.00,596.93,134.00,1,177.00
10174.00,3_2838,93.00,43.00,615.10,0.00,0,6.20
10176.00,3_2790,0.00,186.00,596.93,108.00,1,155.43
10178.00,3_2794,2.00,182.00,596.93,102.00,2,150.86
10179.00,3_2798,8.00,173.00,617.75,96.00,1,134.62
10180.00,3_2771,2.00,207.00,617.75,126.00,2,174.18
10185.00,3_2709,0.00,276.00,596.93,231.00,1,243.49
10186.00,3_2729,0.00,257.00,615.10,210.00,1,222.26
10187.00,3_2700,3.00,284.00,617.75,237.00,1,248.61
10188.00,3_2706,0.00,282.00,617.75,235.00,1,251.48
10188.00,3_2714,0.00,274.00,596.93,229.00,1,241.85
10188.00,3_2739,0.00,249.00,615.10,199.00,1,214.19
10189.00,3_2718,0.00,271.00,596.93,225.00,1,242.62
10190.00,3_2719,2.00,269.00,617.75,223.00,1,238.50
10190.00,3_2750,0.00,240.00,615.10,192.00,1,209.57
10191.00,3_2720,4.00,267.00,596.93,221.00,1,238.53
10191.00,3_2768,0.00,223.00,615.10,171.00,1,192.59
10193.00,3_2736,0.00,257.00,617.75,209.00,1,227.27
10193.00,3_2774,0.00,219.00,615.10,169.00,2,189.63
10194.00,3_2731,1.00,262.00,596.93,214.00,1,231.36
10195.00,3_2796,0.00,199.00,615.10,148.00,1,166.56
10196.00,3_2762,0.00,234.00,617.75,182.00,1,199.89
10197.00,3_2821,0.00,176.00,615.10,124.00,1,143.02
10199.00,3_2753,0.00,246.00,596.93,194.00,1,210.99
10199.00,3_2780,0.00,219.00,617.75,168.00,1,186.20
10201.00,3_2757,0.00,244.00,596.93,192.00,1,214.97
10202.00,3_2788,0.00,214.00,596.93,164.00,1,183.93
10202.00,3_2831,0.00,171.00,615.10,117.00,1,131.05
10203.00,3_2786,0.00,217.00,617.75,162.00,1,179.90
10204.00,3_2804,0.00,200.00,596.93,147.00,1,171.57
10204.00,3_2832,2.00,170.00,615.10,114.00,1,138.74
10205.00,3_2791,0.00,214.00,617.75,158.00,1,178.58
10205.00,3_2844,1.00,160.00,615.10,104.00,1,123.82
10206.00,3_2815,0.00,191.00,596.93,138.00,1,161.50
10206.00,3_2826,2.00,178.00,617.75,124.00,1,148.55
10207.00,3_2871,0.00,136.00,615.10,80.00,1,104.02
10208.00,3_2843,0.00,165.00,617.75,111.00,1,133.00
10208.00,3_2876,0.00,132.00,615.10,76.00,1,101.77
10208.00,3_2877,2.00,129.00,615.10,77.00,1,96.87
10209.00,3_2817,1.00,191.00,596.93,135.00,1,160.41
10211.00,3_2856,1.00,154.00,615.10,97.00,1,120.10
10211.00,3_2891,0.00,120.00,615.10,64.00,1,84.87
10212.00,3_2825,0.00,187.00,596.93,132.00,1,155.93
10212.00,3_2861,2.00,149.00,617.75,94.00,1,121.06
10213.00,3_2903,1.00,109.00,615.10,56.00,1,72.48
10214.00,3_2845,3.00,166.00,596.93,110.00,1,138.70
10215.00,3_2918,3.00,94.00,615.10,40.00,2,62.85
10216.00,3_2868,0.00,148.00,617.75,91.00,1,119.17
10216.00,3_2932,0.00,84.00,615.10,33.00,1,50.10
10218.00,3_2884,0.00,134.00,615.10,75.00,1,102.95
10218.00,3_2954,3.00,61.00,615.10,6.00,1,30.56
10219.00,3_2960,1.00,58.00,615.10,3.00,1,27.37
10220.00,3_2854,0.00,166.00,596.93,105.00,1,128.27
10221.00,3_2859,1.00,161.00,596.93,100.00,1,128.24
10221.00,3_2900,1.00,120.00,615.10,58.00,1,85.74
10222.00,3_2916,2.00,104.00,617.75,45.00,1,76.22
10223.00,3_2898,0.00,125.00,596.93,63.00,1,95.96
10223.00,3_2980,2.00,41.00,615.10,0.00,0,13.14
10224.00,3_2909,0.00,115.00,596.93,56.00,1,87.05
10224.00,3_2977,2.00,45.00,615.10,0.00,0,15.79
10226.00,3_2921,6.00,99.00,615.10,36.00,1,72.28
10227.00,3_2910,2.00,115.00,596.93,52.00,1,83.51
10228.00,3_2922,8.00,98.00,617.75,36.00,1,66.91
10229.00,3_2912,3.00,114.00,596.93,51.00,1,83.13
10229.00,3_2984,1.00,44.00,615.10,0.00,0,11.51
10230.00,3_2938,0.00,92.00,617.75,29.00,1,59.88
10232.00,3_2920,4.00,108.00,596.93,43.00,1,76.13
10232.00,3_2950,5.00,77.00,617.75,12.00,1,45.49
10234.00,3_2991,5.00,38.00,615.10,0.00,0,7.37
10235.00,3_2989,5.00,41.00,617.75,0.00,0,8.67
10237.00,3_2993,6.00,38.00,615.10,0.00,0,5.01
10239.00,3_2939,1.00,99.00,596.93,30.00,1,67.50
10240.00,3_2935,0.00,105.00,596.93,36.00,1,63.35
10241.00,3_2942,1.00,98.00,596.93,30.00,1,67.65
10244.00,3_2943,2.00,99.00,596.93,29.00,1,64.92
10246.00,3_2945,3.00,98.00,596.93,28.00,1,64.11
10248.00,3_2948,3.00,97.00,596.93,26.00,1,64.10
10249.00,3_2995,7.00,47.00,617.75,0.00,0,6.49
10251.00,3_2951,6.00,94.00,586.83,23.00,1,60.42
10251.00,3_3000,7.00,44.00,617.75,0.00,0,13.06
10252.00,3_3003,7.00,42.00,617.75,0.00,0,9.33
10253.00,3_2967,0.00,86.00,596.93,15.00,1,56.34
10257.00,3_2969,1.00,87.00,596.93,13.00,1,52.27
10258.00,3_3016,0.00,42.00,617.75,0.00,0,9.27
10260.00,3_2970,3.00,87.00,596.93,13.00,1,50.91
10262.00,3_2971,5.00,86.00,596.93,10.00,1,51.50
10263.00,3_3020,0.00,43.00,607.65,0.00,0,8.30
10264.00,3_2985,3.00,76.00,596.93,0.00,0,42.50
10267.00,3_2986,5.00,76.00,596.93,0.00,0,42.17
10267.00,3_3030,1.00,36.00,615.10,0.00,0,5.61
10269.00,3_2999,5.00,65.00,596.93,0.00,0,33.37
10272.00,3_3010,3.00,59.00,596.93,0.00,0,24.77
10273.00,3_2573,0.00,500.00,596.93,446.00,2,470.98
10274.00,3_2677,0.00,397.00,615.10,347.00,2,366.69
10274.00,3_3021,0.00,53.00,596.93,0.00,0,20.86
10276.00,3_2516,0.00,560.00,617.75,504.00,2,529.87
10276.00,3_3028,0.00,48.00,596.93,0.00,0,17.29
10281.00,3_3031,3.00,47.00,586.83,0.00,0,9.31
10282.00,3_3039,1.00,42.00,617.75,0.00,0,7.63
10284.00,3_3034,3.00,47.00,596.93,0.00,0,11.74
10285.00,3_3040,3.00,42.00,596.93,0.00,0,10.46
10291.00,3_3041,5.00,45.00,596.93,0.00,0,7.94
10292.00,3_3053,2.00,37.00,615.10,0.00,0,5.67
10296.00,3_3052,0.00,44.00,617.75,0.00,0,8.09
10302.00,3_2584,1.00,517.00,596.93,451.00,3,487.89
10304.00,3_2601,0.00,503.00,596.93,436.00,3,474.51
10305.00,3_2518,1.00,586.00,617.75,520.00,3,554.37
10305.00,3_2681,0.00,424.00,615.10,362.00,3,391.80
10305.00,3_2712,2.00,391.00,615.10,331.00,3,361.78
10307.00,3_2605,0.00,502.00,596.93,434.00,3,471.16
10307.00,3_2722,0.00,385.00,615.10,319.00,3,353.94
10308.00,3_2524,1.00,583.00,617.75,513.00,3,547.13
10308.00,3_2617,1.00,490.00,596.93,422.00,3,463.30
10309.00,3_2725,0.00,384.00,615.10,320.00,4,355.91
10311.00,3_2748,0.00,363.00,615.10,309.00,2,331.29
10312.00,3_2531,3.00,578.00,617.75,504.00,3,540.63
10314.00,3_2558,1.00,555.00,617.75,483.00,3,519.05
10315.00,3_2583,0.00,532.00,617.75,457.00,3,501.10
10315.00,3_2618,3.00,494.00,596.93,417.00,3,457.93
10315.00,3_2763,0.00,352.00,615.10,296.00,3,315.13
10316.00,3_2621,4.00,491.00,596.93,414.00,3,461.57
10317.00,3_2777,0.00,340.00,615.10,284.00,2,311.82
10318.00,3_2615,2.00,501.00,617.75,421.00,3,468.11
10318.00,3_2628,0.00,490.00,596.93,412.00,4,457.64
10318.00,3_2769,0.00,349.00,615.10,289.00,2,310.39
10320.00,3_2641,0.00,479.00,596.93,398.00,3,447.68
10320.00,3_2772,0.00,348.00,615.10,287.00,2,316.43
10321.00,3_2620,4.00,497.00,617.75,414.00,3,461.28
10321.00,3_2809,0.00,312.00,615.10,255.00,2,281.23
10322.00,3_2639,1.00,482.00,617.75,401.00,3,453.54
10324.00,3_2652,6.00,466.00,617.75,383.00,3,434.06
10325.00,3_2648,4.00,473.00,596.93,391.00,3,445.43
10325.00,3_2823,2.00,300.00,615.10,238.00,2,262.78
10326.00,3_2655,5.00,466.00,617.75,379.00,3,436.92
10326.00,3_2824,4.00,298.00,615.10,238.00,2,264.43
10328.00,3_2828,6.00,294.00,615.10,233.00,2,263.61
10329.00,3_2646,0.00,483.00,596.93,396.00,3,440.48
10330.00,3_2837,3.00,290.00,605.00,228.00,2,252.44
10331.00,3_2659,4.00,468.00,596.93,380.00,3,431.51
10332.00,3_2847,2.00,283.00,615.10,224.00,2,251.40
10333.00,3_2669,0.00,464.00,617.75,372.00,3,423.60
10333.00,3_2711,0.00,422.00,596.93,331.00,3,389.61
10333.00,3_2851,2.00,280.00,615.10,219.00,2,249.09
10334.00,3_2713,4.00,417.00,596.93,329.00,3,387.74
10335.00,3_2674,0.00,461.00,617.75,368.00,3,427.34
10335.00,3_2853,3.00,279.00,615.10,216.00,2,244.80
10336.00,3_2689,0.00,447.00,617.75,354.00,3,415.02
10337.00,3_2728,0.00,409.00,596.93,320.00,3,376.06
10337.00,3_2865,1.00,271.00,615.10,208.00,2,235.08
10338.00,3_2885,0.00,253.00,615.10,189.00,2,225.93
10339.00,3_2735,0.00,404.00,596.93,313.00,4,374.62
10339.00,3_2911,0.00,228.00,615.10,167.00,3,196.74
10340.00,3_2695,0.00,445.00,617.75,353.00,3,407.00
10342.00,3_2696,0.00,446.00,617.75,348.00,3,414.57
10342.00,3_2755,0.00,387.00,596.93,302.00,2,355.23
10342.00,3_2923,0.00,219.00,615.10,155.00,2,181.78
10343.00,3_2704,0.00,439.00,617.75,345.00,3,408.34
10343.00,3_2958,0.00,185.00,615.10,120.00,3,153.96
10345.00,3_2789,0.00,356.00,596.93,282.00,2,322.96
10345.00,3_2962,0.00,183.00,615.10,117.00,3,152.14
10346.00,3_2979,0.00,167.00,615.10,104.00,2,136.26
10347.00,3_2742,0.00,405.00,617.75,307.00,3,369.82
10347.00,3_2810,2.00,335.00,596.93,260.00,2,303.22
10348.00,3_2994,0.00,154.00,615.10,91.00,3,120.71
10349.00,3_2749,2.00,398.00,617.75,302.00,2,365.60
10350.00,3_2822,0.00,328.00,596.93,252.00,2,296.18
10351.00,3_2764,2.00,385.00,617.75,302.00,2,352.77
10352.00,3_2827,4.00,321.00,596.93,245.00,2,289.95
10353.00,3_2787,0.00,366.00,617.75,289.00,2,334.76
10353.00,3_2834,3.00,316.00,596.93,240.00,2,287.41
10357.00,3_2792,0.00,365.00,617.75,287.00,2,332.12
10360.00,3_2848,4.00,308.00,617.75,227.00,2,272.60
10360.00,3_2944,0.00,216.00,596.93,143.00,2,179.79
10361.00,3_2846,0.00,315.00,596.93,234.00,2,285.17
10362.00,3_2872,3.00,287.00,607.65,206.00,2,252.60
10363.00,3_2974,1.00,188.00,596.93,115.00,1,158.10
10364.00,3_2873,3.00,288.00,617.75,204.00,2,254.46
10364.00,3_2968,0.00,196.00,596.93,126.00,5,168.59
10365.00,3_2875,3.00,287.00,617.75,203.00,2,257.32
10369.00,3_3009,106.00,54.00,615.10,0.00,0,18.51
10370.00,3_2879,0.00,291.00,617.75,202.00,2,255.56
10370.00,3_3004,0.00,166.00,596.93,94.00,2,128.72
10372.00,3_2863,0.00,309.00,596.93,219.00,4,274.54
10373.00,3_2930,0.00,243.00,617.75,156.00,2,208.09
10374.00,3_2867,2.00,305.00,596.93,214.00,2,273.05
10375.00,3_2869,3.00,303.00,596.93,209.00,2,273.71
10376.00,3_3042,91.00,43.00,615.10,0.00,0,7.71
10379.00,3_2886,2.00,291.00,596.93,194.00,2,257.64
10379.00,3_2933,0.00,246.00,617.75,153.00,2,204.73
10379.00,3_2955,0.00,224.00,617.75,133.00,2,187.21
10379.00,3_3049,89.00,41.00,615.10,0.00,0,7.03
10381.00,3_2889,2.00,290.00,596.93,193.00,2,257.69
10381.00,3_2990,1.00,190.00,617.75,98.00,2,155.17
10383.00,3_3002,0.00,181.00,617.75,90.00,3,145.81
10387.00,3_2857,0.00,330.00,615.10,285.00,1,298.58
10388.00,3_2862,0.00,326.00,617.75,279.00,1,293.26
10389.00,3_2852,0.00,337.00,596.93,287.00,1,299.04
10390.00,3_2878,0.00,312.00,617.75,265.00,1,279.86
10390.00,3_2883,0.00,307.00,615.10,256.00,1,272.88
10391.00,3_2896,2.00,293.00,615.10,246.00,1,262.41
10391.00,3_2899,2.00,290.00,615.10,241.00,1,263.49
10392.00,3_2887,0.00,305.00,596.93,255.00,1,266.21
10393.00,3_2895,0.00,298.00,596.93,248.00,1,264.81
10393.00,3_2919,0.00,274.00,615.10,227.00,1,243.70
10393.00,3_2941,0.00,252.00,615.10,203.00,1,220.80
10394.00,3_2946,0.00,248.00,615.10,198.00,1,215.91
10395.00,3_2901,3.00,291.00,596.93,242.00,1,260.15
10396.00,3_2904,3.00,289.00,596.93,241.00,1,262.22
10396.00,3_2953,2.00,241.00,615.10,192.00,1,207.16
10397.00,3_2924,0.00,273.00,617.75,226.00,1,241.39
10398.00,3_2914,0.00,284.00,596.93,235.00,1,254.08
10398.00,3_2961,6.00,231.00,615.10,182.00,1,197.09
10400.00,3_2926,1.00,273.00,617.75,222.00,1,239.25
10400.00,3_2931,2.00,267.00,596.93,219.00,1,238.14
10400.00,3_2959,5.00,236.00,615.10,183.00,2,205.10
10402.00,3_2976,0.00,226.00,615.10,175.00,1,194.02
10403.00,3_2929,1.00,273.00,617.75,221.00,1,240.17
10403.00,3_2996,0.00,207.00,615.10,155.00,1,173.35
10404.00,3_2936,0.00,268.00,596.93,215.00,1,236.17
10404.00,3_2947,2.00,255.00,617.75,204.00,1,225.01
10405.00,3_3001,3.00,201.00,615.10,151.00,1,169.79
10406.00,3_2952,0.00,254.00,596.93,204.00,1,223.39
10406.00,3_3036,2.00,168.00,615.10,119.00,1,136.77
10407.00,3_2957,4.00,246.00,617.75,193.00,1,214.73
10408.00,3_3037,4.00,167.00,615.10,113.00,1,139.88
10409.00,3_2966,4.00,239.00,617.75,185.00,1,209.76
10412.00,3_2973,0.00,239.00,617.75,184.00,1,208.18
10412.00,3_2983,0.00,229.00,596.93,175.00,1,198.68
10412.00,3_3048,3.00,161.00,615.10,110.00,1,124.39
10413.00,3_3050,4.00,159.00,615.10,104.00,2,129.17
10414.00,3_2956,2.00,256.00,596.93,194.00,1,214.52
10415.00,3_3095,0.00,120.00,615.10,68.00,2,90.72
10416.00,3_2981,0.00,235.00,617.75,176.00,1,202.11
10416.00,3_2992,0.00,224.00,596.93,166.00,1,189.69
10416.00,3_3108,0.00,108.00,615.10,55.00,1,73.46
10417.00,3_2997,2.00,218.00,617.75,161.00,1,186.32
10417.00,3_3117,0.00,100.00,615.10,49.00,1,66.10
10419.00,3_2998,3.00,218.00,596.93,159.00,1,183.51
10419.00,3_3127,0.00,92.00,615.10,40.00,2,57.45
10421.00,3_3044,0.00,177.00,617.75,115.00,1,142.66
10421.00,3_3141,0.00,80.00,615.10,28.00,1,49.54
10422.00,3_3138,0.00,84.00,615.10,34.00,1,55.08
10423.00,3_3047,2.00,174.00,617.75,114.00,1,140.50
10424.00,3_3084,2.00,138.00,617.75,78.00,1,105.70
10424.00,3_3161,0.00,63.00,615.10,14.00,1,28.40
10425.00,3_3006,1.00,218.00,596.93,153.00,1,177.07
10426.00,3_3012,0.00,214.00,596.93,150.00,1,179.32
10426.00,3_3174,0.00,52.00,615.10,1.00,1,24.08
10427.00,3_3022,0.00,205.00,596.93,142.00,1,175.50
10428.00,3_3097,1.00,130.00,617.75,66.00,1,96.58
10428.00,3_3155,0.00,73.00,615.10,17.00,1,42.01
10429.00,3_3027,0.00,202.00,596.93,140.00,1,174.57
10429.00,3_3102,0.00,127.00,617.75,64.00,1,95.70
10431.00,3_3032,0.00,199.00,596.93,135.00,1,167.95
10433.00,3_3105,0.00,128.00,617.75,61.00,1,94.74
10434.00,3_3035,0.00,199.00,596.93,133.00,1,165.14
10434.00,3_3135,0.00,99.00,617.75,35.00,1,72.42
10434.00,3_3191,0.00,43.00,615.10,0.00,0,13.35
10436.00,3_3046,0.00,190.00,596.93,123.00,1,158.80
10437.00,3_3150,0.00,87.00,596.93,32.00,1,60.13
10437.00,3_3166,0.00,71.00,617.75,8.00,1,41.10
10437.00,3_3184,0.00,53.00,615.10,0.00,0,21.27
10440.00,3_3179,0.00,61.00,617.75,0.00,0,28.52
10441.00,3_3055,2.00,184.00,596.93,116.00,1,152.17
10441.00,3_3193,3.00,45.00,615.10,0.00,0,8.52
10442.00,3_3074,0.00,168.00,596.93,99.00,1,138.72
10443.00,3_3187,0.00,56.00,617.75,0.00,0,21.30
10443.00,3_3196,3.00,44.00,615.10,0.00,0,9.21
10444.00,3_3080,0.00,164.00,596.93,96.00,1,136.94
10445.00,3_3188,1.00,56.00,617.75,0.00,0,21.10
10447.00,3_3192,2.00,53.00,617.75,0.00,0,20.93
10447.00,3_3198,4.00,45.00,615.10,0.00,0,13.05
10449.00,3_3199,6.00,44.00,617.75,0.00,0,14.21
10450.00,3_3083,0.00,167.00,596.93,93.00,1,131.65
10451.00,3_3209,1.00,41.00,615.10,0.00,0,7.05
10453.00,3_3120,0.00,133.00,596.93,58.00,1,97.70
10454.00,3_3208,0.00,46.00,617.75,0.00,0,12.28
10455.00,3_3123,0.00,132.00,596.93,56.00,1,98.17
10456.00,3_3144,0.00,112.00,596.93,37.00,1,81.27
10464.00,3_3225,0.00,39.00,615.10,0.00,0,5.26
10470.00,3_3231,3.00,36.00,615.10,0.00,0,5.08
10471.00,3_3227,1.00,43.00,617.75,0.00,0,7.04
10472.00,3_3230,1.00,41.00,617.75,0.00,0,11.88
10477.00,3_2795,5.00,477.00,596.93,403.00,2,450.54
10482.00,3_3235,2.00,45.00,596.93,0.00,0,8.51
10485.00,3_2726,1.00,558.00,617.75,474.00,3,525.91
10486.00,3_2850,97.00,339.00,615.10,291.00,1,304.43
10487.00,3_2797,6.00,484.00,596.93,399.00,2,451.16
10488.00,3_2881,87.00,320.00,615.10,271.00,1,288.50
10489.00,3_2730,0.00,559.00,617.75,470.00,2,522.94
10489.00,3_2897,88.00,304.00,615.10,256.00,1,273.03
10490.00,3_2785,2.00,503.00,617.75,410.00,4,471.76
10490.00,3_2799,8.00,483.00,596.93,398.00,3,453.37
10491.00,3_2913,82.00,296.00,615.10,249.00,1,263.79
10492.00,3_2805,5.00,482.00,596.93,390.00,3,442.27
10493.00,3_2807,90.00,396.00,617.75,307.00,3,361.55
10493.00,3_2927,75.00,291.00,615.10,243.00,1,258.01
10495.00,3_2928,77.00,290.00,615.10,240.00,1,254.81
10496.00,3_2813,98.00,385.00,617.75,296.00,1,352.30
10497.00,3_2806,7.00,484.00,596.93,388.00,3,445.70
10497.00,3_2937,74.00,286.00,615.10,236.00,1,254.48
10498.00,3_2816,102.00,380.00,617.75,297.00,2,346.64
10498.00,3_2835,93.00,370.00,596.93,296.00,1,341.00
10498.00,3_2940,74.00,284.00,615.10,234.00,1,250.64
10499.00,3_2839,95.00,365.00,596.93,296.00,1,334.50
10500.00,3_2842,101.00,357.00,617.75,296.00,1,325.67
10500.00,3_2949,68.00,283.00,615.10,233.00,1,250.76
10501.00,3_2964,56.00,281.00,615.10,232.00,1,249.72
10502.00,3_2840,97.00,365.00,596.93,295.00,1,332.17
10502.00,3_2849,96.00,357.00,617.75,295.00,1,324.59
10503.00,3_2978,51.00,274.00,615.10,225.00,1,242.17
10504.00,3_2841,99.00,364.00,596.93,294.00,1,333.33
10504.00,3_2855,95.00,354.00,617.75,295.00,1,322.35
10505.00,3_2860,94.00,351.00,596.93,295.00,1,325.51
10505.00,3_2987,47.00,271.00,615.10,221.00,1,242.35
10506.00,3_3005,32.00,269.00,615.10,220.00,1,239.24
10508.00,3_2874,89.00,345.00,596.93,291.00,1,314.04
10508.00,3_3011,31.00,266.00,615.10,217.00,1,235.55
10510.00,3_2858,94.00,358.00,617.75,294.00,1,319.66
10510.00,3_3038,18.00,254.00,615.10,205.00,1,223.18
10511.00,3_2864,93.00,354.00,617.75,295.00,1,317.50
10511.00,3_2882,89.00,340.00,596.93,284.00,1,308.96
10512.00,3_3058,6.00,248.00,615.10,196.00,1,215.26
10514.00,3_2870,91.00,353.00,617.75,295.00,1,321.57
10517.00,3_2866,93.00,358.00,617.75,295.00,1,316.36
10517.00,3_2888,86.00,343.00,596.93,283.00,1,306.72
10517.00,3_3069,0.00,248.00,615.10,194.00,1,209.78
10518.00,3_2880,86.00,352.00,617.75,292.00,1,319.25
10518.00,3_2892,87.00,339.00,596.93,279.00,1,305.50
10518.00,3_3077,1.00,240.00,615.10,188.00,1,210.00
10520.00,3_2890,87.00,343.00,617.75,283.00,1,311.33
10520.00,3_2894,88.00,338.00,596.93,276.00,1,307.27
10520.00,3_3119,0.00,201.00,615.10,148.00,1,163.74
10521.00,3_3133,0.00,188.00,615.10,135.00,1,152.81
10522.00,3_2906,84.00,332.00,596.93,270.00,1,301.29
10523.00,3_2905,83.00,335.00,617.75,274.00,1,300.74
10523.00,3_3140,0.00,183.00,615.10,127.00,1,148.31
10524.00,3_3157,0.00,167.00,615.10,116.00,1,139.11
10525.00,3_2907,86.00,332.00,617.75,271.00,1,300.58
10526.00,3_3206,0.00,120.00,615.10,67.00,1,88.17
10528.00,3_3221,0.00,107.00,615.10,55.00,1,73.20
10530.00,3_2934,74.00,322.00,596.93,255.00,1,279.53
10530.00,3_3232,0.00,98.00,615.10,48.00,1,66.74
10531.00,3_2915,83.00,333.00,617.75,268.00,1,293.13
10531.00,3_2965,58.00,308.00,596.93,240.00,1,270.55
10531.00,3_3233,0.00,98.00,615.10,45.00,1,67.16
10532.00,3_2975,51.00,306.00,596.93,240.00,1,277.14
10533.00,3_2917,83.00,333.00,617.75,267.00,1,292.65
10533.00,3_3024,25.00,284.00,596.93,219.00,1,257.81
10535.00,3_3029,24.00,282.00,596.93,218.00,1,252.94
10536.00,3_2982,50.00,304.00,617.75,237.00,1,264.36
10536.00,3_3007,33.00,296.00,617.75,228.00,1,260.26
10538.00,3_3019,26.00,293.00,617.75,227.00,1,260.59
10538.00,3_3056,5.00,277.00,596.93,211.00,1,244.16
10541.00,3_3023,24.00,294.00,617.75,225.00,1,258.24
10542.00,3_3026,26.00,290.00,617.75,222.00,1,258.76
10542.00,3_3071,1.00,270.00,596.93,201.00,1,234.70
10544.00,3_3219,0.00,125.00,617.75,58.00,1,93.90
10545.00,3_3075,0.00,270.00,596.93,198.00,1,233.21
10546.00,3_3043,16.00,287.00,617.75,218.00,2,255.00
10548.00,3_3078,3.00,267.00,596.93,194.00,1,230.62
10550.00,3_3248,2.00,100.00,615.10,37.00,1,56.93
10553.00,3_3060,4.00,289.00,617.75,244.00,1,257.81
10554.00,3_3059,2.00,293.00,615.10,248.00,1,259.21
10555.00,3_3057,1.00,297.00,615.10,247.00,1,259.95
10555.00,3_3068,11.00,276.00,615.10,227.00,1,246.06
10556.00,3_3064,9.00,283.00,615.10,236.00,1,249.98
10557.00,3_3094,9.00,254.00,615.10,207.00,1,221.34
10558.00,3_3062,8.00,288.00,596.93,239.00,1,254.62
10558.00,3_3115,0.00,243.00,615.10,195.00,1,212.25
10559.00,3_3061,6.00,292.00,615.10,240.00,1,251.31
10561.00,3_3070,12.00,279.00,617.75,228.00,1,240.40
10562.00,3_3065,11.00,286.00,596.93,236.00,1,250.62
10562.00,3_3145,1.00,216.00,615.10,166.00,1,179.26
10563.00,3_3073,12.00,278.00,617.75,227.00,1,243.91
10563.00,3_3079,9.00,275.00,596.93,227.00,1,246.28
10564.00,3_3149,0.00,215.00,615.10,161.00,1,188.01
10565.00,3_3086,5.00,274.00,596.93,224.00,1,242.50
10565.00,3_3160,6.00,199.00,615.10,150.00,1,167.52
10567.00,3_3091,6.00,270.00,617.75,216.00,1,232.14
10567.00,3_3167,5.00,195.00,615.10,146.00,1,159.71
10568.00,3_3087,7.00,274.00,596.93,222.00,1,241.40
10569.00,3_3093,7.00,269.00,617.75,214.00,1,237.31
10569.00,3_3168,7.00,194.00,615.10,143.00,1,158.16
10570.00,3_3110,0.00,260.00,617.75,206.00,1,227.16
10570.00,3_3169,9.00,192.00,615.10,140.00,1,160.63
10571.00,3_3096,10.00,265.00,596.93,212.00,1,231.84
10572.00,3_3118,0.00,254.00,617.75,200.00,1,223.26
10573.00,3_3122,2.00,249.00,596.93,194.00,1,215.47
10573.00,3_3182,0.00,191.00,615.10,138.00,1,152.82
10575.00,3_3134,0.00,241.00,596.93,185.00,1,210.00
10575.00,3_3212,2.00,161.00,615.10,107.00,1,131.87
10576.00,3_3121,0.00,255.00,617.75,197.00,1,219.27
10576.00,3_3215,2.00,159.00,615.10,107.00,1,131.69
10577.00,3_3125,2.00,250.00,617.75,196.00,1,219.05
10577.00,3_3218,5.00,154.00,605.00,101.00,1,123.60
10579.00,3_3224,2.00,153.00,615.10,101.00,1,116.99
10582.00,3_3131,0.00,251.00,617.75,192.00,1,215.23
10582.00,3_3143,0.00,239.00,596.93,178.00,1,199.05
10583.00,3_3151,1.00,231.00,596.93,172.00,1,194.92
10583.00,3_3234,0.00,149.00,615.10,96.00,1,108.86
10584.00,3_3137,0.00,247.00,617.75,187.00,1,215.11
10584.00,3_3240,0.00,144.00,615.10,93.00,1,111.36
10585.00,3_3154,1.00,230.00,617.75,171.00,1,201.24
10585.00,3_3156,2.00,227.00,596.93,167.00,1,192.32
10586.00,3_3253,0.00,133.00,615.10,79.00,1,102.33
10587.00,3_3163,6.00,218.00,596.93,157.00,1,190.65
10587.00,3_3261,4.00,122.00,615.10,66.00,1,88.52
10588.00,3_3158,3.00,227.00,617.75,168.00,1,195.07
10589.00,3_3283,1.00,105.00,615.10,51.00,1,68.73
10589.00,3_3322,2.00,65.00,605.00,14.00,1,33.54
10590.00,3_3159,5.00,226.00,617.75,165.00,1,193.16
10590.00,3_3200,0.00,190.00,596.93,130.00,1,157.51
10591.00,3_3194,0.00,197.00,617.75,137.00,1,167.65
10592.00,3_3203,0.00,189.00,596.93,127.00,1,157.41
10593.00,3_3334,0.00,59.00,615.10,7.00,1,19.80
10594.00,3_3210,0.00,184.00,596.93,122.00,1,154.33
10597.00,3_3197,0.00,200.00,617.75,135.00,1,161.90
10599.00,3_3205,1.00,193.00,617.75,129.00,1,158.67
10599.00,3_3357,0.00,42.00,615.10,0.00,0,5.80
10601.00,3_3228,1.00,172.00,596.93,105.00,1,139.52
10602.00,3_3211,2.00,189.00,617.75,122.00,1,150.44
10602.00,3_3217,3.00,182.00,596.93,112.00,1,141.23
10602.00,3_3358,2.00,42.00,615.10,0.00,0,12.75
10604.00,3_3255,1.00,148.00,596.93,81.00,1,112.73
10605.00,3_3267,1.00,137.00,617.75,66.00,1,99.14
10606.00,3_3257,2.00,147.00,596.93,78.00,1,113.78
10609.00,3_3281,1.00,127.00,617.75,57.00,1,84.76
10609.00,3_3309,0.00,100.00,617.75,32.00,1,65.40
10611.00,3_3258,4.00,149.00,596.93,78.00,1,112.73
10611.00,3_3315,0.00,96.00,617.75,28.00,1,61.93
10613.00,3_3279,0.00,134.00,596.93,62.00,1,98.45
10614.00,3_3340,0.00,74.00,617.75,2.00,1,35.92
10615.00,3_3285,2.00,128.00,596.93,57.00,1,95.46
10615.00,3_3354,0.00,61.00,617.75,0.00,0,29.64
10617.00,3_3378,0.00,39.00,615.10,0.00,0,10.40
10620.00,3_3302,0.00,118.00,596.93,44.00,1,79.90
10621.00,3_3321,0.00,100.00,596.93,26.00,1,67.72
10621.00,3_3363,0.00,58.00,617.75,0.00,0,16.20
10625.00,3_3335,2.00,88.00,596.93,11.00,1,49.74
10626.00,3_3387,3.00,36.00,615.10,0.00,0,6.43
10627.00,3_3344,0.00,83.00,596.93,7.00,1,47.30
10629.00,3_3371,0.00,58.00,596.93,0.00,0,22.99
10630.00,3_3379,2.00,49.00,596.93,0.00,0,19.07
10632.00,3_3380,4.00,48.00,596.93,0.00,0,18.41
10635.00,3_3381,6.00,48.00,596.93,0.00,0,15.66
10636.00,3_3388,5.00,43.00,617.75,0.00,0,8.46
10638.00,3_3391,8.00,39.00,596.93,0.00,0,12.14
10639.00,3_3390,6.00,43.00,615.10,0.00,0,5.15
10642.00,3_3399,6.00,37.00,615.10,0.00,0,5.17
10643.00,3_3394,8.00,41.00,617.75,0.00,0,8.80
10648.00,3_3400,8.00,40.00,596.93,0.00,0,9.57
10651.00,3_3416,0.00,35.00,615.10,0.00,0,5.55
10659.00,3_3017,108.00,334.00,617.75,273.00,1,304.03
10661.00,3_2893,1.00,567.00,596.93,462.00,3,531.34
10662.00,3_3018,108.00,336.00,617.75,272.00,1,303.77
10663.00,3_3033,99.00,331.00,615.10,271.00,1,294.50
10663.00,3_3045,91.00,327.00,617.75,272.00,1,296.75
10664.00,3_2902,0.00,562.00,596.93,459.00,4,526.20
10665.00,3_3072,79.00,314.00,615.10,264.00,1,276.32
10666.00,3_2908,0.00,558.00,596.93,454.00,4,530.21
10666.00,3_3082,78.00,306.00,615.10,253.00,1,272.58
10668.00,3_3054,90.00,324.00,617.75,272.00,1,287.20
10668.00,3_3103,72.00,293.00,615.10,243.00,1,263.92
10669.00,3_2963,2.00,504.00,596.93,394.00,4,476.41
10669.00,3_3126,64.00,279.00,615.10,230.00,1,245.68
10671.00,3_2925,1.00,545.00,596.93,436.00,5,506.67
10671.00,3_3116,71.00,284.00,615.10,230.00,1,250.96
10672.00,3_3076,78.00,318.00,617.75,267.00,1,285.04
10673.00,3_2972,0.00,501.00,596.93,387.00,3,470.91
10673.00,3_3066,80.00,327.00,617.75,269.00,1,286.22
10673.00,3_3130,69.00,274.00,615.10,220.00,1,241.30
10674.00,3_2988,0.00,486.00,596.93,378.00,4,457.19
10674.00,3_3181,52.00,241.00,615.10,192.00,1,209.35
10675.00,3_3092,74.00,309.00,617.75,258.00,1,277.64
10676.00,3_3183,53.00,240.00,615.10,188.00,1,210.03
10677.00,3_3008,99.00,370.00,596.93,267.00,1,339.47
10677.00,3_3189,53.00,235.00,615.10,186.00,1,201.61
10679.00,3_3186,53.00,240.00,615.10,185.00,1,207.99
10679.00,3_3222,43.00,214.00,615.10,164.00,1,183.86
10680.00,3_3111,73.00,296.00,617.75,239.00,1,256.46
10681.00,3_3128,65.00,288.00,617.75,233.00,1,254.13
10681.00,3_3226,44.00,211.00,615.10,163.00,1,179.25
10682.00,3_3015,103.00,364.00,586.83,267.00,1,329.46
10683.00,3_3013,105.00,365.00,596.93,266.00,1,333.21
10683.00,3_3129,67.00,287.00,607.65,230.00,1,252.62
10684.00,3_3239,37.00,208.00,615.10,158.00,1,172.95
10685.00,3_3014,108.00,363.00,596.93,266.00,1,334.77
10686.00,3_3252,36.00,198.00,615.10,148.00,1,170.47
10687.00,3_3142,66.00,279.00,617.75,220.00,1,241.14
10687.00,3_3290,11.00,186.00,615.10,136.00,1,154.65
10688.00,3_3162,55.00,271.00,617.75,214.00,1,240.40
10689.00,3_3025,104.00,360.00,596.93,267.00,1,326.19
10690.00,3_3165,55.00,270.00,617.75,213.00,1,240.64
10691.00,3_3051,90.00,350.00,596.93,266.00,1,319.47
10692.00,3_3172,54.00,266.00,617.75,209.00,1,234.52
10693.00,3_3067,81.00,345.00,596.93,266.00,1,313.47
10695.00,3_3176,55.00,264.00,617.75,205.00,1,230.91
10696.00,3_3081,76.00,339.00,596.93,266.00,1,307.09
10698.00,3_3085,78.00,335.00,596.93,265.00,2,304.10
10698.00,3_3204,47.00,247.00,617.75,187.00,1,212.84
10700.00,3_3099,70.00,331.00,596.93,264.00,1,300.40
10701.00,3_3220,42.00,239.00,617.75,178.00,1,203.31
10703.00,3_3170,53.00,280.00,596.93,227.00,1,248.60
10704.00,3_3223,45.00,236.00,617.75,174.00,1,200.33
10705.00,3_3245,40.00,220.00,617.75,157.00,1,187.69
10708.00,3_3249,37.00,222.00,617.75,156.00,1,188.73
10709.00,3_3195,50.00,264.00,596.93,208.00,3,228.62
10709.00,3_3276,20.00,213.00,617.75,148.00,1,180.97
10710.00,3_3100,72.00,338.00,596.93,265.00,2,308.57
10714.00,3_3282,15.00,217.00,617.75,147.00,1,181.75
10715.00,3_3260,30.00,225.00,596.93,166.00,1,193.36
10715.00,3_3289,11.00,215.00,617.75,147.00,1,186.27
10718.00,3_3287,12.00,219.00,617.75,146.00,1,184.76
10721.00,3_3242,37.00,242.00,596.93,180.00,2,204.99
10722.00,3_3107,71.00,344.00,596.93,269.00,4,311.80
10724.00,3_3291,13.00,220.00,617.75,147.00,1,177.50
10724.00,3_3295,10.00,219.00,617.75,145.00,1,186.57
10724.00,3_3304,3.00,217.00,596.93,152.00,2,183.53
10726.00,3_3308,5.00,213.00,617.75,142.00,1,181.46
10726.00,3_3319,150.00,57.00,615.10,0.00,0,23.98
10727.00,3_3313,1.00,213.00,596.93,147.00,1,179.94
10729.00,3_3316,148.00,65.00,615.10,0.00,0,31.04
10729.00,3_3317,150.00,62.00,617.75,0.00,0,26.58
10730.00,3_3109,72.00,349.00,596.93,269.00,5,314.29
10732.00,3_3356,133.00,43.00,615.10,0.00,0,10.22
10733.00,3_3330,142.00,61.00,617.75,0.00,0,22.98
10734.00,3_3343,134.00,57.00,617.75,0.00,0,28.32
10735.00,3_3139,66.00,330.00,596.93,245.00,3,296.86
10736.00,3_3136,66.00,334.00,596.93,249.00,4,294.49
10736.00,3_3345,134.00,57.00,617.75,0.00,0,22.46
10737.00,3_3346,135.00,56.00,617.75,0.00,0,24.47
10738.00,3_3147,64.00,327.00,596.93,240.00,2,293.02
10742.00,3_3256,0.00,286.00,617.75,243.00,1,256.11
10742.00,3_3268,0.00,274.00,615.10,229.00,1,242.62
10744.00,3_3236,4.00,304.00,596.93,256.00,1,268.25
10746.00,3_3238,5.00,303.00,596.93,254.00,1,268.61
10746.00,3_3269,2.00,275.00,615.10,227.00,1,239.42
10746.00,3_3273,1.00,272.00,615.10,225.00,1,238.55
10748.00,3_3280,1.00,267.00,615.10,217.00,1,236.77
10749.00,3_3243,3.00,303.00,596.93,252.00,1,268.85
10750.00,3_3284,0.00,266.00,615.10,217.00,1,234.31
10750.00,3_3288,2.00,260.00,615.10,211.00,1,224.47
10751.00,3_3263,0.00,288.00,586.83,239.00,1,254.02
10751.00,3_3278,0.00,273.00,617.75,220.00,1,235.37
10752.00,3_3286,1.00,265.00,615.10,215.00,1,232.58
10753.00,3_3292,1.00,260.00,617.75,209.00,2,229.01
10753.00,3_3293,3.00,257.00,596.93,209.00,1,225.85
10753.00,3_3296,6.00,251.00,615.10,201.00,1,221.46
10755.00,3_3294,5.00,256.00,615.10,204.00,1,223.26
10756.00,3_3298,7.00,251.00,615.10,201.00,1,220.47
10756.00,3_3311,6.00,239.00,615.10,188.00,1,202.20
10756.00,3_3318,2.00,236.00,596.93,184.00,1,202.90
10757.00,3_3327,2.00,228.00,615.10,176.00,1,193.70
10759.00,3_3320,3.00,236.00,615.10,179.00,1,207.71
10759.00,3_3324,2.00,233.00,615.10,176.00,2,200.60
10759.00,3_3328,4.00,227.00,596.93,176.00,1,198.48
10760.00,3_3336,8.00,216.00,615.10,164.00,1,188.63
10762.00,3_3301,7.00,254.00,617.75,198.00,1,215.37
10762.00,3_3351,2.00,209.00,615.10,156.00,1,178.57
10765.00,3_3305,6.00,254.00,617.75,197.00,1,216.43
10765.00,3_3355,3.00,207.00,615.10,154.00,1,170.51
10766.00,3_3306,8.00,252.00,617.75,196.00,1,220.68
10766.00,3_3329,6.00,231.00,596.93,173.00,1,192.11
10767.00,3_3359,2.00,206.00,615.10,152.00,1,174.32
10768.00,3_3331,7.00,230.00,596.93,173.00,1,195.19
10768.00,3_3332,9.00,227.00,617.75,172.00,1,195.13
10768.00,3_3368,2.00,198.00,615.10,142.00,1,165.56
10769.00,3_3342,1.00,226.00,586.83,170.00,1,195.68
10770.00,3_3386,2.00,182.00,615.10,128.00,2,149.25
10771.00,3_3337,10.00,224.00,596.93,167.00,1,191.20
10771.00,3_3397,0.00,174.00,615.10,120.00,1,142.88
10773.00,3_3333,10.00,230.00,617.75,170.00,1,189.93
10773.00,3_3348,2.00,223.00,596.93,167.00,1,198.28
10774.00,3_3412,1.00,161.00,615.10,108.00,1,123.58
10775.00,3_3352,4.00,219.00,617.75,161.00,1,187.47
10775.00,3_3365,0.00,210.00,617.75,153.00,1,183.56
10775.00,3_3428,0.00,147.00,615.10,96.00,1,115.53
10776.00,3_3366,1.00,209.00,596.93,149.00,1,176.42
10777.00,3_3375,0.00,202.00,617.75,144.00,1,169.68
10777.00,3_3434,1.00,142.00,615.10,88.00,1,114.25
10778.00,3_3376,1.00,201.00,586.83,142.00,1,171.99
10778.00,3_3389,2.00,187.00,617.75,129.00,1,156.53
10779.00,3_3448,0.00,131.00,615.10,79.00,1,102.93
10780.00,3_3473,0.00,107.00,615.10,53.00,1,73.76
10781.00,3_3410,2.00,169.00,617.75,110.00,1,138.18
10782.00,3_3414,2.00,166.00,617.75,106.00,1,136.02
10782.00,3_3492,2.00,88.00,615.10,35.00,1,55.99
10783.00,3_3508,0.00,75.00,615.10,23.00,1,42.04
10784.00,3_3385,0.00,199.00,596.93,135.00,1,160.81
10785.00,3_3513,0.00,72.00,615.10,20.00,1,36.64
10787.00,3_3409,0.00,178.00,615.10,113.00,1,139.67
10787.00,3_3420,1.00,166.00,596.93,104.00,1,133.19
10787.00,3_3514,2.00,71.00,615.10,17.00,1,39.96
10788.00,3_3419,0.00,169.00,617.75,105.00,1,133.59
10788.00,3_3522,2.00,64.00,615.10,12.00,1,32.06
10789.00,3_3427,0.00,162.00,617.75,100.00,1,128.78
10790.00,3_3430,1.00,159.00,596.93,95.00,1,124.54
10790.00,3_3495,2.00,93.00,615.10,33.00,1,60.26
10791.00,3_3432,2.00,157.00,617.75,94.00,1,124.87
10791.00,3_3489,1.00,101.00,615.10,39.00,1,72.83
10792.00,3_3477,0.00,115.00,615.10,48.00,1,82.27
10794.00,3_3444,0.00,150.00,617.75,85.00,1,117.20
10794.00,3_3487,0.00,107.00,596.93,42.00,1,75.17
10794.00,3_3540,4.00,50.00,615.10,0.00,0,16.49
10796.00,3_3454,0.00,142.00,617.75,77.00,1,110.44
10797.00,3_3552,3.00,42.00,615.10,0.00,0,5.89
10799.00,3_3496,4.00,99.00,596.93,32.00,1,61.55
10801.00,3_3455,0.00,146.00,617.75,75.00,1,107.98
10801.00,3_3504,0.00,97.00,596.93,30.00,1,62.61
10802.00,3_3521,0.00,81.00,596.93,14.00,1,51.01
10803.00,3_3461,0.00,142.00,617.75,73.00,1,107.02
10803.00,3_3562,2.00,39.00,615.10,0.00,0,12.10
10804.00,3_3538,0.00,66.00,596.93,0.00,0,37.21
10808.00,3_3463,0.00,145.00,617.75,71.00,1,104.21
10808.00,3_3539,2.00,67.00,596.93,0.00,0,32.04
10809.00,3_3467,0.00,142.00,617.75,70.00,1,108.68
10809.00,3_3550,0.00,59.00,596.93,0.00,0,32.88
10810.00,3_3476,0.00,134.00,617.75,62.00,1,98.94
10811.00,3_3556,2.00,53.00,596.93,0.00,0,22.44
10812.00,3_3482,0.00,130.00,617.75,52.00,2,95.37
10814.00,3_3491,2.00,121.00,617.75,39.00,3,90.54
10814.00,3_3559,2.00,53.00,596.93,0.00,0,19.39
10816.00,3_3572,0.00,44.00,596.93,0.00,0,12.75
10817.00,3_3541,6.00,70.00,617.75,1.00,1,37.02
10819.00,3_3551,2.00,66.00,617.75,0.00,0,34.68
10822.00,3_3576,0.00,46.00,617.75,0.00,0,12.07
10825.00,3_3580,0.00,45.00,617.75,0.00,0,8.22
10826.00,3_3584,2.00,40.00,596.93,0.00,0,9.18
10827.00,3_3583,0.00,44.00,617.75,0.00,0,11.27
10831.00,3_3587,2.00,42.00,596.93,0.00,0,9.04
10832.00,3_3588,4.00,40.00,617.75,0.00,0,8.04
10836.00,3_3592,3.00,41.00,596.93,0.00,0,9.70
10838.00,4_1,-0.50,38.00,615.10,0.00,0,5.60
10841.00,4_6,3.00,35.00,615.10,0.00,0,5.41
10844.00,4_18,0.00,35.00,615.10,0.00,0,5.71
10845.00,4_5,0.50,42.00,617.75,0.00,0,7.43
10848.00,3_3063,4.00,581.00,617.75,513.00,2,550.55
10849.00,3_3088,0.00,561.00,596.93,492.00,2,529.29
10851.00,4_29,-0.50,37.00,596.93,0.00,0,8.93
10854.00,3_3214,0.00,440.00,617.75,383.00,4,408.70
10862.00,3_3089,2.00,571.00,596.93,490.00,3,537.98
10862.00,3_3254,41.00,367.00,615.10,298.00,2,336.43
10864.00,3_3090,4.00,570.00,596.93,488.00,3,540.83
10864.00,3_3237,0.00,427.00,617.75,349.00,3,390.38
10866.00,3_3241,0.00,425.00,617.75,346.00,4,390.08
10867.00,3_3246,0.00,421.00,617.75,340.00,3,394.48
10867.00,3_3265,45.00,357.00,615.10,296.00,2,319.17
10868.00,3_3104,0.00,564.00,596.93,478.00,3,528.38
10868.00,3_3266,47.00,355.00,615.10,295.00,2,322.49
10869.00,3_3247,0.00,422.00,617.75,336.00,3,387.61
10870.00,3_3112,0.00,558.00,596.93,471.00,3,524.20
10870.00,3_3271,45.00,354.00,615.10,294.00,2,321.04
10871.00,3_3113,2.00,556.00,596.93,466.00,3,524.16
10872.00,3_3098,0.00,574.00,617.75,479.00,4,540.99
10872.00,3_3274,48.00,350.00,615.10,293.00,2,316.71
10872.00,3_3277,51.00,344.00,615.10,286.00,2,317.17
10874.00,3_3303,36.00,335.00,615.10,275.00,2,304.41
10875.00,3_3146,0.00,529.00,596.93,439.00,3,493.43
10875.00,3_3323,27.00,325.00,615.10,267.00,1,292.87
10877.00,3_3101,0.00,576.00,617.75,475.00,3,535.83
10877.00,3_3326,30.00,321.00,615.10,264.00,1,287.16
10879.00,3_3106,1.00,572.00,617.75,470.00,3,543.34
10879.00,3_3180,1.00,498.00,596.93,403.00,4,461.73
10879.00,3_3341,21.00,317.00,615.10,258.00,1,283.18
10880.00,3_3114,4.00,562.00,617.75,459.00,3,530.79
10880.00,3_3364,10.00,306.00,615.10,248.00,1,276.84
10881.00,3_3190,0.00,491.00,596.93,395.00,3,454.94
10882.00,3_3383,5.00,294.00,615.10,235.00,1,261.66
10883.00,3_3124,0.00,559.00,617.75,455.00,3,523.89
10883.00,3_3164,0.00,519.00,596.93,423.00,3,486.87
10884.00,3_3393,1.00,290.00,615.10,231.00,1,257.14
10885.00,3_3132,0.00,553.00,617.75,449.00,3,519.05
10885.00,3_3173,0.00,512.00,596.93,414.00,5,479.68
10885.00,3_3395,2.00,288.00,615.10,231.00,1,257.01
10887.00,3_3148,1.00,538.00,617.75,434.00,2,503.87
10887.00,3_3405,0.00,282.00,615.10,224.00,1,251.35
10888.00,3_3178,0.00,510.00,596.93,405.00,4,475.38
10888.00,3_3415,0.00,273.00,605.00,215.00,1,240.09
10889.00,3_3152,0.00,537.00,617.75,432.00,2,506.37
10890.00,3_3423,0.00,267.00,615.10,210.00,1,238.01
10891.00,3_3171,0.00,520.00,617.75,415.00,3,490.12
10893.00,3_3177,0.00,516.00,617.75,412.00,4,484.01
10893.00,3_3185,0.00,508.00,596.93,396.00,5,469.38
10894.00,3_3429,3.00,262.00,615.10,203.00,1,224.89
10896.00,3_3250,3.00,443.00,596.93,332.00,5,404.81
10896.00,3_3438,0.00,258.00,615.10,196.00,1,225.97
10899.00,3_3421,0.00,278.00,617.75,234.00,1,249.01
10900.00,3_3422,2.00,276.00,615.10,231.00,1,243.19
10900.00,3_3435,0.00,265.00,615.10,221.00,1,233.26
10901.00,3_3437,1.00,263.00,596.93,218.00,1,232.77
10903.00,3_3424,3.00,276.00,617.75,228.00,1,242.19
10903.00,3_3458,0.00,245.00,615.10,200.00,1,213.66
10904.00,3_3445,0.00,259.00,615.10,207.00,2,222.72
10904.00,3_3459,2.00,243.00,596.93,196.00,1,212.40
10905.00,3_3474,0.00,231.00,615.10,180.00,2,202.89
10905.00,3_3505,1.00,199.00,615.10,153.00,1,166.73
10906.00,3_3469,0.00,237.00,596.93,192.00,1,207.84
10907.00,3_3512,0.00,195.00,615.10,144.00,1,162.65
10908.00,3_3519,0.00,189.00,615.10,140.00,2,159.92
10909.00,3_3507,2.00,200.00,617.75,150.00,1,168.37
10911.00,3_3484,0.00,227.00,596.93,178.00,1,193.59
10912.00,3_3526,2.00,184.00,617.75,133.00,1,150.39
10912.00,3_3544,0.00,168.00,615.10,117.00,1,128.95
10912.00,3_3549,1.00,162.00,615.10,113.00,1,130.90
10913.00,3_3500,0.00,213.00,596.93,161.00,1,179.51
10914.00,3_3555,0.00,159.00,615.10,103.00,1,125.29
10915.00,3_3561,4.00,150.00,615.10,98.00,1,118.24
10916.00,3_3501,2.00,213.00,596.93,159.00,1,179.77
10917.00,3_3564,4.00,149.00,615.10,94.00,2,117.50
10918.00,3_3567,4.00,147.00,615.10,96.00,1,121.06
10919.00,3_3570,7.00,142.00,615.10,89.00,1,104.21
10920.00,3_3525,0.00,195.00,596.93,139.00,1,157.36
10920.00,3_3557,1.00,162.00,617.75,104.00,1,122.11
10921.00,3_3571,9.00,141.00,615.10,86.00,1,102.87
10922.00,3_3558,4.00,160.00,617.75,103.00,1,128.80
10922.00,3_3597,3.00,122.00,615.10,66.00,1,90.92
10923.00,3_3568,6.00,149.00,615.10,94.00,1,116.89
10924.00,3_3534,0.00,190.00,596.93,131.00,1,151.75
10924.00,3_3589,0.00,135.00,617.75,83.00,1,105.44
10924.00,4_12,11.00,107.00,615.10,54.00,1,70.61
10925.00,3_3535,2.00,188.00,596.93,131.00,1,158.41
10926.00,4_19,18.50,98.00,615.10,46.00,1,69.34
10927.00,3_3547,0.00,180.00,596.93,124.00,1,148.24
10927.00,4_37,19.50,89.00,615.10,38.00,1,51.86
10928.00,3_3599,4.00,125.00,617.75,69.00,1,93.77
10928.00,4_48,17.00,87.00,615.10,32.00,1,57.07
10929.00,4_14,13.00,109.00,615.10,54.00,1,79.65
10930.00,4_69,24.50,71.00,615.10,18.00,1,34.84
10931.00,4_87,31.50,56.00,615.10,4.00,1,22.19
10932.00,3_3586,0.00,146.00,596.93,84.00,1,107.41
10933.00,3_3590,1.00,142.00,596.93,81.00,1,109.17
10933.00,4_101,35.50,47.00,615.10,0.00,0,18.55
10935.00,4_17,17.50,109.00,617.75,48.00,1,73.15
10936.00,3_3591,3.00,142.00,596.93,80.00,1,105.52
10936.00,4_23,19.50,105.00,617.75,47.00,1,73.28
10938.00,3_3595,2.00,141.00,596.93,79.00,1,109.24
10939.00,4_0,5.00,134.00,596.93,73.00,1,103.95
10941.00,4_7,4.50,133.00,596.93,72.00,1,102.60
10941.00,4_121,41.50,39.00,615.10,0.00,0,8.44
10942.00,4_31,20.50,106.00,617.75,44.00,1,65.49
10943.00,4_50,22.00,96.00,617.75,35.00,1,62.41
10945.00,4_9,6.50,134.00,596.93,70.00,1,101.02
10947.00,4_57,20.50,98.00,617.75,32.00,1,58.21
10948.00,4_10,9.00,134.00,596.93,67.00,1,99.27
10948.00,4_68,23.00,91.00,617.75,26.00,1,62.67
10949.00,4_15,15.50,126.00,596.93,60.00,1,96.86
10950.00,4_75,24.50,88.00,617.75,22.00,1,53.40
10950.00,4_125,45.50,42.00,615.10,0.00,0,9.86
10952.00,4_80,31.00,81.00,617.75,14.00,1,45.56
10954.00,4_24,21.00,121.00,596.93,52.00,1,84.34
10954.00,4_85,30.50,81.00,617.75,13.00,1,48.98
10956.00,4_49,18.50,113.00,596.93,42.00,1,84.08
10958.00,4_58,22.00,107.00,596.93,38.00,1,74.05
10958.00,4_95,33.50,77.00,617.75,9.00,1,39.07
10959.00,4_102,38.00,70.00,617.75,1.00,1,38.88
10961.00,4_104,42.00,67.00,617.75,0.00,0,35.59
10961.00,4_147,44.50,43.00,615.10,0.00,0,10.87
10962.00,4_66,21.00,108.00,596.93,33.00,1,71.67
10962.00,4_131,45.50,51.00,617.75,0.00,0,21.50
10964.00,4_111,3.50,105.00,586.83,32.00,1,72.05
10965.00,4_117,6.50,100.00,586.83,28.00,1,69.68
10965.00,4_140,46.00,49.00,617.75,0.00,0,14.84
10965.00,4_151,48.50,41.00,615.10,0.00,0,9.90
10967.00,4_152,51.00,40.00,615.10,0.00,0,12.04
10969.00,4_78,26.00,104.00,596.93,28.00,1,69.48
10970.00,4_153,53.50,40.00,617.75,0.00,0,9.99
10972.00,4_79,28.50,104.00,596.93,26.00,1,68.19
10973.00,4_169,51.50,37.00,615.10,0.00,0,6.54
10974.00,4_88,34.00,96.00,596.93,22.00,1,62.86
10975.00,4_181,51.50,33.00,615.10,0.00,0,8.15
10976.00,4_99,33.50,93.00,596.93,18.00,1,62.84
10977.00,4_103,39.50,86.00,596.93,11.00,1,56.12
10984.00,3_3367,128.00,289.00,605.00,242.00,1,262.41
10986.00,3_3153,61.00,572.00,596.93,478.00,2,538.86
10988.00,3_3207,46.00,535.00,596.93,443.00,2,501.55
10988.00,3_3361,131.00,296.00,617.75,244.00,1,261.10
10989.00,3_3374,127.00,288.00,617.75,242.00,1,260.07
10989.00,3_3406,115.00,268.00,615.10,220.00,1,233.32
10990.00,3_3175,53.00,562.00,596.93,465.00,3,533.85
10990.00,3_3404,114.00,272.00,615.10,222.00,2,242.44
10991.00,3_3392,111.00,288.00,617.75,241.00,1,257.35
10993.00,3_3216,43.00,534.00,596.93,434.00,2,501.20
10993.00,3_3411,113.00,269.00,617.75,220.00,1,239.33
10993.00,3_3418,112.00,263.00,615.10,212.00,1,227.25
10995.00,3_3443,98.00,254.00,615.10,206.00,1,223.54
10996.00,3_3202,46.00,548.00,596.93,451.00,4,514.98
10996.00,3_3464,98.00,234.00,615.10,181.00,1,198.88
10997.00,3_3213,43.00,541.00,596.93,439.00,4,511.00
10997.00,3_3413,114.00,270.00,617.75,219.00,1,235.67
10998.00,3_3470,101.00,227.00,615.10,178.00,1,199.96
10999.00,3_3472,102.00,225.00,615.10,173.00,1,196.66
11000.00,3_3431,102.00,267.00,617.75,214.00,1,230.26
11001.00,3_3229,44.00,528.00,596.93,420.00,2,494.89
11001.00,3_3478,102.00,221.00,615.10,172.00,1,188.36
11002.00,3_3436,100.00,266.00,617.75,213.00,1,234.72
11003.00,3_3481,104.00,218.00,615.10,166.00,1,183.33
11004.00,3_3441,98.00,265.00,617.75,214.00,1,232.00
11005.00,3_3486,106.00,213.00,615.10,163.00,1,178.29
11006.00,3_3488,107.00,211.00,615.10,160.00,1,177.38
11007.00,3_3244,38.00,525.00,596.93,414.00,3,485.49
11007.00,3_3270,23.00,514.00,596.93,402.00,3,483.73
11007.00,3_3446,98.00,263.00,617.75,207.00,1,227.38
11007.00,3_3502,104.00,201.00,615.10,151.00,1,170.79
11008.00,3_3307,3.00,498.00,596.93,387.00,3,467.59
11008.00,3_3449,98.00,261.00,617.75,206.00,1,231.82
11009.00,3_3509,100.00,200.00,615.10,148.00,1,167.52
11010.00,3_3450,100.00,260.00,617.75,204.00,1,230.04
11015.00,4_45,4.50,188.00,615.10,144.00,1,156.28
11016.00,4_42,0.00,195.00,615.10,148.00,1,160.50
11017.00,4_30,2.00,200.00,617.75,152.00,1,165.13
11017.00,4_63,10.50,175.00,615.10,126.00,1,144.96
11018.00,4_43,2.50,194.00,596.93,147.00,1,158.97
11018.00,4_52,4.00,188.00,617.75,142.00,1,156.62
11020.00,4_54,6.00,187.00,596.93,140.00,1,154.08
11021.00,4_56,11.00,182.00,617.75,133.00,1,148.51
11021.00,4_71,12.50,173.00,615.10,123.00,1,135.38
11023.00,4_55,8.50,187.00,596.93,137.00,1,153.49
11023.00,4_67,11.50,178.00,615.10,128.00,1,143.89
11023.00,4_72,15.00,172.00,615.10,120.00,2,143.94
11024.00,4_89,21.50,158.00,615.10,105.00,1,126.21
11025.00,4_74,17.00,171.00,615.10,121.00,1,135.91
11025.00,4_84,18.00,165.00,596.93,116.00,1,133.57
11026.00,4_118,26.00,141.00,615.10,88.00,1,107.01
11027.00,4_81,16.50,170.00,617.75,119.00,1,138.55
11027.00,4_90,23.00,159.00,596.93,108.00,1,127.15
11028.00,4_127,29.50,135.00,615.10,85.00,1,100.41
11029.00,4_132,30.00,133.00,615.10,79.00,1,106.93
11031.00,4_86,20.00,168.00,617.75,115.00,1,134.45
11031.00,4_100,23.00,158.00,596.93,104.00,1,124.03
11031.00,4_154,32.00,122.00,615.10,69.00,1,88.35
11032.00,4_113,22.50,153.00,596.93,102.00,1,124.30
11033.00,4_128,3.00,166.00,607.65,112.00,1,132.10
11033.00,4_172,33.00,114.00,615.10,64.00,1,78.18
11034.00,4_116,24.00,152.00,596.93,101.00,1,123.34
11036.00,4_97,22.50,165.00,617.75,110.00,1,131.15
11037.00,4_110,21.00,161.00,617.75,108.00,1,132.60
11037.00,4_138,30.00,138.00,596.93,83.00,1,105.95
11037.00,4_176,37.00,112.00,615.10,60.00,1,72.11
11038.00,4_186,38.00,107.00,615.10,53.00,1,78.95
11039.00,4_141,32.50,136.00,596.93,82.00,1,105.99
11039.00,4_190,39.00,105.00,605.00,48.00,1,76.72
11040.00,4_150,31.00,134.00,596.93,81.00,1,107.05
11041.00,4_123,26.50,153.00,617.75,95.00,1,119.68
11041.00,4_220,43.00,88.00,615.10,37.00,1,54.02
11043.00,4_275,44.50,61.00,615.10,9.00,1,33.08
11045.00,4_287,44.50,57.00,615.10,4.00,1,19.20
11046.00,4_164,33.00,131.00,617.75,74.00,1,96.98
11047.00,4_160,32.00,135.00,596.93,75.00,1,98.53
11047.00,4_290,46.00,56.00,615.10,2.00,1,19.21
11048.00,4_126,27.00,158.00,617.75,93.00,1,114.02
11048.00,4_174,35.00,126.00,596.93,69.00,1,92.62
11048.00,4_295,50.50,50.00,615.10,0.00,0,11.32
11050.00,4_177,38.50,123.00,596.93,63.00,1,90.78
11050.00,4_298,53.00,48.00,615.10,0.00,0,20.18
11051.00,4_166,34.00,134.00,617.75,71.00,1,94.79
11051.00,4_312,50.00,45.00,605.00,0.00,0,14.96
11052.00,4_199,37.50,115.00,617.75,52.00,1,82.65
11054.00,4_216,36.00,110.00,596.93,48.00,1,74.66
11057.00,4_201,38.50,118.00,617.75,51.00,1,76.33
11057.00,4_217,38.50,110.00,617.75,49.00,1,78.93
11058.00,4_202,41.00,116.00,617.75,52.00,1,77.03
11058.00,4_294,2.00,109.00,586.83,45.00,1,72.58
11060.00,4_219,39.50,111.00,596.93,44.00,1,81.00
11060.00,4_221,45.50,104.00,617.75,42.00,1,68.30
11061.00,4_252,42.00,93.00,596.93,28.00,1,60.62
11061.00,4_340,47.00,44.00,615.10,0.00,0,9.87
11062.00,4_223,45.50,105.00,617.75,41.00,1,69.38
11063.00,4_273,43.50,83.00,617.75,31.00,1,50.11
11065.00,4_227,45.50,106.00,617.75,41.00,1,73.45
11066.00,4_268,40.00,92.00,596.93,25.00,1,54.37
11067.00,4_365,43.50,41.00,615.10,0.00,0,6.85
11068.00,4_237,44.50,105.00,617.75,40.00,1,71.25
11068.00,4_293,48.50,73.00,596.93,7.00,1,44.94
11069.00,4_236,42.00,109.00,617.75,39.00,1,79.62
11071.00,4_272,41.00,94.00,596.93,21.00,1,54.02
11072.00,4_379,43.50,39.00,615.10,0.00,0,7.66
11073.00,4_250,41.00,107.00,617.75,38.00,1,73.12
11073.00,4_327,46.50,63.00,596.93,0.00,0,30.91
11074.00,4_339,44.50,60.00,596.93,0.00,0,28.84
11076.00,4_257,42.50,105.00,617.75,37.00,1,68.13
11077.00,4_348,46.00,57.00,596.93,0.00,0,24.74
11077.00,4_382,48.00,38.00,615.10,0.00,0,7.87
11078.00,4_258,43.00,106.00,617.75,34.00,1,73.55
11079.00,4_278,46.00,94.00,617.75,28.00,1,66.14
11080.00,4_383,50.50,38.00,615.10,0.00,0,6.99
11083.00,4_378,41.00,53.00,596.93,0.00,0,21.42
11084.00,4_281,45.50,98.00,617.75,25.00,1,62.12
11084.00,4_350,48.00,61.00,596.93,0.00,0,21.03
11086.00,4_292,48.00,92.00,617.75,20.00,1,63.17
11086.00,4_380,46.00,50.00,596.93,0.00,0,17.35
11088.00,4_297,52.50,87.00,617.75,15.00,1,57.95
11088.00,4_386,55.00,40.00,615.10,0.00,0,5.58
11089.00,4_385,52.50,44.00,596.93,0.00,0,9.19
11090.00,4_304,53.00,85.00,617.75,14.00,1,52.71
11095.00,4_399,55.50,40.00,615.10,0.00,0,5.33
11096.00,4_326,46.00,87.00,617.75,11.00,1,48.56
11098.00,4_332,47.00,85.00,617.75,7.00,1,50.00
11099.00,4_401,57.50,41.00,596.93,0.00,0,8.82
11101.00,4_376,41.00,72.00,617.75,0.00,0,34.11
11103.00,4_415,56.50,39.00,615.10,0.00,0,6.36
11104.00,4_391,55.50,53.00,617.75,0.00,0,14.02
11104.00,4_407,57.50,43.00,596.93,0.00,0,9.93
11105.00,4_398,54.00,52.00,617.75,0.00,0,18.32
11113.00,4_423,59.50,42.00,617.75,0.00,0,7.68
11113.00,4_427,63.50,36.00,615.10,0.00,0,5.97
11115.00,4_426,61.00,41.00,617.75,0.00,0,9.79
11117.00,4_417,58.50,50.00,596.93,0.00,0,10.05
11123.00,4_430,65.00,43.00,596.93,0.00,0,8.12
11125.00,4_431,67.50,42.00,615.10,0.00,0,5.38
11128.00,4_441,65.50,42.00,617.75,0.00,0,8.16
11128.00,4_443,67.50,39.00,615.10,0.00,0,8.67
11134.00,3_3201,0.00,733.00,617.75,623.00,4,700.81
11135.00,3_3251,39.00,645.00,596.93,532.00,3,609.62
11136.00,3_3259,40.00,637.00,596.93,525.00,2,611.19
11136.00,3_3442,5.00,489.00,615.10,423.00,2,452.75
11136.00,3_3451,0.00,485.00,615.10,420.00,2,451.27
11138.00,3_3456,0.00,482.00,615.10,417.00,2,449.87
11139.00,3_3262,40.00,637.00,596.93,525.00,3,603.44
11139.00,3_3264,45.00,630.00,617.75,526.00,3,593.85
11140.00,3_3297,34.00,609.00,617.75,525.00,3,582.52
11141.00,3_3272,47.00,622.00,596.93,523.00,2,590.43
11142.00,3_3468,0.00,474.00,615.10,405.00,2,436.97
11143.00,3_3299,34.00,610.00,617.75,525.00,2,574.33
11145.00,4_105,43.50,249.00,596.93,173.00,2,220.72
11148.00,4_203,56.50,190.00,615.10,144.00,1,157.18
11148.00,4_206,60.00,185.00,615.10,141.00,1,157.06
11149.00,4_187,55.50,200.00,617.75,154.00,1,166.24
11151.00,4_211,64.50,181.00,615.10,135.00,1,150.38
11152.00,4_107,45.50,253.00,596.93,168.00,2,217.10
11152.00,4_194,55.00,200.00,617.75,153.00,1,164.18
11153.00,4_124,43.00,248.00,596.93,164.00,2,217.05
11154.00,4_205,58.50,193.00,617.75,145.00,1,159.87
11154.00,4_243,72.50,160.00,615.10,109.00,1,126.72
11155.00,4_135,45.50,242.00,596.93,163.00,1,212.97
11155.00,4_244,75.00,158.00,615.10,107.00,1,129.78
11157.00,4_263,73.50,152.00,615.10,102.00,1,121.93
11158.00,4_148,47.00,237.00,596.93,162.00,1,203.71
11158.00,4_207,62.50,192.00,617.75,139.00,1,156.27
11158.00,4_283,74.50,142.00,615.10,94.00,1,113.94
11159.00,4_215,65.50,186.00,617.75,135.00,1,156.32
11160.00,4_157,54.50,227.00,596.93,161.00,1,196.31
11161.00,4_238,69.00,173.00,617.75,122.00,1,140.36
11164.00,4_286,79.00,142.00,615.10,90.00,1,102.72
11165.00,4_175,51.50,226.00,596.93,161.00,1,188.78
11165.00,4_318,79.00,127.00,615.10,75.00,1,94.89
11166.00,4_241,70.50,175.00,617.75,118.00,1,137.05
11167.00,4_182,55.00,221.00,596.93,160.00,1,187.07
11167.00,4_249,75.50,167.00,617.75,112.00,1,130.98
11167.00,4_487,-0.50,124.00,605.00,73.00,1,89.74
11169.00,4_260,72.00,167.00,617.75,110.00,1,138.61
11169.00,4_331,86.50,117.00,615.10,65.00,1,81.56
11169.00,4_333,88.50,114.00,615.10,64.00,1,82.58
11172.00,4_274,77.00,158.00,617.75,101.00,1,121.69
11172.00,4_351,90.50,106.00,615.10,53.00,1,69.78
11173.00,4_197,56.50,218.00,596.93,157.00,1,177.67
11173.00,4_218,67.00,197.00,596.93,139.00,1,162.26
11173.00,4_352,93.00,104.00,615.10,53.00,1,73.96
11174.00,4_311,72.50,146.00,617.75,88.00,1,117.69
11175.00,4_224,67.00,196.00,596.93,137.00,1,166.71
11175.00,4_354,95.00,103.00,615.10,51.00,1,66.50
11177.00,4_225,69.50,195.00,596.93,134.00,1,161.03
11177.00,4_360,97.00,100.00,615.10,48.00,1,69.92
11178.00,4_410,108.00,65.00,615.10,14.00,1,31.46
11179.00,4_316,76.00,145.00,617.75,85.00,1,105.15
11180.00,4_413,111.50,62.00,615.10,10.00,1,29.07
11181.00,4_233,68.50,196.00,596.93,135.00,1,160.10
11181.00,4_317,77.50,145.00,617.75,82.00,1,106.94
11182.00,4_269,73.50,174.00,596.93,115.00,1,144.43
11182.00,4_429,110.50,57.00,615.10,5.00,1,22.17
11184.00,4_270,76.00,173.00,596.93,112.00,1,143.81
11184.00,4_329,85.50,134.00,617.75,74.00,1,98.56
11184.00,4_434,111.00,56.00,615.10,2.00,1,19.36
11185.00,4_284,77.00,166.00,596.93,106.00,1,138.08
11185.00,4_323,79.50,144.00,617.75,79.00,1,102.45
11187.00,4_337,89.50,129.00,617.75,68.00,1,99.38
11189.00,4_309,70.50,164.00,596.93,102.00,1,133.02
11189.00,4_338,91.00,129.00,617.75,67.00,1,93.73
11189.00,4_444,113.00,54.00,615.10,0.00,0,12.93
11190.00,4_449,117.50,48.00,615.10,0.00,0,18.33
11191.00,4_342,91.00,129.00,617.75,66.00,1,95.23
11192.00,4_343,92.50,128.00,617.75,65.00,1,98.32
11192.00,4_456,117.00,47.00,615.10,0.00,0,9.65
11193.00,4_314,74.00,162.00,596.93,96.00,1,127.36
11194.00,4_358,96.00,119.00,617.75,57.00,1,86.31
11196.00,4_324,81.00,153.00,596.93,86.00,1,118.54
11198.00,3_3338,136.00,524.00,596.93,424.00,2,496.18
11200.00,3_3452,101.00,447.00,617.75,390.00,2,417.17
11201.00,3_3349,134.00,518.00,596.93,421.00,2,489.83
11202.00,3_3516,100.00,386.00,615.10,331.00,2,351.88
11203.00,3_3465,100.00,438.00,617.75,378.00,2,405.46
11203.00,3_3523,99.00,381.00,615.10,326.00,2,347.46
11205.00,3_3466,102.00,437.00,617.75,374.00,2,405.55
11205.00,3_3529,98.00,378.00,615.10,320.00,2,346.16
11210.00,3_3350,136.00,524.00,596.93,421.00,2,484.38
11212.00,4_455,65.50,119.00,615.10,74.00,1,86.20
11213.00,4_466,69.00,111.00,615.10,64.00,1,81.75
11213.00,4_577,0.50,124.00,586.83,78.00,1,88.40
11214.00,4_458,67.00,118.00,615.10,73.00,1,87.64
11215.00,4_450,65.00,125.00,615.10,75.00,1,87.39
11215.00,4_471,69.50,110.00,596.93,61.00,1,76.67
11216.00,4_495,72.50,96.00,615.10,48.00,1,64.61
11217.00,4_502,72.00,94.00,615.10,46.00,1,64.25
11218.00,4_464,67.00,119.00,617.75,70.00,1,83.37
11219.00,4_525,69.50,87.00,615.10,37.00,1,55.58
11220.00,4_473,71.50,112.00,617.75,62.00,1,77.93
11221.00,4_479,71.50,110.00,596.93,56.00,1,71.38
11221.00,4_541,72.50,78.00,615.10,30.00,1,45.00
11222.00,4_481,73.50,108.00,617.75,60.00,1,79.56
11222.00,4_492,71.00,105.00,596.93,53.00,1,72.41
11223.00,4_543,74.50,77.00,615.10,28.00,1,44.78
11224.00,4_504,74.00,98.00,596.93,48.00,1,69.39
11224.00,4_545,76.50,75.00,615.10,27.00,1,45.54
11225.00,4_521,68.50,96.00,596.93,44.00,1,65.26
11226.00,4_540,71.00,85.00,617.75,34.00,1,50.18
11226.00,4_556,78.00,70.00,615.10,23.00,1,38.57
11227.00,4_530,70.00,92.00,596.93,41.00,1,63.78
11227.00,4_549,77.50,75.00,617.75,23.00,1,43.47
11227.00,4_570,82.00,60.00,615.10,15.00,1,31.27
11229.00,4_595,80.50,51.00,615.10,4.00,1,21.81
11230.00,4_534,71.00,92.00,596.93,40.00,1,59.23
11230.00,4_551,78.50,76.00,617.75,22.00,1,42.39
11233.00,4_563,80.50,71.00,615.10,14.00,1,35.78
11234.00,4_592,77.00,61.00,615.10,4.00,2,32.28
11235.00,4_558,80.00,76.00,596.93,20.00,1,38.70
11235.00,4_564,83.00,70.00,617.75,15.00,1,37.26
11236.00,4_609,78.50,53.00,615.10,0.00,0,15.40
11237.00,4_611,80.50,51.00,596.93,0.00,0,19.26
11238.00,4_580,80.00,68.00,615.10,11.00,1,33.42
11239.00,4_594,79.00,63.00,617.75,8.00,1,31.66
11239.00,4_615,84.50,47.00,596.93,0.00,0,15.78
11240.00,4_622,84.00,45.00,615.10,0.00,0,12.39
11241.00,4_623,86.50,43.00,596.93,0.00,0,13.73
11242.00,4_597,82.50,61.00,617.75,5.00,1,26.29
11244.00,4_612,83.00,55.00,617.75,0.00,0,24.34
11244.00,4_627,87.50,43.00,615.10,0.00,0,10.91
11244.00,4_630,89.00,40.00,596.93,0.00,0,10.34
11249.00,4_634,90.00,42.00,596.93,0.00,0,10.07
11249.00,4_641,89.50,39.00,615.10,0.00,0,5.51
11254.00,4_648,92.00,38.00,615.10,0.00,0,6.06
11255.00,4_667,85.50,36.00,615.10,0.00,0,5.40
11256.00,4_643,91.50,43.00,596.93,0.00,0,8.82
11263.00,4_675,87.50,38.00,615.10,0.00,0,5.64
11264.00,4_674,85.00,42.00,615.10,0.00,0,5.65
11271.00,4_682,90.00,40.00,615.10,0.00,0,7.19
11272.00,4_678,89.00,44.00,617.75,0.00,0,7.25
11275.00,4_685,91.50,41.00,617.75,0.00,0,8.20
11276.00,4_701,86.50,39.00,615.10,0.00,0,4.86
11276.00,4_823,19.50,45.00,586.83,0.00,0,6.82
11279.00,4_703,88.50,39.00,617.75,0.00,0,8.13
11287.00,3_3493,0.00,594.00,615.10,523.00,3,568.16
11288.00,3_3275,50.00,763.00,586.83,665.00,4,731.49
11291.00,3_3300,36.00,755.00,596.93,662.00,4,722.07
11291.00,3_3310,32.00,749.00,617.75,665.00,3,712.68
11292.00,3_3498,0.00,594.00,615.10,517.00,3,559.13
11293.00,3_3347,18.00,728.00,617.75,647.00,3,694.10
11293.00,3_3499,1.00,593.00,615.10,513.00,3,561.36
11294.00,3_3312,32.00,750.00,596.93,658.00,3,716.95
11294.00,3_3353,14.00,727.00,617.75,645.00,3,696.31
11295.00,3_3314,33.00,748.00,586.83,657.00,3,717.37
11295.00,3_3536,134.00,425.00,615.10,365.00,2,396.56
11296.00,3_3360,9.00,727.00,617.75,644.00,3,700.31
11297.00,3_3545,128.00,424.00,615.10,364.00,2,390.93
11298.00,3_3569,113.00,416.00,615.10,360.00,2,387.87
11299.00,3_3503,1.00,595.00,596.93,521.00,3,561.54
11300.00,3_3372,8.00,720.00,617.75,633.00,3,683.82
11300.00,3_3573,112.00,415.00,615.10,356.00,2,382.98
11301.00,3_3325,28.00,748.00,596.93,658.00,3,716.41
11301.00,4_26,98.00,390.00,615.10,333.00,2,359.43
11302.00,3_3373,9.00,720.00,617.75,633.00,4,683.60
11303.00,4_27,100.50,389.00,615.10,331.00,2,359.55
11304.00,3_3517,0.00,587.00,596.93,517.00,3,555.53
11305.00,4_33,103.50,385.00,615.10,327.00,2,350.90
11306.00,3_3339,20.00,747.00,596.93,657.00,3,716.89
11306.00,3_3377,7.00,722.00,617.75,631.00,4,684.51
11308.00,3_3382,4.00,722.00,617.75,628.00,4,687.78
11309.00,3_3362,9.00,738.00,596.93,645.00,3,705.13
11310.00,3_3408,3.00,699.00,617.75,604.00,4,666.86
11312.00,3_3369,8.00,735.00,596.93,636.00,3,702.04
11313.00,4_62,106.00,376.00,615.10,306.00,2,332.09
11313.00,4_112,318.00,139.00,615.10,85.00,1,106.25
11315.00,4_115,321.50,136.00,615.10,79.00,1,103.18
11316.00,3_3384,7.00,725.00,596.93,626.00,4,689.36
11316.00,3_3433,2.00,681.00,617.75,581.00,3,638.72
11317.00,3_3460,0.00,657.00,617.75,560.00,3,625.04
11318.00,3_3426,3.00,689.00,596.93,595.00,4,658.94
11318.00,3_3447,3.00,668.00,617.75,568.00,4,628.75
11322.00,3_3440,4.00,678.00,596.93,580.00,4,641.50
11323.00,3_3520,0.00,603.00,617.75,506.00,3,563.37
11324.00,3_3462,0.00,662.00,617.75,561.00,5,633.84
11325.00,3_3396,4.00,725.00,596.93,623.00,5,688.74
11326.00,3_3407,1.00,718.00,596.93,615.00,5,684.59
11328.00,3_3417,1.00,710.00,596.93,606.00,4,677.44
11329.00,3_3471,0.00,658.00,617.75,553.00,4,615.79
11330.00,3_3425,1.00,704.00,596.93,605.00,5,673.52
11331.00,3_3439,2.00,690.00,596.93,582.00,5,663.35
11331.00,3_3506,1.00,624.00,617.75,519.00,3,582.69
11332.00,3_3527,140.00,465.00,617.75,360.00,2,431.83
11333.00,3_3581,110.00,442.00,607.65,358.00,2,407.19
11335.00,3_3593,100.00,442.00,617.75,359.00,4,411.62
11336.00,4_8,91.00,441.00,617.75,359.00,4,406.95
11337.00,4_11,91.50,440.00,596.93,363.00,4,406.97
11340.00,4_325,83.50,294.00,596.93,227.00,3,264.98
11343.00,4_484,130.00,171.00,615.10,123.00,1,138.19
11344.00,4_362,102.00,261.00,617.75,191.00,2,225.30
11345.00,4_361,99.50,265.00,596.93,193.00,2,230.26
11346.00,4_486,132.00,171.00,615.10,120.00,1,134.49
11347.00,4_364,105.00,260.00,596.93,187.00,2,231.44
11348.00,4_363,103.50,263.00,617.75,190.00,2,225.50
11348.00,4_499,138.50,160.00,615.10,110.00,1,124.49
11349.00,4_367,106.50,259.00,617.75,187.00,2,232.22
11349.00,4_372,106.00,257.00,596.93,183.00,2,225.76
11349.00,4_508,137.00,158.00,615.10,110.00,1,125.71
11351.00,4_396,109.00,244.00,617.75,171.00,2,208.76
11351.00,4_509,139.50,157.00,615.10,108.00,1,128.01
11352.00,4_497,136.50,167.00,615.10,110.00,2,137.09
11353.00,4_384,103.00,258.00,596.93,183.00,2,222.44
11354.00,4_405,108.50,243.00,617.75,168.00,2,207.42
11354.00,4_522,138.00,155.00,615.10,103.00,1,125.93
11355.00,4_529,143.50,147.00,615.10,97.00,1,116.69
11356.00,4_387,104.50,258.00,596.93,178.00,2,222.72
11357.00,4_390,106.00,256.00,596.93,177.00,2,223.99
11357.00,4_411,110.50,241.00,617.75,162.00,2,202.83
11357.00,4_561,150.50,126.00,615.10,73.00,1,97.05
11358.00,4_418,112.00,237.00,617.75,159.00,2,204.23
11359.00,4_395,106.50,255.00,596.93,174.00,2,223.54
11359.00,4_572,157.00,116.00,615.10,64.00,1,83.70
11360.00,4_425,109.50,238.00,617.75,157.00,2,205.32
11360.00,4_598,155.00,106.00,615.10,55.00,1,75.09
11362.00,4_428,110.00,238.00,617.75,157.00,2,208.78
11362.00,4_599,157.50,105.00,615.10,49.00,2,74.35
11363.00,4_404,106.00,255.00,596.93,173.00,2,220.14
11363.00,4_608,162.00,97.00,615.10,46.00,1,66.81
11365.00,4_438,112.00,234.00,596.93,151.00,2,205.29
11366.00,4_607,159.50,103.00,615.10,46.00,2,69.61
11367.00,4_440,114.00,233.00,617.75,150.00,2,194.83
11367.00,4_448,115.00,228.00,596.93,144.00,2,196.29
11367.00,4_614,162.00,98.00,615.10,42.00,1,71.13
11369.00,4_446,115.00,231.00,617.75,148.00,2,197.61
11369.00,4_460,119.00,220.00,596.93,136.00,1,192.01
11369.00,4_654,164.00,78.00,615.10,26.00,1,49.23
11370.00,4_459,118.50,222.00,617.75,137.00,1,191.61
11370.00,4_669,165.50,70.00,615.10,19.00,1,43.62
11372.00,4_463,120.50,220.00,596.93,136.00,1,189.39
11374.00,4_467,121.50,219.00,596.93,133.00,1,188.53
11374.00,4_478,128.00,207.00,617.75,137.00,1,171.44
11375.00,4_706,16.00,206.00,607.65,135.00,1,177.41
11377.00,4_490,133.00,199.00,617.75,135.00,1,171.59
11379.00,4_468,124.00,221.00,596.93,134.00,1,185.63
11379.00,4_491,134.50,199.00,617.75,135.00,1,166.54
11380.00,4_469,126.50,219.00,596.93,134.00,1,187.16
11382.00,4_477,125.50,218.00,596.93,134.00,1,187.17
11382.00,4_515,139.50,185.00,617.75,125.00,1,155.69
11384.00,4_480,129.00,215.00,596.93,134.00,1,184.17
11385.00,4_554,149.00,159.00,617.75,98.00,1,125.12
11387.00,4_557,149.50,159.00,596.93,108.00,1,127.60
11389.00,4_576,158.00,143.00,617.75,78.00,1,105.81
11391.00,4_493,135.50,209.00,596.93,133.00,2,174.39
11391.00,4_618,163.00,119.00,617.75,53.00,1,83.27
11392.00,4_635,161.50,113.00,617.75,49.00,1,81.40
11394.00,4_566,154.00,157.00,596.93,100.00,1,121.82
11394.00,4_652,164.00,104.00,617.75,40.00,1,73.56
11397.00,4_526,139.00,195.00,596.93,123.00,1,159.18
11398.00,4_658,165.00,104.00,617.75,35.00,1,71.40
11399.00,4_605,157.50,139.00,596.93,77.00,1,105.29
11400.00,4_579,158.50,152.00,596.93,89.00,1,120.42
11401.00,4_660,167.00,104.00,617.75,33.00,1,69.67
11402.00,4_676,210.00,54.00,615.10,0.00,0,21.42
11403.00,4_528,141.00,198.00,596.93,124.00,3,165.72
11405.00,4_695,209.50,48.00,615.10,0.00,0,13.09
11407.00,4_535,143.50,196.00,596.93,120.00,3,160.76
11408.00,4_699,213.50,45.00,615.10,0.00,0,19.04
11409.00,4_645,161.50,125.00,596.93,59.00,3,94.67
11409.00,4_698,211.00,49.00,617.75,0.00,0,14.19
11410.00,4_547,140.50,196.00,596.93,117.00,3,166.94
11412.00,4_673,166.50,109.00,596.93,43.00,2,83.11
11412.00,4_709,211.50,46.00,615.10,0.00,0,13.30
11414.00,4_550,142.00,197.00,596.93,118.00,5,169.34
11416.00,4_552,144.00,196.00,596.93,114.00,1,165.29
11417.00,4_714,218.00,42.00,615.10,0.00,0,7.93
11418.00,4_722,217.00,40.00,615.10,0.00,0,7.16
11419.00,4_710,214.00,50.00,617.75,0.00,0,8.27
11419.00,4_712,216.00,47.00,615.10,0.00,0,5.74
11420.00,4_553,146.50,197.00,596.93,112.00,1,164.94
11420.00,4_741,213.50,36.00,615.10,0.00,0,9.65
11421.00,4_725,218.50,40.00,615.10,0.00,0,6.11
11425.00,4_565,151.50,191.00,596.93,102.00,1,154.78
11426.00,4_567,156.50,186.00,596.93,98.00,1,155.20
11428.00,4_593,154.50,177.00,596.93,87.00,1,144.56
11429.00,4_743,215.50,42.00,615.10,0.00,0,5.17
11432.00,4_629,161.50,156.00,596.93,65.00,1,121.43
11432.00,4_755,218.50,36.00,615.10,0.00,0,5.45
11435.00,4_624,161.00,162.00,596.93,69.00,2,127.45
11437.00,4_639,161.50,156.00,596.93,62.00,2,121.09
11439.00,4_649,162.50,152.00,596.93,56.00,1,119.99
11441.00,4_683,209.50,90.00,596.93,0.00,0,59.84
11441.00,4_758,220.00,42.00,617.75,0.00,0,7.13
11443.00,4_689,209.50,89.00,596.93,0.00,0,58.08
11445.00,4_746,217.00,55.00,596.93,0.00,0,24.84
11445.00,4_770,220.00,40.00,617.75,0.00,0,9.31
11448.00,4_748,219.00,55.00,596.93,0.00,0,23.63
11448.00,4_775,220.50,40.00,617.75,0.00,0,7.34
11455.00,3_3398,108.00,749.00,596.93,660.00,3,721.91
11455.00,3_3533,102.00,620.00,615.10,557.00,3,588.14
11457.00,3_3370,128.00,759.00,596.93,664.00,3,722.13
11458.00,3_3479,104.00,675.00,617.75,605.00,3,641.44
11459.00,3_3401,108.00,750.00,596.93,659.00,3,720.16
11460.00,3_3402,110.00,748.00,596.93,659.00,3,720.80
11460.00,3_3483,105.00,672.00,617.75,600.00,3,642.03
11460.00,3_3566,88.00,606.00,615.10,538.00,3,567.41
11461.00,3_3475,102.00,684.00,617.75,610.00,3,640.77
11461.00,3_3585,83.00,593.00,615.10,525.00,3,561.92
11462.00,4_3,78.50,582.00,615.10,512.00,3,551.26
11463.00,3_3485,105.00,673.00,617.75,599.00,3,638.67
11463.00,4_22,75.00,577.00,615.10,507.00,3,549.22
11464.00,3_3403,112.00,749.00,596.93,658.00,3,718.16
11465.00,3_3511,101.00,653.00,617.75,579.00,3,624.86
11465.00,4_32,76.00,573.00,615.10,500.00,3,542.55
11467.00,3_3453,103.00,711.00,596.93,635.00,4,678.16
11467.00,4_53,81.50,559.00,615.10,486.00,3,528.08
11469.00,3_3515,99.00,655.00,617.75,575.00,3,620.11
11469.00,4_61,79.50,559.00,615.10,484.00,3,524.35
11470.00,3_3457,102.00,711.00,596.93,632.00,3,678.50
11470.00,3_3531,99.00,640.00,617.75,561.00,3,610.10
11470.00,4_65,83.50,554.00,615.10,480.00,3,520.19
11472.00,3_3490,108.00,674.00,596.93,597.00,3,645.50
11472.00,3_3532,101.00,639.00,617.75,558.00,3,606.18
11474.00,3_3537,101.00,636.00,617.75,551.00,3,603.59
11474.00,4_82,155.00,478.00,615.10,418.00,2,444.75
11477.00,3_3543,100.00,634.00,617.75,548.00,3,602.44
11477.00,4_122,147.00,469.00,615.10,411.00,2,435.18
11478.00,3_3494,107.00,677.00,596.93,591.00,3,638.52
11480.00,3_3497,106.00,677.00,596.93,588.00,3,642.18
11480.00,4_106,149.00,478.00,615.10,404.00,3,449.94
11480.00,4_109,149.50,476.00,615.10,412.00,3,439.39
11481.00,3_3548,97.00,636.00,617.75,547.00,3,604.11
11481.00,4_64,81.00,568.00,596.93,493.00,3,537.51
11481.00,4_134,145.00,469.00,615.10,407.00,2,435.78
11483.00,3_3553,93.00,637.00,617.75,545.00,3,607.33
11484.00,4_2,76.00,607.00,596.93,532.00,3,572.80
11485.00,4_173,147.50,451.00,615.10,390.00,2,415.59
11486.00,4_192,151.00,439.00,615.10,378.00,2,410.32
11487.00,3_3554,94.00,639.00,617.75,544.00,3,606.01
11488.00,3_3528,97.00,663.00,596.93,581.00,3,633.34
11488.00,4_195,151.50,439.00,615.10,377.00,2,404.14
11489.00,3_3565,88.00,636.00,617.75,543.00,3,605.45
11489.00,4_200,152.00,437.00,615.10,376.00,2,402.99
11490.00,3_3518,101.00,671.00,596.93,583.00,3,630.75
11491.00,3_3542,98.00,651.00,596.93,566.00,3,623.79
11491.00,4_204,153.00,436.00,615.10,376.00,2,404.06
11492.00,3_3577,83.00,632.00,617.75,538.00,3,598.26
11493.00,3_3575,82.00,636.00,596.93,548.00,3,606.07
11494.00,3_3582,85.00,627.00,617.75,533.00,4,594.76
11494.00,4_213,155.50,432.00,615.10,367.00,2,394.60
11495.00,4_248,309.00,262.00,615.10,210.00,1,235.35
11496.00,3_3579,85.00,632.00,596.93,541.00,3,599.53
11497.00,4_259,313.50,254.00,615.10,202.00,2,222.88
11498.00,3_3594,77.00,627.00,617.75,531.00,3,591.04
11500.00,3_3563,87.00,650.00,596.93,557.00,4,613.56
11500.00,3_3596,76.00,628.00,617.75,527.00,4,597.03
11502.00,3_3578,83.00,641.00,596.93,546.00,5,610.21
11502.00,4_36,77.00,607.00,617.75,509.00,3,576.26
11504.00,4_38,77.00,608.00,617.75,507.00,3,576.39
11505.00,4_25,76.50,616.00,596.93,516.00,4,581.81
11507.00,4_156,145.00,484.00,617.75,398.00,3,451.84
11509.00,3_3598,76.00,635.00,596.93,539.00,5,606.38
11511.00,4_231,149.50,446.00,617.75,364.00,3,412.49
11513.00,4_4,81.00,630.00,596.93,529.00,5,598.41
11514.00,4_46,78.00,613.00,596.93,506.00,3,567.44
11515.00,4_51,81.50,608.00,617.75,499.00,5,572.55
11515.00,4_277,523.50,53.00,615.10,1.00,1,25.45
11516.00,4_41,77.50,618.00,596.93,516.00,5,584.70
11516.00,4_255,311.50,277.00,617.75,207.00,1,249.75
11517.00,4_47,80.50,613.00,596.93,508.00,5,582.03
11519.00,4_76,80.00,601.00,596.93,496.00,5,571.47
11519.00,4_77,156.50,524.00,617.75,417.00,8,489.67
11521.00,4_191,148.50,477.00,596.93,396.00,2,448.17
11521.00,4_285,533.50,45.00,615.10,0.00,0,8.79
11522.00,4_359,24.50,518.00,607.65,414.00,6,484.05
11523.00,4_288,533.00,46.00,615.10,0.00,0,14.63
11523.00,4_752,62.00,285.00,586.83,217.00,1,256.65
11524.00,4_256,313.00,283.00,617.75,202.00,1,249.89
11526.00,4_289,535.50,46.00,615.10,0.00,0,9.00
11527.00,4_92,153.00,528.00,596.93,424.00,4,496.64
11528.00,4_129,146.50,517.00,617.75,408.00,3,479.22
11529.00,4_374,24.00,518.00,586.83,420.00,2,487.86
11530.00,4_146,146.00,511.00,617.75,403.00,3,475.87
11531.00,4_136,146.00,517.00,617.75,406.00,3,483.43
11531.00,4_303,536.50,43.00,615.10,1.00,1,9.57
11533.00,4_143,143.50,518.00,596.93,419.00,3,483.82
11533.00,4_306,539.00,41.00,615.10,0.00,0,8.95
11534.00,4_144,146.00,516.00,617.75,408.00,3,483.12
11535.00,4_232,150.00,469.00,596.93,375.00,2,441.38
11536.00,4_149,146.50,515.00,617.75,405.00,5,481.27
11537.00,4_178,148.00,500.00,596.93,403.00,2,468.69
11539.00,4_159,144.50,515.00,596.93,422.00,5,488.06
11539.00,4_161,146.50,512.00,617.75,395.00,2,479.39
11540.00,4_937,228.50,43.00,605.00,0.00,0,6.05
11541.00,4_1211,95.50,40.00,605.00,0.00,0,9.58
11542.00,4_162,147.00,514.00,596.93,422.00,3,483.04
11542.00,4_179,150.50,502.00,617.75,389.00,3,469.17
11543.00,4_170,146.00,512.00,596.93,419.00,3,483.66
11544.00,4_209,153.50,486.00,617.75,373.00,4,452.65
11545.00,4_183,149.50,504.00,596.93,409.00,3,475.97
11546.00,4_242,311.00,314.00,617.75,214.00,1,282.01
11549.00,4_251,309.50,314.00,617.75,211.00,1,280.65
11549.00,4_353,533.50,39.00,615.10,0.00,0,10.29
11550.00,4_210,154.00,491.00,596.93,388.00,4,457.70
11552.00,4_234,152.00,483.00,596.93,377.00,4,451.54
11552.00,4_253,311.50,314.00,617.75,211.00,2,280.11
11554.00,4_266,314.00,307.00,617.75,201.00,1,273.19
11554.00,4_271,313.50,305.00,596.93,212.00,2,274.43
11556.00,4_308,541.00,61.00,617.75,0.00,0,26.61
11558.00,4_813,259.50,92.00,586.83,1.00,1,58.19
11559.00,4_279,526.50,93.00,596.93,2.00,1,60.71
11559.00,4_315,539.50,62.00,617.75,0.00,0,28.49
11560.00,4_357,537.50,44.00,615.10,0.00,0,4.90
11561.00,4_321,537.50,63.00,617.75,0.00,0,28.76
11563.00,4_322,540.00,62.00,617.75,0.00,0,30.76
11564.00,4_280,532.00,92.00,596.93,1.00,1,56.73
11564.00,4_330,538.00,61.00,617.75,0.00,0,30.75
11565.00,4_302,532.00,82.00,596.93,0.00,0,53.31
11567.00,4_344,533.00,62.00,617.75,0.00,0,33.30
11567.00,4_381,538.50,38.00,615.10,0.00,0,8.47
11568.00,4_347,533.50,61.00,596.93,0.00,0,27.50
11570.00,4_356,535.00,57.00,596.93,0.00,0,26.64
11574.00,4_370,537.00,52.00,617.75,0.00,0,12.20
11576.00,4_715,91.50,327.00,615.10,282.00,1,297.65
11578.00,4_708,89.00,335.00,596.93,290.00,1,299.21
11578.00,4_720,98.00,320.00,615.10,273.00,1,284.48
11580.00,4_726,101.00,316.00,617.75,268.00,1,282.41
11581.00,4_713,89.50,335.00,615.10,286.00,1,298.00
11581.00,4_733,104.50,310.00,615.10,264.00,1,278.33
11582.00,4_719,95.50,327.00,615.10,272.00,1,289.21
11582.00,4_750,102.00,305.00,615.10,259.00,1,273.79
11583.00,4_728,103.00,316.00,615.10,265.00,1,280.58
11584.00,4_716,94.00,332.00,596.93,282.00,1,295.31
11585.00,4_751,104.50,305.00,615.10,253.00,2,272.15
11586.00,4_724,99.00,325.00,596.93,273.00,1,288.51
11587.00,4_763,107.50,298.00,617.75,249.00,1,263.57
11587.00,4_786,114.00,280.00,615.10,228.00,1,249.36
11588.00,4_797,114.50,275.00,615.10,224.00,1,244.44
11589.00,4_740,104.00,315.00,596.93,263.00,1,278.84
11589.00,4_765,109.50,297.00,617.75,247.00,1,265.67
11590.00,4_772,109.00,295.00,617.75,245.00,1,265.83
11590.00,4_804,117.00,271.00,615.10,222.00,1,235.20
11591.00,4_753,106.50,308.00,596.93,256.00,1,276.71
11592.00,4_760,106.00,306.00,596.93,256.00,1,275.65
11592.00,4_808,118.00,270.00,615.10,219.00,1,233.36
11592.00,4_812,122.00,264.00,615.10,214.00,1,234.01
11593.00,4_787,116.50,283.00,617.75,231.00,1,248.73
11593.00,4_801,115.50,277.00,615.10,226.00,1,241.45
11595.00,4_774,111.00,297.00,596.93,243.00,1,262.83
11595.00,4_831,124.50,255.00,615.10,200.00,1,225.18
11596.00,4_830,122.00,259.00,615.10,207.00,1,224.07
11596.00,4_847,124.50,248.00,615.10,196.00,1,219.50
11598.00,4_776,113.00,297.00,596.93,241.00,1,263.44
11598.00,4_835,125.50,255.00,615.10,202.00,1,219.00
11598.00,4_855,123.50,247.00,615.10,194.00,2,214.43
11599.00,4_778,115.00,295.00,596.93,240.00,1,265.56
11602.00,4_888,131.00,227.00,615.10,173.00,2,186.57
11603.00,4_843,124.50,257.00,617.75,199.00,1,218.70
11604.00,4_810,120.00,279.00,596.93,221.00,1,244.01
11604.00,4_869,125.50,244.00,617.75,190.00,1,211.04
11604.00,4_904,130.00,222.00,615.10,166.00,1,188.87
11605.00,4_819,121.50,274.00,596.93,218.00,1,245.40
11605.00,4_907,131.50,220.00,615.10,163.00,1,184.38
11607.00,4_826,121.00,273.00,596.93,214.00,1,240.83
11607.00,4_880,128.00,239.00,617.75,184.00,1,206.13
11607.00,4_911,134.50,217.00,615.10,161.00,1,180.69
11608.00,4_924,135.00,211.00,615.10,159.00,1,181.23
11610.00,4_885,127.50,240.00,617.75,182.00,1,204.71
11610.00,4_928,139.00,207.00,615.10,153.00,1,177.59
11612.00,4_939,139.50,203.00,615.10,151.00,1,174.26
11614.00,3_3480,0.00,934.00,596.93,815.00,6,901.07
11616.00,4_20,96.00,710.00,617.75,625.00,5,675.40
11616.00,4_93,102.50,667.00,596.93,590.00,3,636.86
11618.00,3_3510,0.00,908.00,596.93,790.00,6,878.34
11618.00,4_34,106.00,695.00,617.75,610.00,3,663.87
11620.00,4_40,110.00,690.00,617.75,604.00,4,657.99
11623.00,4_98,317.00,457.00,596.93,379.00,2,423.88
11624.00,4_59,104.50,690.00,617.75,599.00,3,657.85
11624.00,4_130,434.00,325.00,615.10,262.00,1,291.29
11625.00,4_16,95.00,722.00,596.93,634.00,6,688.66
11625.00,4_60,105.00,690.00,617.75,597.00,4,660.43
11626.00,4_301,348.50,327.00,605.00,261.00,1,296.88
11628.00,4_39,107.50,701.00,596.93,616.00,4,665.68
11628.00,4_155,438.50,312.00,615.10,261.00,1,277.38
11629.00,4_70,105.00,689.00,617.75,597.00,4,654.82
11629.00,4_163,440.50,307.00,615.10,253.00,1,278.19
11630.00,4_83,101.50,687.00,596.93,598.00,4,654.70
11631.00,4_73,104.50,690.00,617.75,594.00,4,657.62
11631.00,4_168,445.00,302.00,615.10,250.00,1,271.90
11632.00,3_3524,0.00,908.00,596.93,778.00,6,875.64
11632.00,4_94,105.00,680.00,617.75,587.00,3,650.70
11633.00,4_171,446.50,301.00,615.10,245.00,1,266.51
11634.00,4_108,319.00,461.00,617.75,383.00,2,430.02
11634.00,4_214,453.00,274.00,615.10,223.00,1,240.18
11635.00,3_3530,138.00,767.00,596.93,639.00,6,735.75
11636.00,3_3546,130.00,760.00,596.93,636.00,4,733.42
11636.00,4_114,320.00,459.00,617.75,377.00,2,430.65
11636.00,4_228,453.00,269.00,615.10,218.00,1,235.38
11637.00,4_229,455.50,267.00,615.10,216.00,1,234.03
11639.00,4_245,458.50,258.00,615.10,208.00,1,225.87
11640.00,4_120,437.00,343.00,607.65,268.00,1,311.48
11643.00,4_139,439.50,334.00,617.75,268.00,1,300.53
11643.00,4_247,463.50,256.00,615.10,202.00,1,217.52
11644.00,3_3574,114.00,756.00,596.93,634.00,5,724.10
11644.00,4_145,442.50,329.00,617.75,267.00,2,298.26
11645.00,3_3560,119.00,766.00,596.93,633.00,5,724.23
11645.00,4_264,467.00,246.00,615.10,192.00,1,215.78
11646.00,4_13,93.50,746.00,596.93,628.00,4,717.80
11647.00,4_165,442.50,322.00,617.75,264.00,1,287.83
11647.00,4_267,471.50,242.00,615.10,188.00,1,205.82
11647.00,4_276,470.00,239.00,605.00,186.00,1,207.26
11648.00,4_28,103.00,731.00,596.93,619.00,4,703.14
11650.00,4_21,97.50,742.00,596.93,629.00,6,712.86
11650.00,4_307,469.50,227.00,615.10,172.00,1,191.27
11650.00,4_644,205.00,323.00,607.65,263.00,1,292.23
11654.00,4_35,106.50,730.00,596.93,616.00,4,695.66
11654.00,4_167,443.50,327.00,617.75,263.00,1,290.59
11656.00,4_44,109.00,725.00,596.93,611.00,4,694.54
11656.00,4_180,446.00,320.00,617.75,258.00,1,286.41
11657.00,4_91,100.50,711.00,596.93,595.00,5,682.03
11660.00,4_184,446.00,322.00,617.75,257.00,1,283.82
11662.00,4_185,447.50,322.00,617.75,256.00,1,292.41
11665.00,4_798,227.00,239.00,615.10,193.00,1,206.74
11667.00,4_781,220.50,256.00,617.75,210.00,1,221.04
11668.00,4_764,220.00,266.00,596.93,211.00,1,226.30
11668.00,4_799,229.50,239.00,615.10,192.00,1,204.95
11669.00,4_785,221.50,255.00,596.93,208.00,1,225.42
11669.00,4_794,226.00,246.00,615.10,198.00,1,211.79
11670.00,4_858,227.00,214.00,615.10,164.00,1,180.72
11671.00,4_800,232.00,239.00,615.10,191.00,1,211.72
11674.00,4_884,226.00,206.00,615.10,154.00,1,165.93
11675.00,4_788,223.00,258.00,596.93,203.00,1,215.95
11675.00,4_790,225.00,255.00,596.93,202.00,1,218.93
11676.00,4_806,235.00,238.00,617.75,184.00,1,198.53
11676.00,4_896,232.00,196.00,615.10,145.00,1,166.06
11677.00,4_816,233.00,236.00,617.75,184.00,1,198.59
11677.00,4_921,236.50,180.00,615.10,129.00,1,148.75
11678.00,4_803,233.50,243.00,596.93,188.00,1,205.99
11679.00,4_841,226.50,232.00,617.75,179.00,1,196.45
11679.00,4_923,238.50,179.00,615.10,128.00,1,147.46
11680.00,4_817,235.50,236.00,596.93,182.00,1,203.14
11680.00,4_854,223.00,230.00,617.75,178.00,1,198.09
11681.00,4_900,233.00,198.00,596.93,145.00,1,170.14
11681.00,4_932,237.00,178.00,615.10,125.00,1,145.10
11682.00,4_933,239.50,176.00,615.10,123.00,1,145.61
11683.00,4_857,224.50,230.00,617.75,175.00,1,196.04
11683.00,4_920,234.00,189.00,596.93,136.00,1,159.57
11684.00,4_955,243.50,163.00,615.10,110.00,1,130.55
11685.00,4_972,255.00,144.00,615.10,93.00,1,112.16
11687.00,4_957,245.50,163.00,596.93,106.00,1,128.50
11687.00,4_977,255.50,143.00,615.10,91.00,1,110.03
11689.00,4_862,228.00,230.00,617.75,171.00,1,188.35
11689.00,4_965,246.50,160.00,596.93,106.00,1,128.47
11689.00,4_1001,255.50,133.00,615.10,81.00,1,99.57
11690.00,4_968,248.00,158.00,596.93,103.00,1,130.67
11690.00,4_1006,256.00,131.00,615.10,80.00,1,100.23
11691.00,4_866,229.00,229.00,617.75,169.00,1,189.39
11692.00,4_1025,261.50,118.00,615.10,66.00,1,81.61
11693.00,4_877,226.50,228.00,617.75,167.00,1,188.66
11693.00,4_1032,261.00,116.00,615.10,65.00,1,82.30
11694.00,4_886,228.00,223.00,617.75,162.00,1,186.90
11694.00,4_969,250.50,159.00,596.93,102.00,1,127.03
11694.00,4_1040,260.00,114.00,615.10,63.00,1,85.93
11696.00,4_893,227.50,222.00,617.75,162.00,1,190.04
11696.00,4_1049,261.50,110.00,615.10,60.00,1,78.44
11697.00,4_971,252.50,159.00,596.93,99.00,1,123.92
11698.00,4_894,231.00,220.00,617.75,160.00,1,186.74
11698.00,4_986,256.00,149.00,596.93,90.00,1,117.30
11698.00,4_1058,263.00,106.00,615.10,56.00,1,71.59
11699.00,4_1510,47.00,97.00,605.00,49.00,1,68.76
11700.00,4_902,235.00,214.00,617.75,154.00,1,179.27
11700.00,4_1063,263.50,105.00,615.10,53.00,1,69.06
11702.00,4_906,235.00,214.00,617.75,153.00,1,180.81
11703.00,4_992,257.00,150.00,596.93,89.00,1,114.94
11703.00,4_1074,268.00,98.00,615.10,46.00,1,63.37
11704.00,4_1008,258.00,142.00,596.93,81.00,1,111.69
11704.00,4_1077,272.50,93.00,615.10,44.00,1,61.40
11705.00,4_913,233.50,215.00,617.75,153.00,1,181.83
11706.00,4_919,232.50,214.00,617.75,151.00,1,183.58
11706.00,4_1021,254.50,141.00,596.93,76.00,1,109.98
11706.00,4_1086,275.00,88.00,615.10,39.00,1,57.16
11707.00,4_1087,277.50,86.00,615.10,35.00,1,57.16
11709.00,4_1089,282.50,82.00,615.10,31.00,1,51.87
11710.00,4_1022,257.00,142.00,596.93,77.00,1,106.71
11712.00,4_934,242.00,203.00,617.75,137.00,1,164.35
11712.00,4_1023,259.50,141.00,596.93,76.00,1,112.68
11713.00,4_1102,282.00,80.00,615.10,25.00,1,42.38
11714.00,4_1043,261.50,131.00,596.93,65.00,1,97.30
11714.00,4_1105,286.50,75.00,615.10,21.00,1,47.11
11715.00,4_936,243.00,204.00,617.75,136.00,1,163.87
11716.00,4_1051,263.50,127.00,596.93,63.00,1,96.17
11716.00,4_1113,291.50,68.00,615.10,15.00,1,37.65
11717.00,4_938,244.00,204.00,617.75,136.00,1,169.61
11717.00,4_1124,296.00,59.00,615.10,6.00,1,28.70
11718.00,4_941,244.50,203.00,617.75,134.00,1,176.95
11718.00,4_1064,266.00,120.00,596.93,53.00,1,90.06
11719.00,4_1142,299.00,49.00,615.10,0.00,0,15.11
11720.00,4_942,246.00,203.00,617.75,136.00,1,168.59
11720.00,4_1071,266.50,118.00,596.93,50.00,1,88.88
11720.00,4_1744,9.00,39.00,605.00,0.00,0,9.74
11721.00,4_1143,301.50,48.00,615.10,0.00,0,12.29
11722.00,4_950,244.00,203.00,617.75,134.00,1,167.98
11722.00,4_1076,270.00,114.00,615.10,46.00,1,83.96
11725.00,4_963,245.50,198.00,617.75,129.00,1,164.08
11725.00,4_1115,293.50,74.00,615.10,14.00,1,37.70
11726.00,4_1081,273.50,112.00,596.93,43.00,1,79.72
11727.00,4_983,255.50,180.00,617.75,110.00,1,147.78
11727.00,4_1098,281.00,97.00,615.10,31.00,1,64.53
11728.00,4_1088,280.00,104.00,615.10,34.00,1,72.72
11731.00,4_1104,284.00,95.00,596.93,26.00,1,61.01
11732.00,4_1065,268.50,131.00,617.75,59.00,1,98.96
11733.00,4_1111,289.50,88.00,596.93,18.00,1,55.30
11733.00,4_1185,302.50,38.00,605.00,0.00,0,10.09
11735.00,4_990,257.00,183.00,617.75,107.00,1,139.29
11735.00,4_1118,295.00,81.00,596.93,13.00,1,51.80
11736.00,4_1084,275.00,119.00,617.75,46.00,1,83.99
11738.00,4_1106,289.00,96.00,617.75,22.00,1,60.88
11739.00,4_1107,289.50,96.00,617.75,20.00,1,68.54
11739.00,4_1139,294.50,75.00,596.93,4.00,1,41.19
11740.00,4_1189,303.50,42.00,615.10,0.00,0,7.40
11741.00,4_1119,297.50,84.00,617.75,11.00,1,54.80
11741.00,4_1140,297.00,74.00,596.93,1.00,1,42.32
11747.00,4_1126,298.00,86.00,617.75,9.00,1,48.16
11747.00,4_1153,299.50,71.00,596.93,0.00,0,32.70
11747.00,4_1172,299.00,62.00,596.93,0.00,0,31.96
11748.00,4_1209,302.50,41.00,615.10,0.00,0,6.94
11749.00,4_1134,295.00,87.00,617.75,7.00,1,56.52
11749.00,4_1175,300.50,61.00,596.93,0.00,0,29.18
11751.00,4_1181,300.50,60.00,596.93,0.00,0,32.68
11752.00,4_1155,301.50,73.00,617.75,0.00,0,34.92
11753.00,4_1168,297.00,72.00,617.75,0.00,0,37.94
11755.00,4_1169,298.50,72.00,617.75,0.00,0,42.88
11755.00,4_1190,306.00,54.00,596.93,0.00,0,20.35
11755.00,4_1224,304.00,39.00,615.10,0.00,0,7.25
11756.00,4_1182,303.00,62.00,617.75,0.00,0,30.70
11756.00,4_1203,302.50,52.00,596.93,0.00,0,20.35
11758.00,4_1218,301.00,48.00,596.93,0.00,0,17.17
11758.00,4_1223,301.50,45.00,615.10,0.00,0,11.89
11759.00,4_1226,306.00,40.00,617.75,0.00,0,9.20
11759.00,4_1232,306.00,37.00,615.10,0.00,0,8.07
11769.00,4_368,535.00,250.00,596.93,194.00,1,216.73
11769.00,4_1461,6.50,232.00,605.00,189.00,1,200.96
11771.00,4_388,538.00,239.00,596.93,192.00,1,209.92
11771.00,4_397,538.50,234.00,615.10,185.00,1,203.30
11772.00,4_371,538.50,248.00,617.75,192.00,1,209.31
11772.00,4_416,543.00,221.00,615.10,174.00,1,191.51
11774.00,4_377,537.50,248.00,617.75,191.00,1,217.65
11774.00,4_402,538.00,235.00,596.93,187.00,1,202.53
11775.00,4_406,539.00,233.00,596.93,186.00,1,203.33
11775.00,4_414,541.00,227.00,615.10,180.00,1,194.59
11776.00,4_394,538.00,241.00,617.75,190.00,1,205.27
11776.00,4_447,545.50,207.00,615.10,157.00,1,176.08
11777.00,4_408,541.00,232.00,596.93,184.00,1,203.06
11778.00,4_474,547.00,194.00,615.10,144.00,1,166.19
11779.00,4_436,545.00,216.00,615.10,166.00,1,184.00
11781.00,4_419,543.50,228.00,617.75,169.00,1,188.52
11784.00,4_999,136.50,348.00,615.10,295.00,2,320.44
11785.00,4_859,124.50,431.00,596.93,370.00,2,399.22
11787.00,4_861,126.50,430.00,596.93,368.00,2,400.71
11787.00,4_1009,138.50,344.00,615.10,289.00,2,312.42
11788.00,4_1145,-0.50,416.00,607.65,352.00,2,380.46
11789.00,4_1017,138.50,342.00,615.10,286.00,2,310.44
11790.00,4_875,124.50,428.00,596.93,363.00,2,397.55
11790.00,4_918,137.00,394.00,617.75,332.00,2,360.34
11791.00,4_1047,142.50,325.00,615.10,265.00,2,292.13
11793.00,4_935,138.50,387.00,615.10,322.00,2,351.66
11794.00,4_1048,145.00,325.00,615.10,264.00,2,292.04
11795.00,4_876,127.00,430.00,596.93,359.00,2,394.13
11795.00,4_945,139.50,383.00,617.75,317.00,2,349.32
11795.00,4_1052,149.00,320.00,615.10,259.00,2,288.46
11796.00,4_947,140.50,382.00,617.75,313.00,2,352.56
11797.00,4_1342,8.00,318.00,605.00,256.00,2,291.31
11798.00,4_1057,150.50,319.00,615.10,254.00,2,287.84
11799.00,4_951,140.50,383.00,617.75,314.00,3,351.53
11800.00,4_887,128.50,428.00,596.93,354.00,2,388.25
11800.00,4_1067,149.50,317.00,615.10,253.00,2,284.58
11801.00,4_889,134.50,422.00,596.93,350.00,2,389.12
11802.00,4_909,133.50,414.00,596.93,342.00,2,383.53
11802.00,4_1070,154.00,313.00,615.10,249.00,2,284.12
11803.00,4_954,144.00,382.00,617.75,311.00,2,345.67
11803.00,4_1082,151.00,311.00,615.10,249.00,2,284.38
11804.00,4_916,135.00,411.00,596.93,336.00,2,381.11
11805.00,4_976,134.00,383.00,617.75,310.00,2,353.76
11807.00,4_926,137.00,407.00,596.93,332.00,2,373.74
11808.00,4_988,131.00,383.00,617.75,310.00,2,346.72
11809.00,4_985,131.50,385.00,617.75,308.00,2,357.88
11811.00,4_952,142.00,393.00,596.93,314.00,2,356.60
11811.00,4_1090,150.00,316.00,615.10,247.00,2,273.82
11812.00,4_1128,155.00,293.00,615.10,225.00,2,257.00
11813.00,4_989,133.50,385.00,596.93,306.00,2,353.82
11813.00,4_991,135.50,382.00,617.75,307.00,2,346.26
11814.00,4_996,135.00,381.00,617.75,304.00,2,351.63
11814.00,4_1018,141.00,364.00,596.93,285.00,2,332.77
11814.00,4_1165,228.50,203.00,615.10,156.00,1,175.89
11817.00,4_1472,80.00,201.00,605.00,153.00,1,169.37
11818.00,4_1026,140.00,365.00,596.93,281.00,2,330.72
11820.00,4_993,135.50,388.00,617.75,304.00,2,350.61
11820.00,4_1179,226.50,204.00,615.10,153.00,1,171.15
11821.00,4_1207,227.50,190.00,615.10,141.00,1,158.34
11822.00,4_1033,139.50,366.00,596.93,279.00,2,328.32
11822.00,4_1110,152.00,315.00,617.75,244.00,2,283.65
11823.00,4_1000,139.00,384.00,617.75,304.00,3,353.44
11825.00,4_1002,139.00,385.00,617.75,301.00,3,353.50
11827.00,4_1003,140.50,385.00,617.75,301.00,4,357.12
11828.00,4_1035,141.50,369.00,596.93,278.00,2,326.39
11828.00,4_1133,159.50,302.00,596.93,226.00,3,265.12
11829.00,4_1148,213.00,242.00,596.93,169.00,3,213.39
11830.00,4_1219,228.50,192.00,615.10,135.00,1,147.18
11830.00,4_1229,230.50,185.00,615.10,131.00,1,151.68
11831.00,4_1037,144.50,368.00,596.93,282.00,3,335.07
11832.00,4_1231,232.50,184.00,615.10,129.00,1,149.87
11833.00,4_1011,139.50,388.00,617.75,298.00,3,350.14
11833.00,4_1269,227.50,171.00,615.10,117.00,1,143.18
11834.00,4_1120,155.00,319.00,617.75,230.00,2,290.06
11834.00,4_1237,233.50,182.00,615.10,127.00,1,144.97
11835.00,4_1050,147.00,363.00,596.93,272.00,3,327.08
11836.00,4_1302,222.00,163.00,615.10,107.00,1,131.27
11837.00,4_1068,152.00,351.00,596.93,261.00,3,316.48
11837.00,4_1316,218.00,161.00,615.10,105.00,1,132.81
11838.00,4_1091,152.50,340.00,596.93,250.00,3,309.03
11838.00,4_1131,159.50,313.00,617.75,225.00,3,275.14
11839.00,4_1327,216.50,159.00,615.10,104.00,1,129.21
11840.00,4_1116,156.00,326.00,617.75,233.00,3,291.71
11841.00,4_1344,212.00,157.00,615.10,103.00,1,123.15
11842.00,4_1036,144.00,380.00,617.75,285.00,3,348.74
11842.00,4_1353,210.50,155.00,615.10,102.00,1,122.51
11845.00,4_1014,139.00,399.00,617.75,298.00,3,357.06
11845.00,4_1108,150.00,341.00,596.93,245.00,2,309.57
11847.00,4_1056,150.00,369.00,617.75,273.00,2,333.18
11848.00,4_1096,153.00,347.00,596.93,248.00,2,303.12
11848.00,4_1112,152.00,340.00,596.93,242.00,2,308.79
11850.00,4_1114,154.00,339.00,596.93,242.00,2,310.65
11850.00,4_1376,208.00,154.00,615.10,97.00,1,119.96
11851.00,4_1127,152.50,335.00,617.75,228.00,4,295.29
11851.00,4_1378,213.00,149.00,615.10,94.00,1,120.52
11852.00,4_1130,157.00,330.00,596.93,234.00,2,300.51
11852.00,4_1368,209.00,159.00,617.75,99.00,1,129.69
11853.00,4_1379,213.50,150.00,615.10,94.00,1,117.68
11854.00,4_1373,207.50,160.00,617.75,98.00,1,126.63
11855.00,4_1387,212.50,149.00,615.10,94.00,1,114.24
11856.00,4_1141,158.50,327.00,596.93,224.00,5,293.44
11858.00,4_1151,224.50,258.00,596.93,166.00,1,227.94
11859.00,4_1160,223.00,256.00,596.93,167.00,1,226.61
11859.00,4_1171,228.50,245.00,617.75,166.00,3,204.58
11860.00,4_1186,227.00,240.00,617.75,161.00,1,209.30
11861.00,4_1404,306.00,53.00,615.10,0.00,0,18.17
11862.00,4_1187,228.50,240.00,617.75,159.00,1,205.92
11863.00,4_1162,227.00,255.00,596.93,167.00,1,222.37
11863.00,4_1400,303.00,60.00,617.75,3.00,1,28.10
11867.00,4_96,105.00,914.00,596.93,790.00,6,887.03
11870.00,4_188,448.00,528.00,617.75,459.00,2,494.30
11872.00,4_119,322.50,690.00,596.93,578.00,3,655.76
11873.00,4_254,463.00,483.00,596.93,426.00,3,452.70
11874.00,4_291,468.50,460.00,617.75,404.00,2,423.31
11876.00,4_189,449.50,532.00,617.75,458.00,2,499.94
11877.00,4_262,465.00,481.00,596.93,417.00,2,447.26
11878.00,4_208,451.00,523.00,617.75,450.00,2,487.31
11880.00,4_133,435.50,578.00,596.93,474.00,3,544.51
11880.00,4_222,452.00,517.00,617.75,444.00,2,482.86
11881.00,4_226,452.00,516.00,617.75,441.00,2,490.75
11882.00,4_282,470.00,471.00,596.93,406.00,4,440.24
11884.00,4_230,458.00,511.00,617.75,433.00,2,476.74
11886.00,4_235,457.50,511.00,617.75,431.00,2,483.30
11886.00,4_300,469.00,467.00,596.93,396.00,2,432.14
11887.00,4_319,469.50,458.00,596.93,388.00,4,428.12
11889.00,4_335,663.50,258.00,615.10,195.00,1,223.97
11890.00,4_137,437.50,584.00,596.93,477.00,4,551.72
11890.00,4_328,664.00,262.00,615.10,194.00,1,230.54
11891.00,4_239,457.50,514.00,617.75,429.00,2,478.82
11891.00,4_462,280.00,580.00,586.83,475.00,3,551.50
11892.00,4_240,459.00,513.00,617.75,430.00,2,481.75
11892.00,4_355,671.50,243.00,615.10,185.00,1,209.70
11893.00,4_392,670.00,227.00,615.10,171.00,1,197.46
11894.00,4_142,440.00,583.00,596.93,472.00,4,552.82
11895.00,4_299,468.50,477.00,617.75,393.00,2,443.82
11895.00,4_403,673.50,220.00,615.10,167.00,1,188.54
11896.00,4_158,440.00,577.00,596.93,468.00,5,547.02
11897.00,4_305,469.50,475.00,617.75,392.00,2,440.54
11897.00,4_400,672.00,225.00,615.10,165.00,1,192.38
11898.00,4_409,673.50,220.00,615.10,161.00,1,188.05
11899.00,4_930,64.00,570.00,586.83,468.00,4,539.81
11901.00,4_439,677.50,204.00,615.10,149.00,1,168.30
11903.00,4_313,471.50,475.00,617.75,386.00,2,434.51
11903.00,4_452,680.00,197.00,615.10,137.00,1,167.07
11903.00,4_476,681.00,184.00,615.10,130.00,1,155.79
11904.00,4_453,682.50,195.00,615.10,136.00,2,165.16
11905.00,4_193,449.50,559.00,596.93,465.00,3,521.03
11906.00,4_334,662.00,277.00,617.75,198.00,1,235.59
11906.00,4_369,670.50,251.00,617.75,188.00,1,217.97
11906.00,4_482,680.00,185.00,615.10,127.00,1,153.36
11907.00,4_196,451.00,558.00,596.93,459.00,3,522.80
11908.00,4_198,453.00,556.00,596.93,457.00,3,524.68
11908.00,4_421,676.50,221.00,617.75,159.00,1,189.04
11909.00,4_422,678.00,220.00,617.75,158.00,1,190.30
11909.00,4_512,685.00,168.00,615.10,111.00,1,135.46
11910.00,4_212,451.00,553.00,596.93,456.00,4,521.71
11912.00,4_516,688.00,166.00,615.10,109.00,1,130.03
11913.00,4_433,678.50,218.00,617.75,155.00,1,180.71
11914.00,4_518,688.00,167.00,615.10,107.00,1,140.68
11915.00,4_246,461.00,531.00,596.93,432.00,3,494.98
11915.00,4_461,684.50,200.00,617.75,138.00,1,164.96
11915.00,4_520,692.00,163.00,615.10,103.00,1,136.52
11917.00,4_261,462.50,524.00,596.93,421.00,4,490.36
11917.00,4_470,682.00,200.00,617.75,137.00,1,166.71
11917.00,4_524,693.00,162.00,615.10,103.00,2,126.87
11918.00,4_265,469.50,516.00,596.93,413.00,3,484.39
11921.00,4_494,680.00,194.00,617.75,126.00,1,156.20
11923.00,4_296,467.00,508.00,596.93,399.00,3,471.79
11923.00,4_500,682.00,191.00,617.75,124.00,1,155.55
11924.00,4_310,470.00,499.00,596.93,391.00,4,470.16
11924.00,4_505,681.50,190.00,617.75,123.00,1,155.38
11926.00,4_506,683.00,190.00,617.75,122.00,1,157.29
11927.00,4_320,472.00,495.00,596.93,383.00,3,459.85
11928.00,4_519,690.50,178.00,617.75,110.00,1,145.79
11931.00,4_336,666.00,297.00,596.93,192.00,1,260.67
11932.00,4_488,680.00,208.00,596.93,156.00,1,178.12
11932.00,4_538,819.00,44.00,615.10,0.00,0,7.93
11933.00,4_546,818.00,42.00,615.10,0.00,0,10.40
11934.00,4_341,666.50,297.00,596.93,192.00,2,263.60
11936.00,4_531,693.50,177.00,596.93,124.00,1,148.11
11938.00,4_548,820.00,44.00,617.75,0.00,0,6.58
11938.00,4_562,819.00,38.00,615.10,0.00,0,12.84
11939.00,4_345,667.50,299.00,596.93,193.00,2,271.31
11940.00,4_560,818.00,42.00,617.75,0.00,0,8.38
11944.00,4_578,814.00,41.00,617.75,0.00,0,7.80
11949.00,4_1235,310.50,221.00,596.93,176.00,1,187.60
11949.00,4_1241,313.50,215.00,615.10,171.00,1,182.98
11950.00,4_1240,311.00,219.00,596.93,174.00,1,188.22
11951.00,4_1261,315.50,205.00,615.10,154.00,1,171.85
11952.00,4_1245,314.50,215.00,596.93,169.00,1,185.08
11952.00,4_1270,320.00,197.00,615.10,149.00,1,163.62
11953.00,4_1234,308.00,228.00,617.75,177.00,1,188.13
11954.00,4_1247,316.50,214.00,617.75,165.00,1,176.22
11955.00,4_1278,325.00,191.00,615.10,140.00,1,155.53
11956.00,4_1251,317.50,213.00,596.93,165.00,1,180.75
11956.00,4_1263,317.50,207.00,617.75,156.00,1,174.88
11956.00,4_1282,326.00,189.00,615.10,143.00,1,160.60
11956.00,4_1303,334.50,170.00,615.10,121.00,1,140.38
11957.00,4_1266,319.00,205.00,617.75,156.00,1,172.58
11958.00,4_1311,336.50,166.00,615.10,115.00,2,142.09
11959.00,4_1323,342.50,155.00,615.10,107.00,1,126.25
11960.00,4_1274,321.00,202.00,596.93,151.00,1,167.02
11960.00,4_1292,327.00,187.00,617.75,138.00,1,160.29
11961.00,4_1275,323.50,200.00,596.93,149.00,1,171.00
11962.00,4_1328,343.00,155.00,615.10,106.00,1,122.24
11964.00,4_1294,332.00,185.00,617.75,134.00,1,155.75
11964.00,4_1321,340.50,163.00,615.10,111.00,2,129.45
11965.00,4_1291,324.50,195.00,596.93,142.00,1,159.98
11965.00,4_1360,353.00,132.00,615.10,81.00,1,102.17
11966.00,4_1293,329.50,190.00,596.93,138.00,1,159.62
11967.00,4_1364,363.00,122.00,615.10,71.00,1,91.36
11969.00,4_1297,333.50,187.00,617.75,131.00,1,151.17
11969.00,4_1309,334.50,180.00,596.93,127.00,1,149.00
11969.00,4_1374,364.00,118.00,615.10,64.00,1,83.68
11970.00,4_1385,363.50,114.00,605.00,64.00,1,83.65
11971.00,4_1300,334.00,187.00,617.75,132.00,1,153.22
11972.00,4_1312,339.00,177.00,596.93,123.00,1,143.85
11972.00,4_1388,365.00,113.00,615.10,62.00,1,79.46
11974.00,4_1317,339.50,176.00,596.93,119.00,1,143.67
11974.00,4_1330,345.00,164.00,617.75,106.00,1,126.08
11974.00,4_1403,372.50,100.00,615.10,50.00,1,70.06
11976.00,4_1331,346.50,164.00,596.93,109.00,1,133.94
11976.00,4_1339,345.50,161.00,617.75,103.00,1,124.88
11977.00,4_1423,373.50,92.00,615.10,40.00,1,55.62
11978.00,4_1343,346.50,160.00,596.93,104.00,1,130.84
11978.00,4_1347,350.50,154.00,617.75,97.00,1,122.58
11979.00,4_1346,348.00,158.00,596.93,103.00,1,128.78
11979.00,4_1348,352.00,153.00,617.75,94.00,1,118.61
11979.00,4_1428,374.00,91.00,615.10,37.00,1,62.86
11981.00,4_1462,372.00,78.00,615.10,25.00,1,41.00
11982.00,4_1350,353.00,154.00,617.75,94.00,1,120.30
11982.00,4_1483,371.50,69.00,615.10,17.00,1,35.52
11982.00,4_1486,376.00,63.00,615.10,13.00,1,37.82
11983.00,4_1355,352.50,153.00,596.93,95.00,1,121.76
11984.00,4_1384,362.00,130.00,617.75,70.00,1,95.73
11984.00,4_1485,373.50,68.00,615.10,16.00,1,31.84
11985.00,4_1490,377.00,63.00,615.10,13.00,1,32.33
11986.00,4_1361,355.50,150.00,596.93,91.00,1,118.10
11986.00,4_1390,370.00,121.00,607.65,61.00,1,89.18
11987.00,4_1498,376.00,62.00,615.10,11.00,1,31.04
11988.00,4_1397,371.50,118.00,617.75,58.00,1,86.63
11989.00,4_1362,358.00,150.00,596.93,89.00,1,116.50
11989.00,4_1504,379.00,58.00,615.10,6.00,1,25.77
11991.00,4_1363,360.50,149.00,596.93,86.00,1,116.54
11993.00,4_1401,371.50,121.00,617.75,56.00,1,84.93
11995.00,4_1413,370.50,118.00,617.75,53.00,1,81.88
11996.00,4_1371,362.50,148.00,596.93,83.00,1,111.61
11997.00,4_1447,370.50,103.00,617.75,38.00,1,72.23
11997.00,4_1505,381.50,63.00,615.10,5.00,1,20.77
11998.00,4_1389,367.50,136.00,596.93,71.00,1,102.11
11998.00,4_1512,390.00,52.00,615.10,0.00,0,13.65
12000.00,4_1448,372.00,104.00,617.75,36.00,1,71.97
12000.00,4_1508,386.00,60.00,615.10,0.00,0,23.22
12001.00,4_1393,370.50,134.00,596.93,67.00,1,98.76
12001.00,4_1532,395.00,40.00,615.10,0.00,0,6.59
12002.00,4_1420,369.00,123.00,596.93,56.00,1,95.37
12003.00,4_1458,369.00,105.00,617.75,36.00,1,70.85
12004.00,4_1421,371.50,122.00,596.93,55.00,1,91.43
12006.00,4_1459,370.50,106.00,617.75,34.00,1,70.37
12007.00,4_1468,375.00,98.00,617.75,30.00,1,65.12
12007.00,4_1516,391.00,58.00,615.10,0.00,0,16.41
12008.00,4_1446,368.00,117.00,596.93,49.00,1,83.10
12009.00,4_1529,393.50,51.00,617.75,0.00,0,19.56
12010.00,4_1467,372.50,104.00,596.93,34.00,1,74.64
12011.00,4_1473,373.50,101.00,596.93,32.00,2,71.59
12013.00,4_1500,378.00,85.00,596.93,15.00,1,56.94
12013.00,4_1534,397.00,49.00,617.75,0.00,0,12.55
12014.00,4_1542,398.00,45.00,617.75,0.00,0,15.52
12017.00,4_1557,392.50,46.00,617.75,0.00,0,9.70
12019.00,4_1507,383.50,82.00,596.93,7.00,1,46.78
12020.00,4_1511,387.50,77.00,596.93,4.00,2,49.82
12022.00,4_1521,391.50,70.00,596.93,0.00,0,38.09
12024.00,4_1528,391.00,69.00,596.93,0.00,0,36.43
12024.00,4_1564,395.00,47.00,617.75,0.00,0,6.43
12026.00,4_1571,396.50,44.00,617.75,0.00,0,9.61
12030.00,4_1538,397.00,64.00,596.93,0.00,0,26.84
12031.00,4_1563,392.50,57.00,596.93,0.00,0,22.96
12031.00,4_1579,403.50,38.00,615.10,0.00,0,5.33
12034.00,4_1570,394.00,55.00,596.93,0.00,0,20.74
12036.00,4_1572,398.00,52.00,596.93,0.00,0,24.54
12038.00,4_1581,405.50,42.00,617.75,0.00,0,8.22
12038.00,4_1583,406.50,40.00,615.10,0.00,0,10.43
12039.00,4_1574,403.00,49.00,615.10,0.00,0,6.19
12040.00,4_1573,400.50,53.00,596.93,0.00,0,17.65
12041.00,4_1591,408.50,37.00,615.10,0.00,0,5.20
12044.00,4_1596,409.00,37.00,615.10,0.00,0,4.77
12045.00,4_1584,408.00,45.00,617.75,0.00,0,9.45
12058.00,4_437,547.50,492.00,617.75,434.00,2,456.43
12058.00,4_489,551.50,462.00,615.10,408.00,2,425.44
12059.00,4_432,541.00,502.00,596.93,445.00,2,463.57
12059.00,4_517,558.50,442.00,615.10,382.00,3,407.76
12060.00,4_435,542.50,500.00,596.93,442.00,2,468.27
12060.00,4_533,560.50,433.00,615.10,375.00,2,403.76
12061.00,4_457,546.50,486.00,617.75,425.00,2,450.65
12062.00,4_555,564.50,420.00,615.10,362.00,2,388.58
12063.00,4_501,551.50,461.00,617.75,401.00,2,431.02
12063.00,4_523,558.50,443.00,615.10,383.00,2,411.96
12063.00,4_568,561.00,418.00,615.10,355.00,2,387.66
12065.00,4_451,546.50,493.00,596.93,431.00,2,453.83
12066.00,4_465,545.50,488.00,596.93,426.00,2,454.73
12067.00,4_472,545.00,486.00,596.93,423.00,2,452.86
12068.00,4_527,559.50,445.00,617.75,381.00,2,408.94
12068.00,4_569,563.50,420.00,615.10,354.00,2,381.32
12073.00,4_1418,316.00,248.00,615.10,199.00,1,217.01
12074.00,4_1332,217.00,391.00,617.75,310.00,3,357.33
12074.00,4_1394,212.00,365.00,596.93,295.00,3,329.37
12075.00,4_1433,311.50,247.00,615.10,198.00,2,215.57
12076.00,4_1408,315.00,257.00,617.75,205.00,1,226.88
12077.00,4_1441,316.50,240.00,615.10,191.00,1,208.00
12077.00,4_1537,53.50,455.00,586.83,367.00,2,419.63
12079.00,4_1204,223.00,454.00,596.93,368.00,3,419.33
12079.00,4_1466,312.00,234.00,615.10,187.00,1,201.39
12080.00,4_1205,225.50,452.00,596.93,365.00,2,425.68
12082.00,4_1213,227.50,448.00,596.93,359.00,2,418.66
12082.00,4_1415,314.50,260.00,617.75,203.00,1,222.30
12083.00,4_1192,227.00,460.00,617.75,363.00,5,428.15
12083.00,4_1470,313.00,235.00,615.10,185.00,1,197.26
12084.00,4_1514,320.00,207.00,615.10,157.00,1,175.00
12086.00,4_1217,228.50,449.00,617.75,351.00,2,413.37
12086.00,4_1525,324.50,199.00,615.10,148.00,1,165.57
12087.00,4_1228,228.00,445.00,596.93,351.00,2,409.92
12087.00,4_1553,327.50,183.00,615.10,132.00,1,149.06
12088.00,4_1225,228.50,447.00,617.75,349.00,2,416.90
12092.00,4_559,815.50,197.00,615.10,147.00,2,166.55
12093.00,4_583,814.50,187.00,615.10,143.00,1,156.79
12095.00,4_584,817.00,186.00,615.10,139.00,1,154.13
12096.00,4_507,684.50,358.00,596.93,297.00,2,318.59
12096.00,4_606,825.00,168.00,615.10,118.00,1,132.27
12097.00,4_346,670.00,454.00,596.93,342.00,2,423.83
12097.00,4_650,833.00,139.00,615.10,93.00,1,108.64
12098.00,4_349,671.50,452.00,596.93,341.00,2,423.85
12099.00,4_637,832.50,148.00,615.10,93.00,2,112.72
12100.00,4_366,669.00,448.00,596.93,337.00,2,415.56
12100.00,4_589,821.50,184.00,617.75,135.00,1,148.58
12101.00,4_590,824.00,182.00,617.75,133.00,1,150.50
12101.00,4_655,836.50,137.00,615.10,90.00,1,108.78
12102.00,4_373,670.50,445.00,596.93,337.00,3,412.81
12103.00,4_603,820.50,181.00,617.75,131.00,1,149.50
12103.00,4_651,835.50,142.00,615.10,88.00,1,107.02
12104.00,4_375,672.50,444.00,596.93,335.00,2,420.17
12106.00,4_727,841.50,101.00,615.10,49.00,1,64.26
12107.00,4_389,668.50,444.00,596.93,334.00,2,412.86
12107.00,4_613,827.50,173.00,617.75,120.00,1,140.87
12107.00,4_762,846.00,80.00,615.10,28.00,1,48.28
12109.00,4_393,671.50,441.00,596.93,335.00,2,409.57
12109.00,4_771,851.50,72.00,615.10,20.00,1,42.08
12110.00,4_625,827.50,170.00,617.75,117.00,1,134.69
12110.00,4_783,851.50,67.00,615.10,17.00,1,37.88
12111.00,4_631,827.50,168.00,617.75,115.00,1,139.90
12112.00,4_412,675.00,431.00,596.93,331.00,3,399.19
12112.00,4_792,853.00,63.00,615.10,11.00,1,27.83
12114.00,4_802,851.00,62.00,615.10,11.00,1,27.74
12115.00,4_420,674.00,431.00,596.93,332.00,3,397.52
12115.00,4_642,833.00,161.00,617.75,102.00,2,127.92
12116.00,4_663,841.50,143.00,617.75,89.00,1,114.80
12116.00,4_820,854.00,52.00,615.10,0.00,0,17.18
12123.00,4_1602,412.00,110.00,596.93,64.00,1,80.47
12123.00,4_1605,413.50,107.00,615.10,60.00,1,72.85
12123.00,4_1616,414.00,101.00,615.10,52.00,1,66.13
12124.00,4_1618,416.00,99.00,617.75,52.00,1,66.66
12125.00,4_1598,411.00,115.00,615.10,64.00,1,75.33
12125.00,4_1610,414.00,106.00,596.93,61.00,1,79.12
12125.00,4_1620,421.00,94.00,615.10,45.00,1,68.01
12126.00,4_1650,433.00,68.00,615.10,21.00,1,38.51
12128.00,4_1619,418.50,100.00,617.75,51.00,1,63.40
12128.00,4_1645,423.50,82.00,596.93,36.00,1,51.84
12128.00,4_1654,437.00,64.00,615.10,15.00,1,35.24
12129.00,4_1682,431.00,57.00,615.10,10.00,1,25.96
12130.00,4_1625,421.50,96.00,617.75,47.00,1,63.95
12131.00,4_1686,432.00,56.00,615.10,7.00,1,24.12
12133.00,4_1627,423.50,96.00,617.75,45.00,1,59.75
12134.00,4_1628,426.00,94.00,617.75,44.00,1,65.07
12134.00,4_1711,425.50,53.00,615.10,1.00,1,18.66
12135.00,4_1647,425.50,86.00,596.93,32.00,1,46.68
12135.00,4_1649,430.50,80.00,596.93,29.00,1,48.91
12136.00,4_1643,421.50,93.00,617.75,42.00,1,60.38
12137.00,4_1664,435.00,70.00,596.93,18.00,1,37.20
12137.00,4_1719,426.50,51.00,615.10,0.00,0,15.84
12138.00,4_1648,428.00,86.00,617.75,36.00,1,56.12
12138.00,4_1725,429.50,46.00,615.10,1.00,1,18.66
12139.00,4_1706,425.00,61.00,596.93,9.00,1,30.04
12139.00,4_1729,430.50,44.00,615.10,0.00,0,12.36
12140.00,4_1651,435.50,79.00,617.75,28.00,1,50.09
12141.00,4_1732,435.00,40.00,615.10,0.00,0,8.28
12142.00,4_1723,427.50,53.00,596.93,0.00,0,21.94
12146.00,4_1666,437.00,76.00,617.75,18.00,1,40.62
12147.00,4_1734,440.00,40.00,596.93,0.00,0,8.82
12148.00,4_1715,426.50,64.00,617.75,7.00,1,27.59
12149.00,4_1738,441.00,39.00,615.10,0.00,0,6.32
12151.00,4_1731,432.50,53.00,617.75,0.00,0,17.23
12152.00,4_1740,443.00,39.00,615.10,0.00,0,5.91
12153.00,4_1733,437.50,49.00,617.75,0.00,0,16.00
12154.00,4_1753,439.50,38.00,615.10,0.00,0,6.42
12156.00,4_1754,442.00,37.00,615.10,0.00,0,8.83
12161.00,4_1758,443.00,39.00,596.93,0.00,0,9.13
12163.00,4_1761,444.50,38.00,596.93,0.00,0,9.70
12170.00,4_1762,447.00,42.00,615.10,0.00,0,4.92
12171.00,4_1764,449.00,40.00,617.75,0.00,0,6.83
12177.00,4_1772,451.00,40.00,615.10,0.00,0,5.29
12180.00,4_1770,449.00,46.00,596.93,0.00,0,7.92
12181.00,4_1775,452.50,41.00,596.93,0.00,0,13.75
12190.00,4_1778,454.00,47.00,596.93,0.00,0,8.08
12190.00,4_1783,457.50,41.00,617.75,0.00,0,8.40
12193.00,4_1780,456.00,47.00,615.10,0.00,0,5.80
12193.00,4_1787,458.50,41.00,617.75,0.00,0,11.04
12193.00,4_1791,459.50,38.00,615.10,0.00,0,9.67
12195.00,4_1796,460.00,37.00,615.10,0.00,0,6.27
12202.00,4_1798,462.00,41.00,596.93,0.00,0,9.06
12204.00,4_1809,462.50,37.00,615.10,0.00,0,5.48
12205.00,4_1818,461.00,35.00,615.10,0.00,0,6.99
12208.00,4_1806,461.00,44.00,617.75,0.00,0,8.10
12215.00,4_1827,459.50,42.00,615.10,0.00,0,5.16
12216.00,4_1828,462.00,40.00,596.93,0.00,0,11.62
12216.00,4_1841,460.50,35.00,605.00,0.00,0,6.19
12217.00,4_1832,463.00,38.00,617.75,0.00,0,8.17
12225.00,4_1847,464.50,37.00,615.10,0.00,0,5.70
12228.00,4_1849,466.50,37.00,596.93,0.00,0,9.36
12230.00,4_1856,466.00,36.00,615.10,0.00,0,6.03
12234.00,4_1844,463.00,49.00,617.75,0.00,0,7.82
12240.00,4_1859,467.50,43.00,617.75,0.00,0,6.09
12243.00,4_581,571.50,581.00,615.10,518.00,3,550.23
12244.00,4_475,549.50,657.00,596.93,592.00,3,625.03
12244.00,4_532,559.00,619.00,617.75,553.00,3,586.74
12244.00,4_587,576.50,574.00,615.10,508.00,3,545.74
12245.00,4_483,548.50,655.00,596.93,588.00,3,625.37
12246.00,4_539,566.50,610.00,617.75,542.00,4,578.70
12246.00,4_582,574.00,581.00,615.10,508.00,4,552.69
12248.00,4_616,580.00,560.00,615.10,491.00,3,530.09
12249.00,4_485,550.50,656.00,596.93,587.00,3,623.72
12249.00,4_542,567.00,611.00,617.75,538.00,3,579.88
12251.00,4_496,551.00,652.00,596.93,579.00,3,625.41
12252.00,4_646,591.00,538.00,615.10,464.00,3,511.65
12253.00,4_503,553.50,648.00,596.93,577.00,3,617.93
12253.00,4_544,568.00,613.00,617.75,538.00,3,578.68
12255.00,4_510,553.00,647.00,596.93,571.00,3,618.09
12256.00,4_571,565.50,605.00,617.75,529.00,3,569.74
12256.00,4_626,587.00,556.00,615.10,479.00,3,513.33
12257.00,4_638,590.00,548.00,615.10,471.00,3,514.44
12259.00,4_511,555.50,648.00,596.93,567.00,3,615.38
12259.00,4_1788,20.00,545.00,605.00,463.00,3,509.86
12260.00,4_661,590.50,539.00,615.10,460.00,3,505.62
12261.00,4_668,598.00,529.00,615.10,448.00,3,496.75
12262.00,4_575,571.50,603.00,617.75,521.00,3,561.47
12263.00,4_586,575.00,595.00,617.75,508.00,3,561.14
12263.00,4_596,581.00,584.00,617.75,504.00,3,549.07
12265.00,4_1249,231.50,609.00,596.93,515.00,3,579.78
12268.00,4_1236,233.00,617.00,617.75,514.00,3,582.74
12268.00,4_1265,226.50,609.00,596.93,513.00,3,578.25
12268.00,4_1587,325.50,349.00,615.10,291.00,2,319.08
12269.00,4_1561,331.50,357.00,615.10,299.00,2,322.09
12270.00,4_1238,236.00,615.00,617.75,510.00,3,580.83
12271.00,4_1592,330.00,345.00,615.10,287.00,2,312.36
12272.00,4_1283,224.50,606.00,596.93,505.00,3,572.09
12272.00,4_1594,335.00,340.00,615.10,281.00,2,309.34
12274.00,4_2266,3.00,338.00,605.00,278.00,2,305.95
12276.00,4_1365,207.50,586.00,596.93,486.00,3,549.51
12276.00,4_1606,333.00,340.00,615.10,277.00,2,308.77
12277.00,4_1377,210.50,578.00,596.93,477.00,3,546.45
12278.00,4_1271,229.50,613.00,617.75,501.00,3,569.13
12278.00,4_1284,227.00,609.00,617.75,495.00,4,570.21
12279.00,4_1299,220.50,609.00,617.75,496.00,3,576.26
12279.00,4_1405,313.50,463.00,596.93,372.00,4,432.70
12280.00,4_1611,334.50,340.00,615.10,275.00,2,302.76
12281.00,4_1434,315.00,449.00,596.93,370.00,2,419.20
12281.00,4_1623,332.50,337.00,615.10,271.00,2,304.13
12282.00,4_1301,221.50,610.00,617.75,494.00,3,571.98
12283.00,4_1308,221.00,608.00,617.75,492.00,3,574.54
12283.00,4_1626,334.00,336.00,615.10,272.00,2,307.71
12285.00,4_1319,219.50,606.00,617.75,490.00,3,572.96
12285.00,4_1454,315.00,443.00,596.93,370.00,2,410.78
12286.00,4_1631,335.50,335.00,615.10,270.00,2,296.80
12287.00,4_1396,299.00,490.00,617.75,375.00,3,457.49
12287.00,4_1477,312.50,436.00,596.93,365.00,2,404.87
12288.00,4_1478,315.00,434.00,596.93,365.00,3,405.60
12288.00,4_1634,337.00,334.00,615.10,267.00,2,308.09
12288.00,4_1653,337.50,324.00,615.10,259.00,2,294.52
12288.00,4_2009,13.50,470.00,607.65,367.00,2,442.05
12289.00,4_1642,337.00,331.00,615.10,266.00,2,294.73
12291.00,4_1662,337.00,323.00,615.10,257.00,2,290.00
12292.00,4_1671,338.50,318.00,615.10,252.00,3,290.72
12293.00,4_1436,317.00,458.00,617.75,366.00,2,420.57
12294.00,4_1479,317.50,437.00,596.93,364.00,2,401.27
12294.00,4_1678,343.00,312.00,615.10,253.00,3,279.98
12295.00,4_1445,317.50,455.00,617.75,366.00,2,423.87
12296.00,4_1480,320.00,436.00,617.75,364.00,2,405.75
12296.00,4_1482,323.00,432.00,596.93,358.00,2,396.75
12298.00,4_1481,321.50,436.00,617.75,362.00,2,406.02
12298.00,4_1488,323.00,431.00,596.93,355.00,3,401.36
12299.00,4_1699,343.50,306.00,615.10,243.00,3,268.41
12301.00,4_1499,324.50,427.00,596.93,350.00,2,392.27
12301.00,4_1703,344.50,305.00,615.10,241.00,2,272.67
12302.00,4_1518,323.00,420.00,596.93,343.00,2,391.31
12304.00,4_1489,325.50,434.00,617.75,359.00,2,395.80
12304.00,4_1716,346.00,300.00,615.10,236.00,2,270.34
12306.00,4_1497,323.50,434.00,617.75,356.00,2,395.53
12306.00,4_1544,319.00,415.00,596.93,335.00,2,379.73
12306.00,4_1724,345.00,299.00,615.10,234.00,2,268.75
12308.00,4_1697,343.50,316.00,617.75,245.00,3,278.25
12309.00,4_1728,347.00,298.00,615.10,233.00,2,266.74
12310.00,4_1547,320.50,416.00,596.93,335.00,2,379.46
12311.00,4_1524,323.00,426.00,617.75,346.00,3,394.62
12312.00,4_1548,323.00,415.00,596.93,333.00,2,385.39
12313.00,4_1730,349.00,299.00,615.10,233.00,2,264.72
12315.00,4_1517,321.50,435.00,617.75,352.00,3,389.22
12316.00,4_1704,347.00,317.00,617.75,239.00,2,278.93
12317.00,4_1558,330.00,408.00,596.93,322.00,2,370.00
12317.00,4_1709,348.50,314.00,617.75,238.00,2,281.63
12318.00,4_1562,334.00,403.00,596.93,320.00,2,372.49
12318.00,4_1750,351.00,292.00,615.10,225.00,2,261.16
12319.00,4_1672,341.00,342.00,617.75,256.00,2,309.33
12320.00,4_2231,3.50,401.00,586.83,314.00,3,371.42
12321.00,4_1745,346.50,302.00,617.75,230.00,2,266.57
12322.00,4_1536,322.00,432.00,617.75,347.00,3,401.70
12323.00,4_1590,328.00,400.00,596.93,310.00,2,365.17
12324.00,4_1774,415.00,222.00,615.10,162.00,2,188.62
12325.00,4_1593,332.50,396.00,596.93,306.00,3,361.90
12326.00,4_1759,350.50,296.00,617.75,224.00,3,268.47
12326.00,4_1782,419.00,216.00,615.10,160.00,2,181.49
12328.00,4_1794,418.00,213.00,615.10,155.00,2,182.75
12329.00,4_1670,336.00,358.00,596.93,267.00,2,320.93
12329.00,4_1727,346.50,319.00,617.75,234.00,2,276.22
12331.00,4_1673,341.50,353.00,596.93,261.00,3,321.12
12331.00,4_1797,422.50,210.00,615.10,151.00,2,172.89
12333.00,4_1769,413.50,235.00,617.75,164.00,3,195.54
12334.00,4_1549,325.50,434.00,617.75,340.00,3,401.09
12334.00,4_1680,345.00,349.00,596.93,255.00,2,312.86
12336.00,4_1550,326.00,435.00,617.75,342.00,5,399.26
12336.00,4_1687,345.50,347.00,596.93,252.00,2,319.38
12337.00,4_1708,346.00,337.00,596.93,245.00,2,305.13
12337.00,4_1804,422.00,213.00,617.75,151.00,2,180.86
12337.00,4_1812,421.00,210.00,615.10,151.00,2,173.47
12339.00,4_1810,420.00,214.00,617.75,152.00,2,181.86
12341.00,4_1555,329.50,434.00,617.75,333.00,2,400.17
12341.00,4_1826,421.00,207.00,615.10,147.00,3,166.58
12341.00,4_1831,422.50,203.00,615.10,147.00,2,170.77
12342.00,4_1578,328.00,425.00,617.75,327.00,2,396.12
12342.00,4_1743,344.50,326.00,615.10,230.00,2,298.03
12343.00,4_1747,346.50,323.00,615.10,226.00,3,295.96
12344.00,4_1604,333.00,409.00,617.75,307.00,2,381.80
12344.00,4_1749,348.50,321.00,596.93,226.00,2,288.88
12344.00,4_1755,349.50,317.00,615.10,223.00,2,287.46
12345.00,4_1855,565.50,52.00,615.10,0.00,0,11.26
12347.00,4_2856,65.00,54.00,605.00,0.00,0,25.19
12350.00,4_1622,332.00,407.00,617.75,301.00,2,371.42
12350.00,4_1767,354.50,312.00,596.93,216.00,2,275.16
12351.00,4_1857,568.50,54.00,617.75,0.00,0,23.08
12352.00,4_1771,413.50,253.00,596.93,162.00,1,222.56
12353.00,4_1776,416.00,249.00,596.93,162.00,1,220.41
12353.00,4_1864,566.00,55.00,617.75,0.00,0,22.15
12358.00,4_825,854.50,291.00,615.10,237.00,1,260.75
12360.00,4_424,680.00,668.00,596.93,566.00,4,633.09
12361.00,4_442,679.00,661.00,596.93,555.00,4,629.09
12361.00,4_671,845.50,380.00,617.75,321.00,2,352.87
12361.00,4_828,856.00,291.00,615.10,236.00,1,258.97
12362.00,4_834,859.00,286.00,615.10,230.00,1,257.69
12364.00,4_445,680.50,661.00,596.93,555.00,3,629.75
12364.00,4_664,844.00,388.00,617.75,325.00,2,346.13
12366.00,4_454,685.00,654.00,596.93,551.00,3,621.95
12367.00,4_672,848.00,383.00,617.75,318.00,2,346.75
12369.00,4_687,845.50,380.00,617.75,313.00,2,349.45
12369.00,4_732,846.00,357.00,596.93,299.00,2,324.28
12370.00,4_768,850.00,336.00,596.93,278.00,2,306.15
12373.00,4_692,846.00,381.00,617.75,309.00,2,342.17
12375.00,4_707,845.50,376.00,617.75,302.00,2,339.98
12380.00,4_1866,470.00,177.00,596.93,131.00,1,148.46
12380.00,4_1870,474.00,171.00,615.10,124.00,1,136.72
12382.00,4_1862,469.00,182.00,615.10,132.00,1,144.76
12382.00,4_1868,472.00,176.00,596.93,130.00,1,148.30
12382.00,4_1871,476.50,170.00,617.75,122.00,1,133.18
12382.00,4_1876,477.00,167.00,615.10,119.00,1,133.73
12382.00,4_1879,481.50,161.00,615.10,109.00,1,131.49
12383.00,4_1932,497.00,120.00,615.10,72.00,1,89.15
12384.00,4_1877,479.50,166.00,617.75,119.00,1,134.30
12385.00,4_1940,504.00,111.00,615.10,64.00,1,80.61
12386.00,4_1880,484.00,162.00,617.75,115.00,1,130.71
12387.00,4_1937,500.50,118.00,615.10,63.00,2,83.00
12389.00,4_1889,485.50,159.00,596.93,107.00,1,122.85
12389.00,4_1965,507.50,99.00,615.10,48.00,1,70.69
12390.00,4_1887,483.50,163.00,617.75,113.00,1,129.07
12390.00,4_1971,510.50,94.00,615.10,42.00,1,62.58
12391.00,4_1892,487.00,158.00,596.93,104.00,1,121.25
12392.00,4_1893,489.50,156.00,617.75,107.00,1,124.56
12392.00,4_1978,519.00,84.00,615.10,33.00,1,51.56
12393.00,4_1904,493.00,148.00,596.93,95.00,1,114.76
12395.00,4_1895,491.50,156.00,617.75,103.00,1,121.68
12396.00,4_1906,495.00,148.00,596.93,94.00,1,114.16
12396.00,4_3007,9.50,83.00,605.00,32.00,1,45.39
12397.00,4_1927,490.50,143.00,596.93,90.00,1,114.31
12398.00,4_1903,490.50,156.00,617.75,100.00,1,119.31
12398.00,4_2001,525.50,72.00,615.10,20.00,1,40.52
12399.00,4_1999,523.50,76.00,615.10,19.00,2,44.34
12399.00,4_2013,531.50,61.00,615.10,11.00,1,35.44
12400.00,4_1907,497.50,149.00,617.75,94.00,1,118.08
12400.00,4_1931,494.50,140.00,596.93,87.00,1,107.71
12401.00,4_1928,493.00,144.00,617.75,89.00,1,112.23
12401.00,4_2011,529.50,66.00,615.10,11.00,1,34.61
12402.00,4_1936,498.00,136.00,596.93,82.00,1,104.91
12404.00,4_1939,502.50,132.00,617.75,71.00,1,101.64
12404.00,4_2031,534.50,54.00,615.10,2.00,1,18.47
12405.00,4_2042,535.00,49.00,615.10,0.00,0,16.10
12408.00,4_1945,504.50,131.00,617.75,70.00,1,95.54
12408.00,4_1948,505.00,129.00,596.93,70.00,1,90.61
12410.00,4_1950,507.00,128.00,596.93,69.00,1,95.56
12410.00,4_1952,509.00,125.00,617.75,67.00,1,92.79
12412.00,4_1957,508.50,125.00,596.93,64.00,1,90.39
12414.00,4_1967,509.50,121.00,596.93,60.00,1,87.40
12414.00,4_2032,537.00,61.00,617.75,0.00,0,29.42
12415.00,4_1973,512.50,116.00,596.93,57.00,1,86.45
12416.00,4_1983,519.50,105.00,617.75,41.00,1,62.79
12417.00,4_2043,537.50,58.00,617.75,0.00,0,23.67
12420.00,4_2061,543.50,46.00,617.75,0.00,0,9.24
12420.00,4_2075,545.50,37.00,615.10,0.00,0,8.85
12421.00,4_1975,514.50,119.00,596.93,54.00,1,81.46
12422.00,4_1977,516.50,117.00,596.93,53.00,1,86.40
12422.00,4_2071,541.50,45.00,617.75,0.00,0,11.86
12430.00,4_513,557.50,816.00,596.93,730.00,4,781.76
12430.00,4_600,581.00,749.00,617.75,664.00,4,715.63
12431.00,4_700,611.00,670.00,615.10,587.00,4,633.67
12432.00,4_601,582.50,749.00,617.75,660.00,4,718.11
12433.00,4_536,562.00,803.00,596.93,716.00,4,766.94
12433.00,4_734,622.00,644.00,615.10,579.00,3,612.68
12435.00,4_640,592.00,723.00,617.75,632.00,4,688.81
12436.00,4_537,564.50,803.00,596.93,714.00,4,767.56
12436.00,4_736,626.00,642.00,615.10,572.00,3,603.62
12437.00,4_647,591.50,722.00,617.75,628.00,4,691.61
12437.00,4_739,630.50,637.00,605.00,567.00,3,602.49
12439.00,4_573,566.50,786.00,596.93,695.00,4,749.89
12439.00,4_653,591.50,721.00,617.75,628.00,4,690.18
12439.00,4_742,632.00,636.00,615.10,566.00,3,608.24
12440.00,4_574,569.00,784.00,596.93,694.00,4,754.33
12441.00,4_754,632.00,632.00,615.10,559.00,3,603.66
12442.00,4_680,601.00,701.00,596.93,624.00,4,671.50
12442.00,4_773,632.50,623.00,615.10,550.00,3,589.77
12444.00,4_659,589.50,725.00,617.75,622.00,4,689.37
12444.00,4_784,634.00,618.00,615.10,544.00,3,585.02
12445.00,4_666,597.00,715.00,617.75,613.00,4,680.90
12445.00,4_789,634.50,616.00,615.10,542.00,3,588.23
12447.00,4_681,603.50,703.00,617.75,604.00,4,671.81
12447.00,4_711,610.50,681.00,596.93,603.00,4,644.20
12447.00,4_829,883.50,349.00,615.10,284.00,2,317.73
12449.00,4_588,579.00,776.00,596.93,679.00,5,744.95
12451.00,4_833,882.50,352.00,615.10,285.00,2,313.79
12452.00,4_628,589.00,749.00,596.93,656.00,4,713.69
12453.00,4_686,602.00,708.00,617.75,604.00,5,668.70
12454.00,4_591,580.50,778.00,596.93,674.00,4,744.80
12455.00,4_688,603.00,708.00,617.75,600.00,5,670.49
12456.00,4_691,606.50,704.00,617.75,594.00,4,671.34
12457.00,4_662,593.00,733.00,596.93,641.00,4,700.00
12458.00,4_677,596.50,723.00,596.93,632.00,5,694.25
12460.00,4_693,607.50,706.00,617.75,595.00,4,670.35
12461.00,4_617,582.50,770.00,596.93,666.00,6,744.24
12463.00,4_602,584.00,778.00,596.93,677.00,7,741.16
12464.00,4_769,632.50,647.00,617.75,558.00,5,609.66
12465.00,4_619,584.50,771.00,596.93,663.00,5,742.10
12466.00,4_694,609.00,710.00,617.75,598.00,4,673.12
12467.00,4_621,586.50,770.00,596.93,661.00,5,740.65
12467.00,4_705,612.50,702.00,617.75,597.00,5,674.15
12470.00,4_827,878.50,378.00,596.93,305.00,2,347.67
12471.00,4_848,1043.00,204.00,615.10,150.00,1,168.92
12472.00,4_873,1048.50,187.00,615.10,133.00,1,155.70
12473.00,4_805,634.50,636.00,617.75,530.00,6,590.59
12474.00,4_838,887.00,368.00,617.75,292.00,2,330.87
12474.00,4_879,1053.50,181.00,615.10,127.00,1,152.62
12475.00,4_759,633.50,662.00,596.93,571.00,4,628.10
12475.00,4_882,1054.00,180.00,615.10,125.00,1,147.99
12476.00,4_717,622.50,695.00,617.75,591.00,4,657.84
12479.00,4_796,638.00,643.00,617.75,548.00,4,605.01
12480.00,4_632,590.00,774.00,596.93,653.00,6,736.51
12480.00,4_777,632.50,659.00,617.75,562.00,4,629.86
12481.00,4_793,635.50,649.00,596.93,551.00,3,621.39
12483.00,4_846,1041.00,219.00,596.93,151.00,1,187.53
12483.00,4_1926,21.00,699.00,607.65,589.00,3,663.80
12484.00,4_665,594.50,757.00,596.93,634.00,11,727.86
12484.00,4_821,634.50,639.00,617.75,528.00,5,606.38
12486.00,4_729,622.50,699.00,617.75,588.00,4,669.87
12488.00,4_679,598.50,750.00,596.93,618.00,6,715.44
12489.00,4_690,604.00,740.00,586.83,614.00,8,710.24
12491.00,4_756,634.00,679.00,617.75,574.00,4,640.65
12492.00,4_856,1042.00,222.00,596.93,147.00,1,190.49
12494.00,4_696,610.00,736.00,596.93,605.00,6,707.77
12494.00,4_761,635.50,678.00,617.75,579.00,4,638.18
12497.00,4_872,1047.00,214.00,617.75,151.00,1,174.34
12497.00,4_878,1050.00,208.00,596.93,142.00,3,176.37
12498.00,4_815,636.50,654.00,617.75,552.00,4,618.90
12500.00,4_795,637.50,665.00,617.75,550.00,6,634.51
12502.00,4_704,610.00,740.00,596.93,603.00,5,704.03
12502.00,4_814,636.00,659.00,617.75,545.00,6,623.65
12503.00,4_718,625.00,719.00,596.93,586.00,4,687.30
12503.00,4_836,885.00,400.00,617.75,298.00,3,367.57
12505.00,4_737,628.50,708.00,596.93,583.00,4,675.64
12507.00,4_735,623.50,716.00,596.93,589.00,5,687.47
12507.00,4_949,1190.50,42.00,615.10,0.00,0,6.70
12508.00,4_844,1039.00,247.00,617.75,157.00,1,208.35
12509.00,4_845,1039.50,247.00,617.75,158.00,2,214.09
12511.00,4_853,1042.50,242.00,617.75,158.00,1,205.88
12512.00,4_745,633.50,706.00,596.93,576.00,5,671.12
12513.00,4_870,1046.00,232.00,617.75,151.00,1,201.44
12514.00,4_892,1196.00,72.00,617.75,0.00,0,41.56
12515.00,4_782,632.00,692.00,596.93,562.00,4,654.85
12518.00,4_811,634.50,678.00,596.93,548.00,4,641.23
12518.00,4_899,1194.50,74.00,617.75,0.00,0,41.76
12521.00,4_903,1194.50,75.00,617.75,0.00,0,40.20
12522.00,4_1777,418.50,415.00,596.93,327.00,2,384.23
12524.00,4_1630,335.00,574.00,617.75,465.00,5,543.20
12525.00,4_1795,420.50,407.00,586.83,324.00,2,375.17
12525.00,4_1883,570.50,213.00,615.10,164.00,1,177.58
12527.00,4_1884,573.00,212.00,615.10,164.00,1,178.60
12528.00,4_1886,575.00,210.00,615.10,162.00,1,176.17
12529.00,4_1641,336.50,572.00,617.75,457.00,3,536.40
12529.00,4_1814,423.00,399.00,596.93,316.00,2,365.45
12530.00,4_1865,567.50,230.00,596.93,162.00,1,200.09
12530.00,4_1910,573.00,202.00,615.10,154.00,1,172.30
12531.00,4_1644,339.00,570.00,617.75,450.00,3,536.47
12531.00,4_1934,569.00,195.00,615.10,149.00,1,165.13
12532.00,4_1646,339.00,570.00,617.75,450.00,6,542.19
12533.00,4_1869,567.50,231.00,596.93,163.00,1,199.18
12534.00,4_1656,339.00,567.00,617.75,446.00,4,534.50
12534.00,4_1938,571.00,194.00,615.10,145.00,1,160.26
12536.00,4_1944,571.00,193.00,596.93,142.00,1,159.49
12536.00,4_1987,574.50,168.00,615.10,117.00,1,132.23
12538.00,4_1949,571.50,192.00,596.93,140.00,1,160.00
12538.00,4_1991,575.50,167.00,615.10,116.00,1,137.62
12539.00,4_1674,344.00,558.00,617.75,435.00,5,519.65
12539.00,4_1995,576.50,165.00,615.10,115.00,1,133.65
12541.00,4_1683,346.50,553.00,617.75,429.00,4,523.58
12541.00,4_1955,572.50,191.00,596.93,139.00,1,158.94
12541.00,4_1997,578.50,164.00,615.10,113.00,1,133.66
12542.00,4_1760,351.00,511.00,617.75,387.00,4,478.05
12546.00,4_807,851.50,491.00,596.93,426.00,3,460.26
12548.00,4_498,680.00,819.00,596.93,705.00,7,788.26
12548.00,4_730,843.00,540.00,617.75,462.00,3,506.84
12548.00,4_851,882.50,440.00,615.10,384.00,2,403.94
12550.00,4_702,846.00,553.00,607.65,480.00,4,518.19
12550.00,4_865,886.50,431.00,615.10,374.00,2,398.71
12551.00,4_868,891.00,426.00,615.10,370.00,2,393.75
12552.00,4_514,686.00,809.00,596.93,688.00,6,777.02
12552.00,4_767,849.50,519.00,617.75,441.00,3,485.89
12553.00,4_874,893.00,423.00,615.10,364.00,2,390.83
12554.00,4_721,840.50,553.00,617.75,471.00,5,523.87
12555.00,4_890,894.00,416.00,615.10,358.00,2,383.14
12556.00,4_915,896.50,402.00,615.10,343.00,2,377.47
12557.00,4_818,852.00,496.00,596.93,429.00,3,465.69
12558.00,4_723,841.50,555.00,617.75,467.00,4,519.19
12561.00,4_585,819.50,649.00,596.93,549.00,7,604.85
12562.00,4_1986,520.00,249.00,596.93,184.00,2,219.19
12564.00,4_1988,523.00,247.00,596.93,181.00,2,218.69
12564.00,4_2076,548.00,178.00,615.10,132.00,1,145.30
12564.00,4_2088,551.00,169.00,615.10,124.00,1,137.60
12566.00,4_2091,552.50,168.00,617.75,122.00,1,136.51
12567.00,4_1992,524.00,247.00,596.93,176.00,2,217.03
12568.00,4_2104,561.00,155.00,615.10,105.00,1,118.01
12569.00,4_2097,552.50,168.00,617.75,120.00,1,136.89
12569.00,4_2119,565.50,144.00,615.10,96.00,1,113.14
12571.00,4_2132,565.00,140.00,615.10,90.00,1,108.88
12572.00,4_2003,527.50,243.00,596.93,169.00,2,207.98
12572.00,4_2100,554.00,168.00,617.75,118.00,1,134.10
12573.00,4_2149,568.50,130.00,615.10,75.00,1,93.73
12574.00,4_2004,530.00,242.00,596.93,167.00,2,209.46
12574.00,4_2107,562.50,158.00,617.75,110.00,1,127.34
12574.00,4_2152,573.00,125.00,615.10,72.00,1,98.23
12576.00,4_2021,530.50,235.00,596.93,160.00,2,203.43
12576.00,4_2125,565.50,148.00,617.75,98.00,1,119.04
12576.00,4_2181,576.50,109.00,615.10,56.00,1,74.17
12577.00,4_2024,532.00,233.00,596.93,158.00,2,204.91
12577.00,4_2184,581.00,104.00,615.10,50.00,1,71.05
12579.00,4_2192,580.00,103.00,615.10,51.00,2,74.70
12580.00,4_2030,532.00,233.00,596.93,154.00,2,202.31
12581.00,4_2211,579.50,96.00,615.10,45.00,1,65.15
12582.00,4_2133,567.50,148.00,617.75,93.00,1,110.13
12582.00,4_2240,588.00,74.00,615.10,23.00,1,43.27
12583.00,4_2162,574.00,128.00,617.75,75.00,1,96.81
12583.00,4_3105,3.50,227.00,586.83,148.00,2,196.38
12584.00,4_2252,590.00,68.00,615.10,20.00,1,36.85
12584.00,4_2278,588.00,57.00,615.10,8.00,1,27.92
12585.00,4_2044,540.00,223.00,596.93,144.00,2,192.87
12586.00,4_2165,575.50,128.00,617.75,73.00,1,94.42
12589.00,4_2045,542.50,224.00,596.93,141.00,2,190.73
12590.00,4_2177,575.50,126.00,617.75,67.00,1,87.50
12591.00,4_2046,545.00,223.00,596.93,141.00,2,190.11
12592.00,4_2201,577.50,114.00,617.75,52.00,2,81.23
12592.00,4_2315,588.50,46.00,615.10,0.00,0,15.13
12594.00,4_2215,580.50,106.00,617.75,47.00,1,72.61
12595.00,4_2217,585.50,101.00,617.75,43.00,1,70.44
12596.00,4_2060,541.00,225.00,596.93,137.00,2,189.53
12597.00,4_2074,543.00,217.00,596.93,130.00,1,183.33
12597.00,4_2235,584.50,95.00,617.75,35.00,1,60.42
12599.00,4_2080,549.00,210.00,596.93,130.00,1,181.23
12599.00,4_2245,591.50,85.00,617.75,26.00,1,54.46
12601.00,4_2082,551.00,209.00,596.93,129.00,1,176.82
12603.00,4_2258,593.00,81.00,617.75,20.00,1,44.69
12605.00,4_2101,556.50,198.00,596.93,129.00,2,163.50
12605.00,4_2287,586.50,75.00,617.75,12.00,1,44.95
12606.00,4_2102,559.00,196.00,596.93,130.00,1,166.15
12608.00,4_2108,565.00,189.00,586.83,127.00,1,157.68
12609.00,4_2292,589.00,74.00,617.75,9.00,1,35.55
12611.00,4_2118,563.00,189.00,596.93,127.00,1,158.24
12611.00,4_2321,586.50,64.00,617.75,0.00,0,32.18
12612.00,4_2327,586.50,62.00,617.75,0.00,0,30.40
12612.00,4_2336,603.00,41.00,615.10,0.00,0,12.88
12613.00,4_2216,583.00,122.00,596.93,64.00,1,93.78
12615.00,4_2220,589.00,116.00,596.93,55.00,1,86.89
12615.00,4_2335,601.50,46.00,617.75,0.00,0,12.29
12621.00,4_2267,590.50,97.00,596.93,35.00,1,61.36
12622.00,4_2341,605.50,46.00,617.75,0.00,0,6.91
12623.00,4_2304,591.00,80.00,596.93,18.00,1,43.64
12624.00,4_2139,567.50,187.00,586.83,119.00,4,154.48
12624.00,4_2350,609.00,40.00,615.10,0.00,0,5.53
12629.00,4_2157,573.50,177.00,596.93,106.00,3,140.58
12634.00,4_2151,570.50,188.00,596.93,106.00,2,154.47
12634.00,4_2362,607.00,46.00,617.75,0.00,0,16.64
12635.00,4_2144,568.00,195.00,596.93,112.00,3,152.54
12636.00,4_2167,577.50,175.00,596.93,93.00,1,143.13
12636.00,4_2371,613.50,37.00,615.10,0.00,0,9.17
12638.00,4_2182,579.00,168.00,596.93,88.00,3,137.15
12638.00,4_2355,607.50,53.00,617.75,0.00,0,9.80
12638.00,4_2365,611.50,44.00,617.75,0.00,0,12.30
12640.00,4_2205,579.50,158.00,596.93,76.00,4,126.50
12642.00,4_2218,587.00,146.00,596.93,60.00,1,119.13
12644.00,4_2243,589.50,133.00,596.93,45.00,1,103.45
12645.00,4_2373,619.50,39.00,617.75,0.00,0,8.41
12649.00,4_2238,586.00,144.00,596.93,58.00,2,109.78
12650.00,4_2257,590.50,131.00,596.93,44.00,2,101.04
12650.00,4_2372,617.00,47.00,615.10,0.00,0,5.66
12653.00,4_2374,622.00,44.00,617.75,0.00,0,6.64
12656.00,4_908,1195.00,207.00,617.75,132.00,1,175.65
12656.00,4_970,1192.00,179.00,615.10,132.00,1,146.99
12657.00,4_2062,6.00,820.00,586.83,688.00,6,785.48
12658.00,4_822,638.00,809.00,596.93,675.00,6,779.94
12658.00,4_979,1197.50,171.00,615.10,125.00,1,137.60
12659.00,4_914,1197.00,205.00,617.75,130.00,1,170.74
12660.00,4_839,888.50,552.00,596.93,433.00,4,521.88
12660.00,4_1027,1195.50,151.00,615.10,97.00,1,117.45
12661.00,4_1061,1187.50,143.00,615.10,95.00,1,109.79
12662.00,4_917,1196.50,207.00,617.75,129.00,1,173.72
12662.00,4_2459,239.50,393.00,586.83,282.00,3,362.74
12664.00,4_922,1196.00,207.00,617.75,129.00,2,173.11
12665.00,4_1092,1182.00,137.00,615.10,87.00,1,99.62
12665.00,4_2832,69.00,380.00,586.83,277.00,2,350.27
12666.00,4_925,1197.50,206.00,617.75,127.00,1,174.23
12666.00,4_1094,1187.00,132.00,615.10,84.00,1,95.92
12668.00,4_953,1190.50,201.00,617.75,127.00,1,169.99
12669.00,4_860,1045.00,394.00,596.93,283.00,3,359.22
12670.00,4_1095,1189.50,133.00,615.10,81.00,1,92.63
12671.00,4_1101,1189.50,131.00,615.10,79.00,1,99.73
12671.00,4_2955,11.50,382.00,586.83,277.00,3,354.96
12672.00,4_891,1052.50,374.00,596.93,271.00,3,344.98
12673.00,4_961,1190.50,202.00,617.75,127.00,1,166.44
12673.00,4_1103,1191.50,130.00,615.10,78.00,1,98.38
12674.00,4_964,1190.00,202.00,617.75,126.00,1,167.66
12674.00,4_1122,1185.00,128.00,615.10,77.00,1,96.22
12674.00,4_3270,9.00,230.00,586.83,130.00,2,201.31
12676.00,4_974,1196.00,193.00,617.75,126.00,1,163.58
12676.00,4_1136,1181.00,127.00,615.10,75.00,1,94.25
12678.00,4_910,1196.00,227.00,596.93,128.00,1,194.40
12678.00,4_1149,1181.50,122.00,615.10,70.00,1,83.46
12679.00,4_975,1197.50,194.00,617.75,126.00,1,159.69
12680.00,4_1152,1185.00,119.00,615.10,67.00,1,81.84
12680.00,4_1154,1187.00,116.00,615.10,65.00,1,82.23
12681.00,4_946,1189.00,219.00,596.93,128.00,1,186.62
12681.00,4_1156,1189.00,114.00,615.10,63.00,1,82.29
12682.00,4_956,1190.00,214.00,596.93,128.00,1,185.07
12682.00,4_981,1199.50,192.00,617.75,125.00,1,155.93
12683.00,4_1170,1191.00,107.00,615.10,56.00,1,73.45
12685.00,4_967,1190.50,211.00,596.93,127.00,1,179.31
12686.00,4_984,1200.00,194.00,617.75,123.00,1,154.35
12686.00,4_1180,1195.00,101.00,615.10,50.00,1,63.07
12687.00,4_995,1196.50,193.00,617.75,123.00,1,157.93
12688.00,4_1183,1196.50,100.00,615.10,49.00,1,69.28
12689.00,4_998,1197.00,193.00,617.75,122.00,1,159.36
12689.00,4_1199,1202.50,87.00,615.10,35.00,1,55.26
12690.00,4_973,1193.50,210.00,596.93,127.00,1,173.65
12693.00,4_1958,575.00,339.00,596.93,283.00,2,307.56
12694.00,4_1789,417.50,582.00,617.75,473.00,5,550.86
12694.00,4_2018,577.00,308.00,615.10,251.00,2,275.50
12695.00,4_3188,0.00,301.00,605.00,246.00,2,272.16
12697.00,4_1962,577.00,339.00,596.93,280.00,2,304.49
12697.00,4_2036,586.00,293.00,615.10,236.00,2,260.98
12698.00,4_1979,572.50,336.00,596.93,276.00,2,304.19
12700.00,4_2016,575.00,317.00,596.93,259.00,2,288.02
12700.00,4_2054,588.00,285.00,615.10,228.00,2,251.52
12701.00,4_1793,416.50,588.00,617.75,469.00,5,548.15
12701.00,4_1800,423.00,578.00,617.75,465.00,7,546.88
12701.00,4_2113,585.50,259.00,615.10,202.00,2,225.99
12703.00,4_1825,420.50,570.00,617.75,454.00,6,537.58
12703.00,4_2029,579.50,309.00,596.93,245.00,2,277.85
12703.00,4_2114,588.00,258.00,615.10,202.00,2,225.12
12705.00,4_1872,570.00,399.00,617.75,304.00,2,364.98
12706.00,4_1873,570.50,399.00,617.75,301.00,2,367.08
12706.00,4_2115,590.50,258.00,615.10,198.00,2,222.28
12707.00,4_2033,578.50,312.00,596.93,244.00,2,277.14
12707.00,4_2148,597.00,236.00,615.10,168.00,2,205.82
12708.00,4_2034,581.00,310.00,596.93,242.00,2,278.89
12709.00,4_1874,572.00,400.00,617.75,300.00,2,368.69
12712.00,4_2128,594.00,254.00,605.00,191.00,2,222.10
12712.00,4_2159,595.50,237.00,615.10,166.00,2,197.47
12714.00,4_2035,583.50,313.00,596.93,241.00,2,275.36
12715.00,4_2142,596.00,248.00,615.10,189.00,2,213.00
12716.00,4_1878,572.00,405.00,617.75,305.00,2,370.98
12716.00,4_2047,584.50,308.00,596.93,235.00,2,275.00
12716.00,4_2186,599.00,224.00,615.10,157.00,2,195.14
12718.00,4_2190,603.00,220.00,615.10,154.00,2,186.94
12719.00,4_2056,593.00,298.00,617.75,227.00,2,252.68
12719.00,4_2073,588.50,294.00,617.75,228.00,2,259.20
12720.00,4_2197,605.50,216.00,615.10,148.00,2,184.86
12721.00,4_1891,575.50,400.00,617.75,308.00,2,369.18
12722.00,4_2049,586.50,311.00,596.93,233.00,2,268.97
12722.00,4_2213,608.50,207.00,615.10,141.00,2,172.48
12723.00,4_2055,590.50,305.00,596.93,227.00,2,266.83
12723.00,4_2223,607.50,204.00,615.10,138.00,2,172.33
12724.00,4_2070,587.00,302.00,596.93,224.00,2,273.20
12725.00,4_2078,587.00,299.00,617.75,231.00,2,265.95
12725.00,4_2081,588.50,296.00,596.93,220.00,2,267.27
12725.00,4_2183,597.50,236.00,615.10,163.00,3,209.22
12726.00,4_2236,632.00,176.00,615.10,119.00,2,145.03
12727.00,4_2094,585.00,295.00,596.93,217.00,2,267.09
12727.00,4_2129,596.50,266.00,617.75,193.00,2,223.73
12728.00,4_1894,575.00,406.00,617.75,311.00,2,378.15
12729.00,4_2111,583.50,290.00,596.93,214.00,2,258.91
12730.00,4_2099,585.50,295.00,617.75,226.00,2,265.52
12731.00,4_2121,590.50,280.00,596.93,201.00,2,250.31
12731.00,4_2249,634.50,172.00,615.10,121.00,2,142.51
12734.00,4_1897,575.50,410.00,617.75,313.00,3,373.77
12734.00,4_2124,593.00,279.00,596.93,200.00,2,248.53
12736.00,4_2105,583.50,300.00,617.75,227.00,2,268.01
12736.00,4_2251,639.50,171.00,615.10,117.00,2,144.74
12737.00,4_2137,595.50,273.00,596.93,192.00,2,241.52
12739.00,4_1909,570.50,414.00,617.75,313.00,2,376.66
12740.00,4_1911,575.50,409.00,617.75,314.00,2,377.67
12740.00,4_2169,593.50,262.00,596.93,181.00,2,230.59
12742.00,4_1918,573.00,410.00,617.75,314.00,2,375.62
12742.00,4_2176,597.00,257.00,596.93,177.00,2,225.06
12745.00,4_2206,605.00,237.00,596.93,150.00,3,205.62
12746.00,4_2123,592.50,292.00,617.75,217.00,2,253.85
12748.00,4_2241,635.50,192.00,617.75,122.00,2,161.53
12749.00,4_2170,596.00,268.00,617.75,210.00,2,238.50
12749.00,4_2224,610.00,227.00,596.93,138.00,2,191.24
12750.00,4_2233,616.50,217.00,596.93,134.00,2,185.37
12753.00,4_2237,634.50,200.00,596.93,123.00,1,167.99
12754.00,4_1919,574.50,420.00,617.75,318.00,3,382.03
12755.00,4_2172,596.00,273.00,617.75,211.00,2,240.70
12755.00,4_2188,601.00,260.00,615.10,194.00,2,230.20
12757.00,4_2178,599.00,269.00,617.75,209.00,2,237.28
12757.00,4_2250,637.00,195.00,596.93,123.00,1,158.78
12758.00,4_2193,604.50,257.00,615.10,191.00,3,224.09
12758.00,4_2199,607.50,251.00,617.75,177.00,3,220.85
12759.00,4_2261,638.50,190.00,596.93,114.00,1,159.15
12766.00,4_731,844.50,756.00,617.75,660.00,4,722.77
12766.00,4_944,896.00,598.00,615.10,531.00,3,563.87
12768.00,4_604,823.00,843.00,596.93,755.00,5,803.29
12768.00,4_738,845.00,754.00,617.75,657.00,4,721.03
12769.00,4_610,826.00,838.00,596.93,750.00,4,806.02
12769.00,4_982,897.00,581.00,615.10,512.00,3,551.32
12770.00,4_620,827.00,833.00,596.93,746.00,4,804.91
12771.00,4_960,897.00,594.00,615.10,521.00,4,552.39
12772.00,4_744,845.00,755.00,617.75,655.00,4,719.33
12772.00,4_997,896.50,577.00,615.10,504.00,3,540.64
12773.00,4_633,828.50,828.00,596.93,738.00,4,793.86
12774.00,4_749,847.50,752.00,617.75,649.00,4,718.33
12774.00,4_1020,1095.00,369.00,615.10,312.00,2,341.35
12776.00,4_779,850.50,736.00,617.75,630.00,4,701.58
12777.00,4_636,830.00,829.00,596.93,735.00,4,792.52
12778.00,4_656,839.00,811.00,596.93,717.00,4,783.32
12778.00,4_780,851.00,737.00,617.75,626.00,4,705.98
12779.00,4_1024,1094.00,373.00,617.75,317.00,2,345.04
12781.00,4_962,899.00,601.00,617.75,535.00,4,573.05
12782.00,4_657,841.50,812.00,596.93,716.00,4,776.82
12784.00,4_824,854.00,718.00,617.75,610.00,5,688.17
12785.00,4_966,898.00,604.00,596.93,527.00,4,567.68
12786.00,4_670,843.00,808.00,586.83,712.00,4,777.41
12786.00,4_840,862.00,704.00,617.75,597.00,3,673.64
12788.00,4_1015,1089.50,391.00,596.93,327.00,3,361.43
12789.00,4_849,878.50,686.00,617.75,595.00,3,654.05
12790.00,4_864,885.00,673.00,617.75,592.00,3,642.73
12791.00,4_684,844.00,805.00,596.93,709.00,4,771.97
12794.00,4_697,845.50,800.00,596.93,702.00,4,767.21
12796.00,4_747,845.50,777.00,596.93,679.00,4,746.40
12797.00,4_871,892.50,669.00,617.75,584.00,3,631.18
12798.00,4_757,845.50,774.00,596.93,670.00,4,741.18
12799.00,4_883,894.50,663.00,617.75,574.00,3,627.16
12800.00,4_895,894.50,658.00,617.75,569.00,3,631.35
12801.00,4_766,847.00,771.00,596.93,667.00,5,739.50
12803.00,4_837,860.50,724.00,596.93,622.00,4,690.86
12803.00,4_897,894.50,660.00,617.75,568.00,3,626.32
12808.00,4_791,850.50,762.00,596.93,652.00,5,727.15
12808.00,4_901,897.50,660.00,617.75,564.00,3,622.32
12809.00,4_809,853.50,751.00,596.93,640.00,5,723.54
12810.00,4_905,897.50,660.00,617.75,566.00,4,628.89
12811.00,4_927,893.50,654.00,617.75,559.00,3,620.36
12813.00,4_832,857.00,740.00,596.93,624.00,6,705.01
12814.00,4_940,894.00,650.00,617.75,553.00,4,613.84
12815.00,4_842,863.00,731.00,596.93,618.00,7,699.02
12816.00,4_1019,1092.50,414.00,617.75,345.00,2,385.90
12817.00,4_850,880.00,712.00,596.93,600.00,5,678.13
12820.00,4_948,897.00,649.00,617.75,549.00,4,613.10
12822.00,4_958,893.00,650.00,617.75,547.00,5,613.41
12824.00,4_959,894.50,650.00,617.75,541.00,3,621.33
12824.00,4_994,895.00,632.00,596.93,535.00,3,599.65
12826.00,4_943,893.50,661.00,596.93,568.00,3,616.31
12827.00,4_852,885.00,716.00,596.93,597.00,4,683.35
12827.00,4_978,895.00,643.00,617.75,538.00,3,608.24
12828.00,4_1028,1095.00,419.00,596.93,336.00,2,392.30
12829.00,4_987,897.50,638.00,617.75,534.00,4,606.74
12830.00,4_863,882.50,716.00,596.93,597.00,5,684.51
12832.00,4_1010,1090.00,437.00,617.75,348.00,3,403.18
12834.00,4_1016,1093.00,433.00,617.75,342.00,2,399.45
12835.00,4_1034,1252.00,266.00,596.93,185.00,1,230.91
12836.00,4_1029,1247.50,274.00,617.75,197.00,3,244.32
12836.00,4_1041,1257.50,258.00,596.93,182.00,2,228.68
12836.00,4_1060,1451.00,55.00,615.10,0.00,0,15.00
12838.00,4_1059,1448.50,60.00,615.10,0.00,0,25.34
12839.00,4_1069,1450.50,54.00,615.10,0.00,0,20.72
12841.00,4_1030,1249.00,277.00,617.75,195.00,1,240.50
12841.00,4_1073,1451.50,53.00,615.10,0.00,0,19.24
12842.00,4_867,888.50,720.00,596.93,598.00,6,680.42
12843.00,4_881,892.50,710.00,596.93,597.00,5,680.30
12843.00,4_1053,1263.50,253.00,617.75,173.00,1,223.57
12843.00,4_1080,1458.00,45.00,615.10,0.00,0,6.29
12845.00,4_898,896.00,700.00,596.93,585.00,4,665.45
12845.00,4_1054,1264.00,254.00,617.75,173.00,1,222.47
12845.00,5_526,44.20,43.00,605.00,0.00,0,9.70
12847.00,4_912,895.00,696.00,596.93,580.00,3,666.44
12847.00,5_66,164.20,63.00,607.65,0.00,0,33.58
12849.00,4_1066,1451.00,65.00,617.75,0.00,0,34.22
12850.00,4_929,893.50,692.00,596.93,573.00,3,658.68
12851.00,4_1100,1459.00,42.00,615.10,0.00,0,9.63
12852.00,4_931,895.50,691.00,596.93,577.00,3,659.29
12854.00,4_1075,1453.50,63.00,617.75,0.00,0,28.06
12855.00,5_146,149.20,62.00,607.65,0.00,0,31.71
12857.00,4_980,895.00,672.00,596.93,544.00,4,633.66
12859.00,4_1007,892.50,663.00,596.93,536.00,5,629.42
12860.00,4_1031,1250.50,294.00,596.93,187.00,1,264.68
12860.00,4_1079,1456.50,64.00,617.75,0.00,0,25.94
12862.00,4_1039,1254.50,288.00,596.93,184.00,1,259.48
12862.00,4_1085,1456.50,63.00,617.75,0.00,0,32.61
12864.00,4_1044,1262.00,280.00,596.93,179.00,1,251.27
12864.00,4_1123,1459.50,43.00,617.75,0.00,0,10.29
12864.00,4_1129,1459.50,40.00,615.10,0.00,0,6.92
12867.00,5_722,6.40,44.00,607.65,0.00,0,8.27
12869.00,4_1042,1260.00,288.00,596.93,184.00,3,252.33
12869.00,4_1125,1460.50,46.00,617.75,0.00,0,12.75
12870.00,4_1055,1266.50,276.00,596.93,179.00,2,245.77
12871.00,4_1132,1461.00,44.00,615.10,0.00,0,5.83
12871.00,4_1135,1462.50,41.00,615.10,0.00,0,8.72
12874.00,4_1078,1454.00,81.00,596.93,0.00,0,44.57
12877.00,4_2296,589.00,340.00,596.93,248.00,3,309.12
12878.00,4_2289,587.50,346.00,596.93,248.00,3,317.68
12879.00,4_2380,622.00,267.00,615.10,220.00,1,232.63
12879.00,4_2390,620.00,264.00,617.75,214.00,1,231.44
12880.00,4_2299,590.50,340.00,596.93,241.00,3,312.91
12880.00,4_2391,622.50,262.00,615.10,214.00,1,229.72
12881.00,4_2398,622.00,260.00,615.10,211.00,1,229.96
12882.00,4_2410,622.00,255.00,617.75,208.00,1,222.96
12882.00,4_2418,627.00,246.00,615.10,201.00,1,217.56
12883.00,4_2412,624.00,253.00,615.10,202.00,1,222.00
12884.00,4_2331,587.50,331.00,596.93,229.00,3,302.05
12884.00,4_2431,632.50,236.00,615.10,190.00,1,205.00
12886.00,4_2425,632.50,241.00,615.10,188.00,1,209.40
12889.00,4_2455,638.50,223.00,615.10,172.00,1,186.20
12890.00,4_2340,603.00,317.00,596.93,218.00,1,280.40
12890.00,4_2421,631.50,248.00,617.75,196.00,1,209.70
12891.00,4_2461,641.50,219.00,615.10,168.00,1,189.22
12892.00,4_2441,639.50,232.00,617.75,180.00,1,196.19
12892.00,4_2472,646.00,210.00,615.10,155.00,1,176.72
12893.00,4_2447,639.50,230.00,617.75,177.00,1,195.99
12894.00,4_2343,606.50,316.00,596.93,217.00,1,276.95
12894.00,4_2496,653.00,193.00,615.10,138.00,1,159.16
12896.00,4_2348,607.00,315.00,596.93,216.00,1,285.35
12896.00,4_2457,641.50,226.00,617.75,172.00,1,190.08
12896.00,4_2501,656.50,189.00,615.10,136.00,1,157.46
12897.00,4_2507,658.50,185.00,615.10,135.00,1,149.45
12898.00,4_2364,609.00,307.00,596.93,215.00,1,271.04
12899.00,4_2368,613.00,302.00,596.93,215.00,1,271.72
12899.00,4_2476,647.00,214.00,617.75,159.00,1,176.55
12899.00,4_2511,659.50,184.00,615.10,131.00,2,148.13
12900.00,4_2485,650.50,207.00,617.75,151.00,1,177.64
12901.00,4_2405,621.50,277.00,596.93,216.00,1,245.28
12901.00,4_2532,675.00,160.00,615.10,107.00,1,125.51
12902.00,4_2493,649.50,206.00,617.75,150.00,1,172.85
12904.00,4_2417,624.50,271.00,596.93,215.00,1,238.95
12904.00,4_2502,659.00,194.00,617.75,139.00,1,162.97
12905.00,4_2515,663.50,184.00,617.75,129.00,1,154.46
12905.00,4_2533,677.50,161.00,615.10,106.00,1,119.69
12907.00,4_2419,629.50,268.00,596.93,212.00,1,235.62
12907.00,4_2537,678.50,160.00,615.10,105.00,1,123.28
12908.00,5_544,0.80,144.00,605.00,91.00,1,117.13
12910.00,4_2517,664.50,187.00,617.75,127.00,1,151.47
12910.00,4_2560,688.00,142.00,615.10,86.00,1,113.31
12911.00,4_2436,633.00,260.00,596.93,198.00,1,223.58
12911.00,4_2524,672.00,177.00,617.75,120.00,1,142.34
12911.00,4_2569,694.50,132.00,615.10,78.00,1,102.33
12913.00,4_2575,697.50,128.00,615.10,74.00,1,94.71
12914.00,4_2556,681.00,155.00,615.10,99.00,1,126.34
12915.00,4_2439,634.50,261.00,596.93,197.00,1,222.81
12915.00,4_2588,696.00,125.00,615.10,72.00,1,93.71
12916.00,4_2440,637.00,259.00,596.93,196.00,1,229.07
12916.00,4_2530,674.00,177.00,617.75,115.00,1,139.78
12916.00,4_2591,697.50,123.00,615.10,69.00,1,90.86
12918.00,4_2612,696.00,116.00,615.10,62.00,1,84.37
12919.00,4_2464,644.00,243.00,596.93,179.00,1,208.17
12919.00,4_2615,698.50,113.00,615.10,60.00,1,79.42
12920.00,4_2557,683.50,158.00,617.75,97.00,1,122.30
12921.00,4_2465,646.50,242.00,596.93,178.00,1,212.24
12921.00,4_2624,697.00,112.00,615.10,59.00,1,82.10
12922.00,4_2563,692.50,148.00,615.10,85.00,1,113.55
12923.00,4_2482,647.00,235.00,596.93,172.00,1,203.68
12923.00,4_2632,704.00,103.00,615.10,49.00,1,73.86
12924.00,4_2483,649.50,233.00,596.93,170.00,1,203.07
12924.00,4_2643,704.50,98.00,615.10,46.00,1,68.26
12925.00,4_2564,695.00,148.00,617.75,84.00,1,111.82
12926.00,4_2650,706.00,95.00,615.10,42.00,1,63.42
12927.00,4_2655,710.50,89.00,615.10,35.00,1,60.07
12927.00,5_587,2.90,148.00,607.65,82.00,1,117.32
12929.00,4_2495,650.50,231.00,596.93,162.00,1,196.56
12929.00,4_2572,697.00,146.00,617.75,80.00,1,114.92
12929.00,4_2666,713.00,83.00,615.10,29.00,1,53.08
12930.00,4_2500,654.00,226.00,596.93,159.00,1,194.59
12931.00,4_2584,696.00,143.00,617.75,78.00,1,112.20
12932.00,4_2512,662.00,214.00,596.93,147.00,1,183.92
12932.00,4_2677,711.50,82.00,615.10,28.00,1,48.68
12933.00,4_2597,697.50,137.00,617.75,70.00,1,104.15
12933.00,4_2684,717.00,74.00,615.10,21.00,1,44.54
12934.00,4_2518,666.00,209.00,596.93,142.00,1,179.70
12935.00,4_2603,696.50,137.00,617.75,70.00,1,105.19
12937.00,4_2610,695.00,137.00,617.75,69.00,1,104.26
12938.00,4_2520,668.00,210.00,596.93,139.00,1,177.59
12939.00,4_2614,698.00,134.00,617.75,67.00,1,105.50
12940.00,4_2522,670.00,209.00,596.93,137.00,1,177.41
12942.00,4_2631,702.50,124.00,617.75,57.00,1,91.03
12943.00,4_2525,673.50,207.00,596.93,135.00,1,174.50
12945.00,4_2641,702.50,122.00,617.75,53.00,1,87.83
12947.00,4_2637,703.50,125.00,617.75,52.00,1,93.52
12947.00,4_2679,713.50,94.00,596.93,31.00,2,58.25
12949.00,4_2542,679.00,199.00,596.93,122.00,1,166.00
12950.00,4_2714,750.00,43.00,615.10,0.00,0,6.35
12951.00,4_2673,710.50,104.00,617.75,29.00,1,68.91
12952.00,4_2711,749.50,47.00,617.75,0.00,0,15.53
12953.00,4_2543,681.50,200.00,596.93,122.00,1,163.57
12954.00,4_2645,706.50,125.00,617.75,49.00,2,92.17
12956.00,4_2547,682.50,200.00,596.93,120.00,1,163.77
12956.00,4_2653,710.50,119.00,617.75,41.00,2,88.95
12958.00,4_2559,684.50,194.00,596.93,113.00,1,161.94
12959.00,4_2647,706.50,129.00,617.75,50.00,2,97.10
12962.00,4_1201,1207.50,354.00,615.10,300.00,2,326.64
12965.00,4_1004,1196.00,467.00,596.93,396.00,2,432.50
12966.00,4_1214,1205.00,354.00,615.10,297.00,2,321.13
12967.00,4_1005,1198.50,466.00,617.75,393.00,2,428.06
12968.00,4_1012,1197.00,465.00,596.93,395.00,2,429.52
12968.00,4_1243,1203.50,343.00,615.10,282.00,2,311.65
12969.00,4_1013,1199.50,463.00,596.93,393.00,2,435.50
12969.00,4_1038,1193.00,457.00,617.75,391.00,2,426.10
12969.00,5_107,0.90,336.00,605.00,276.00,2,304.82
12970.00,4_1045,1191.50,456.00,617.75,389.00,2,424.48
12971.00,4_1072,1187.00,448.00,596.93,381.00,2,419.47
12971.00,4_1279,1197.50,334.00,615.10,275.00,2,302.14
12972.00,4_1046,1193.00,456.00,617.75,387.00,2,423.56
12978.00,4_2269,637.50,406.00,596.93,328.00,2,372.20
12978.00,4_2281,640.50,397.00,615.10,326.00,2,366.10
12981.00,4_2227,611.50,456.00,617.75,369.00,4,417.64
12983.00,4_1935,571.50,644.00,617.75,534.00,5,611.08
12984.00,4_2221,607.50,466.00,617.75,386.00,5,432.18
12984.00,4_2279,638.50,406.00,596.93,327.00,2,375.47
12985.00,4_2273,638.50,410.00,596.93,327.00,2,370.36
12986.00,4_1951,573.50,637.00,617.75,530.00,4,605.55
12986.00,4_2295,642.50,396.00,615.10,312.00,3,359.14
12987.00,4_2311,745.50,286.00,615.10,209.00,4,250.49
12988.00,4_2285,641.50,404.00,596.93,324.00,2,368.23
12989.00,4_1956,575.00,636.00,617.75,529.00,5,599.86
12990.00,4_2212,606.00,478.00,617.75,402.00,4,448.00
12990.00,5_156,51.20,292.00,586.83,214.00,2,263.47
12992.00,4_2308,744.00,294.00,596.93,212.00,2,259.50
12993.00,4_2230,611.00,467.00,617.75,381.00,5,432.97
12996.00,4_1147,1465.50,157.00,615.10,113.00,1,130.00
12999.00,4_1146,1463.00,163.00,615.10,116.00,1,128.52
12999.00,5_441,65.70,201.00,586.83,120.00,1,165.68
13000.00,4_1097,1453.50,198.00,596.93,119.00,1,165.06
13002.00,4_1099,1456.50,196.00,596.93,119.00,1,165.08
13002.00,4_1161,1464.50,157.00,615.10,109.00,1,122.74
13002.00,4_1166,1468.00,151.00,615.10,100.00,1,122.05
13004.00,4_1164,1466.00,156.00,617.75,108.00,1,123.34
13005.00,4_1109,1457.50,193.00,596.93,118.00,1,161.35
13006.00,4_1174,1473.00,146.00,617.75,98.00,1,112.50
13007.00,4_1173,1470.50,150.00,615.10,95.00,1,108.08
13007.00,4_1191,1470.50,141.00,617.75,94.00,1,109.96
13008.00,4_1117,1456.50,193.00,596.93,118.00,1,160.45
13008.00,4_1177,1474.50,145.00,615.10,93.00,1,106.80
13009.00,4_1197,1476.50,134.00,615.10,80.00,1,100.05
13011.00,4_1121,1457.50,193.00,596.93,118.00,1,159.13
13011.00,4_1198,1479.00,133.00,617.75,82.00,1,99.74
13011.00,4_1206,1481.00,127.00,615.10,71.00,2,100.28
13012.00,4_1208,1483.00,125.00,615.10,73.00,1,92.92
13012.00,4_1222,1485.00,116.00,615.10,64.00,1,85.15
13013.00,4_1138,1464.00,180.00,596.93,117.00,1,146.87
13014.00,4_1227,1485.50,115.00,615.10,63.00,1,86.16
13015.00,4_1159,1462.50,173.00,596.93,116.00,1,144.22
13015.00,4_1210,1485.00,125.00,615.10,71.00,1,89.36
13016.00,4_1167,1470.50,162.00,596.93,111.00,1,134.01
13016.00,4_1233,1485.50,114.00,615.10,62.00,1,84.31
13017.00,4_1220,1483.00,124.00,615.10,71.00,1,93.65
13017.00,4_1244,1485.00,110.00,617.75,56.00,1,79.17
13017.00,4_1248,1490.00,103.00,615.10,50.00,1,70.85
13019.00,4_1252,1492.00,101.00,615.10,47.00,1,63.57
13021.00,4_1255,1495.50,98.00,615.10,45.00,1,66.80
13022.00,4_1246,1488.00,111.00,617.75,56.00,1,77.84
13023.00,4_1193,1472.50,154.00,596.93,96.00,1,116.84
13024.00,4_1196,1474.00,152.00,596.93,96.00,1,123.02
13024.00,4_1250,1490.00,109.00,615.10,53.00,1,74.32
13025.00,4_1256,1498.00,99.00,615.10,42.00,1,55.48
13026.00,4_1260,1505.00,91.00,615.10,32.00,1,56.40
13027.00,4_1202,1480.00,146.00,596.93,88.00,1,112.24
13027.00,4_1253,1494.50,106.00,617.75,51.00,1,73.49
13027.00,4_1277,1511.50,77.00,615.10,20.00,1,48.65
13027.00,4_1281,1512.50,74.00,615.10,20.00,1,46.04
13028.00,4_1258,1503.00,96.00,615.10,40.00,1,63.64
13029.00,4_1289,1513.50,71.00,615.10,19.00,1,41.44
13030.00,4_1239,1484.50,126.00,596.93,65.00,1,90.73
13030.00,4_1276,1509.00,83.00,615.10,29.00,1,55.98
13030.00,4_1324,1516.00,52.00,615.10,2.00,1,22.54
13032.00,4_1268,1507.00,91.00,617.75,33.00,1,54.65
13032.00,4_1326,1518.00,51.00,615.10,0.00,0,19.67
13032.00,5_1020,8.00,118.00,586.83,58.00,1,83.75
13034.00,4_1257,1500.50,105.00,596.93,44.00,1,72.03
13040.00,4_2561,690.50,269.00,596.93,184.00,2,233.31
13040.00,4_2651,708.50,206.00,617.75,122.00,2,171.61
13041.00,4_2628,698.00,229.00,596.93,143.00,2,197.95
13042.00,4_2665,711.50,198.00,617.75,110.00,4,168.22
13042.00,4_2737,752.50,121.00,615.10,72.00,1,82.86
13043.00,4_2629,700.50,228.00,596.93,143.00,2,195.32
13043.00,4_2744,752.00,119.00,615.10,69.00,1,82.97
13044.00,4_2746,754.00,117.00,615.10,64.00,1,86.50
13045.00,4_2652,709.00,210.00,607.65,122.00,3,177.80
13046.00,4_2771,754.50,106.00,615.10,59.00,1,79.70
13047.00,4_2769,752.50,110.00,615.10,57.00,1,76.94
13048.00,4_2662,709.00,208.00,596.93,120.00,2,171.68
13048.00,4_2664,711.00,205.00,617.75,110.00,3,170.89
13049.00,4_2691,750.50,153.00,617.75,70.00,1,121.29
13049.00,4_2781,761.50,97.00,615.10,43.00,1,63.25
13050.00,5_823,-0.90,204.00,586.83,115.00,2,170.71
13051.00,4_2792,762.00,93.00,615.10,39.00,1,58.17
13053.00,4_2802,769.00,83.00,615.10,32.00,1,51.92
13054.00,4_2815,779.50,67.00,615.10,17.00,1,35.33
13055.00,4_2681,715.50,199.00,596.93,103.00,3,166.91
13055.00,4_2685,717.50,195.00,596.93,98.00,2,155.63
13055.00,4_2704,745.00,158.00,617.75,70.00,1,120.46
13056.00,4_2707,746.50,156.00,617.75,70.00,1,121.39
13056.00,4_2841,783.50,52.00,615.10,0.00,0,16.88
13057.00,4_2689,718.50,194.00,596.93,93.00,3,164.64
13058.00,4_2727,749.50,145.00,617.75,70.00,1,112.31
13058.00,4_2861,779.50,48.00,615.10,0.00,0,14.71
13060.00,4_2871,783.50,41.00,615.10,0.00,0,9.49
13062.00,4_2690,747.00,170.00,596.93,70.00,1,132.61
13062.00,4_2756,752.00,132.00,617.75,67.00,1,104.39
13063.00,4_2732,753.00,144.00,617.75,69.00,1,104.12
13065.00,4_2866,783.00,49.00,615.10,3.00,1,16.51
13068.00,4_2710,747.00,166.00,596.93,70.00,1,123.90
13068.00,4_2764,750.00,136.00,617.75,68.00,1,95.95
13068.00,5_940,28.00,158.00,586.83,68.00,1,122.38
13069.00,4_2786,762.00,114.00,617.75,54.00,1,79.61
13070.00,4_2716,752.00,160.00,596.93,68.00,1,122.88
13071.00,4_2806,773.00,95.00,617.75,36.00,1,63.88
13072.00,4_2729,751.50,156.00,596.93,69.00,1,125.99
13072.00,4_2807,774.50,94.00,617.75,35.00,1,60.69
13072.00,4_2882,789.00,42.00,615.10,0.00,0,6.30
13073.00,4_2766,751.00,139.00,596.93,68.00,1,108.53
13075.00,4_2809,778.50,92.00,617.75,32.00,1,59.00
13077.00,4_2811,779.50,92.00,617.75,30.00,1,58.51
13078.00,4_2772,757.00,135.00,596.93,67.00,1,99.05
13081.00,4_2774,759.00,135.00,596.93,67.00,1,99.27
13082.00,4_2776,761.00,133.00,596.93,66.00,1,101.16
13082.00,4_2825,783.50,86.00,617.75,22.00,1,47.83
13084.00,4_2794,764.00,123.00,596.93,57.00,1,92.40
13084.00,4_2837,783.50,82.00,617.75,16.00,1,49.36
13085.00,4_2880,788.00,57.00,617.75,0.00,0,25.68
13089.00,4_2797,765.50,125.00,596.93,55.00,1,88.94
13089.00,4_2894,792.00,50.00,617.75,0.00,0,15.19
13089.00,4_2911,786.50,47.00,615.10,0.00,0,4.97
13090.00,4_2917,789.50,42.00,617.75,0.00,0,10.16
13093.00,4_2918,791.00,43.00,617.75,0.00,0,12.39
13094.00,4_2799,767.50,127.00,596.93,52.00,1,86.35
13095.00,4_2804,771.00,122.00,596.93,49.00,1,86.57
13095.00,4_2921,791.50,43.00,617.75,0.00,0,11.03
13096.00,4_2931,791.50,39.00,605.00,0.00,0,7.01
13097.00,4_2808,776.00,117.00,596.93,45.00,1,89.11
13098.00,4_2817,781.50,108.00,596.93,36.00,1,78.88
13100.00,4_2818,784.00,107.00,596.93,36.00,1,78.27
13101.00,4_2833,782.50,102.00,596.93,29.00,1,72.75
13104.00,4_2926,792.00,49.00,617.75,0.00,0,6.83
13105.00,4_2941,795.50,39.00,615.10,0.00,0,12.00
13106.00,4_2851,781.50,99.00,596.93,24.00,1,65.17
13108.00,4_2863,781.50,95.00,596.93,19.00,1,62.81
13108.00,4_2940,793.00,45.00,617.75,0.00,0,7.24
13110.00,4_2874,785.00,88.00,596.93,13.00,1,58.55
13112.00,4_2879,785.50,87.00,596.93,9.00,1,57.71
13113.00,4_2946,799.00,41.00,617.75,0.00,0,6.89
13114.00,4_2951,799.50,39.00,617.75,0.00,0,9.23
13114.00,5_1582,0.40,39.00,605.00,0.00,0,5.92
13115.00,4_2884,791.00,82.00,596.93,4.00,1,49.62
13122.00,4_1093,1184.50,591.00,596.93,521.00,3,557.81
13122.00,4_1286,1198.00,481.00,615.10,415.00,3,448.75
13124.00,4_1062,1190.00,603.00,617.75,529.00,3,566.71
13124.00,4_1176,1191.00,545.00,596.93,470.00,3,514.99
13124.00,4_1314,1203.00,464.00,615.10,405.00,2,431.49
13125.00,4_1178,1193.00,543.00,596.93,467.00,3,514.99
13126.00,4_1083,1184.50,600.00,617.75,526.00,3,567.76
13126.00,4_1325,1206.50,457.00,615.10,399.00,2,427.30
13127.00,4_1333,1205.50,455.00,615.10,399.00,2,422.95
13128.00,4_1137,1183.50,576.00,617.75,496.00,3,541.92
13132.00,4_1144,1182.00,578.00,617.75,500.00,3,544.94
13132.00,4_1184,1199.00,541.00,596.93,460.00,3,503.60
13132.00,4_1322,1205.00,466.00,615.10,397.00,2,428.08
13133.00,4_1310,1202.00,476.00,617.75,409.00,2,436.32
13134.00,4_1188,1200.00,540.00,596.93,455.00,3,508.09
13134.00,4_1230,1205.00,514.00,617.75,445.00,3,486.78
13134.00,4_1337,1207.50,458.00,615.10,395.00,3,426.96
13135.00,4_1195,1201.50,536.00,596.93,452.00,3,507.23
13135.00,4_1341,1211.50,453.00,615.10,391.00,2,421.59
13136.00,4_1150,1184.00,577.00,617.75,498.00,3,545.06
13137.00,4_1200,1205.00,532.00,596.93,448.00,4,499.82
13137.00,4_1354,1209.00,451.00,615.10,389.00,2,418.78
13138.00,4_1157,1191.50,568.00,617.75,486.00,3,535.02
13140.00,4_1358,1213.00,448.00,615.10,382.00,2,408.46
13141.00,4_1272,1198.00,507.00,617.75,435.00,3,475.45
13141.00,4_1391,1208.50,437.00,615.10,374.00,2,404.50
13142.00,4_1216,1208.00,526.00,596.93,437.00,3,488.82
13143.00,4_1158,1192.00,572.00,617.75,489.00,3,540.40
13143.00,4_1242,1201.00,521.00,596.93,431.00,3,488.83
13143.00,4_1412,1207.00,430.00,615.10,365.00,2,397.54
13145.00,4_1287,1200.50,501.00,596.93,413.00,3,467.96
13145.00,4_1414,1209.00,429.00,615.10,363.00,2,395.08
13146.00,4_1313,1201.50,488.00,617.75,427.00,2,458.66
13146.00,4_1419,1212.50,424.00,615.10,358.00,2,391.04
13147.00,4_1296,1202.00,497.00,596.93,409.00,3,466.53
13147.00,4_1429,1213.50,419.00,615.10,354.00,2,383.91
13148.00,4_1295,1200.50,500.00,607.65,423.00,2,467.85
13149.00,5_446,0.20,415.00,605.00,349.00,2,378.42
13150.00,4_1298,1204.00,497.00,617.75,423.00,2,465.99
13151.00,4_1304,1202.00,497.00,596.93,404.00,3,462.94
13151.00,4_1449,1220.50,406.00,615.10,338.00,2,368.23
13153.00,4_1318,1204.00,490.00,596.93,402.00,2,459.00
13153.00,4_1453,1227.50,399.00,615.10,333.00,2,368.04
13154.00,4_1163,1191.50,581.00,617.75,498.00,3,549.07
13155.00,4_1338,1210.00,476.00,596.93,403.00,2,445.50
13156.00,4_1194,1200.00,559.00,617.75,477.00,3,528.98
13157.00,4_1356,1211.00,468.00,596.93,399.00,2,437.05
13159.00,4_1460,1230.00,399.00,615.10,349.00,1,366.10
13160.00,4_1381,1207.50,462.00,596.93,390.00,2,430.10
13161.00,4_1212,1205.00,550.00,617.75,463.00,2,512.53
13162.00,5_519,2.30,404.00,607.65,349.00,1,373.00
13164.00,4_1465,1231.50,400.00,615.10,346.00,1,360.27
13165.00,4_1215,1207.50,550.00,617.75,462.00,3,514.15
13165.00,4_1476,1233.00,394.00,615.10,342.00,1,364.55
13166.00,4_1221,1208.50,547.00,617.75,461.00,2,516.59
13166.00,4_1383,1209.50,465.00,596.93,387.00,4,427.63
13167.00,4_1509,1229.50,383.00,615.10,330.00,1,355.00
13168.00,4_1254,1201.00,540.00,617.75,450.00,2,508.45
13168.00,4_1407,1203.50,461.00,596.93,384.00,4,432.20
13169.00,4_1411,1204.50,459.00,596.93,379.00,3,427.37
13172.00,4_1259,1199.50,543.00,617.75,448.00,3,509.36
13173.00,4_1416,1211.00,454.00,596.93,373.00,4,418.77
13176.00,4_2297,645.50,582.00,596.93,500.00,4,553.15
13177.00,4_2354,759.00,441.00,615.10,372.00,2,410.77
13178.00,4_2303,645.50,581.00,617.75,495.00,8,551.49
13180.00,4_2312,755.00,469.00,596.93,391.00,2,436.33
13181.00,4_2376,765.00,428.00,615.10,371.00,2,392.13
13183.00,4_2316,756.00,469.00,596.93,388.00,2,435.94
13183.00,4_2359,759.50,444.00,615.10,378.00,3,409.04
13183.00,5_242,47.40,463.00,607.65,387.00,4,427.62
13185.00,4_2326,758.00,464.00,596.93,387.00,2,431.39
13185.00,4_2378,770.00,426.00,615.10,367.00,2,391.94
13186.00,4_1960,577.00,829.00,617.75,717.00,9,792.96
13186.00,4_2330,759.00,462.00,596.93,387.00,3,433.59
13187.00,5_563,1.10,417.00,605.00,357.00,2,382.24
13188.00,4_2305,648.50,587.00,617.75,490.00,8,556.29
13188.00,4_2345,760.50,455.00,596.93,386.00,3,425.33
13190.00,4_2147,596.50,720.00,617.75,619.00,6,686.09
13190.00,4_2414,778.00,405.00,615.10,344.00,2,375.94
13191.00,4_2397,771.50,421.00,615.10,353.00,2,380.41
13192.00,4_2363,760.50,450.00,596.93,378.00,3,417.82
13192.00,4_2481,781.50,370.00,617.75,340.00,1,347.22
13193.00,4_2332,761.00,466.00,617.75,384.00,2,432.13
13193.00,4_2427,774.50,405.00,615.10,343.00,2,370.77
13194.00,4_2450,781.00,388.00,615.10,324.00,2,358.73
13196.00,4_2478,777.00,380.00,615.10,323.00,2,348.25
13197.00,4_2291,641.50,610.00,617.75,505.00,7,571.16
13199.00,4_2339,760.50,469.00,617.75,384.00,2,437.13
13199.00,4_2377,767.50,443.00,596.93,367.00,2,410.16
13201.00,4_2208,607.00,690.00,617.75,580.00,8,654.56
13202.00,4_1964,579.00,841.00,617.75,718.00,7,810.09
13203.00,4_2382,771.00,441.00,596.93,366.00,2,406.37
13204.00,4_2370,765.00,454.00,596.93,370.00,3,404.87
13205.00,4_2386,773.00,439.00,596.93,361.00,2,405.02
13207.00,4_2155,596.50,733.00,617.75,618.00,6,696.37
13209.00,4_1984,573.00,844.00,617.75,721.00,5,810.55
13210.00,4_1985,573.50,844.00,617.75,720.00,5,812.64
13210.00,4_2399,774.50,436.00,596.93,357.00,2,397.40
13210.00,5_725,5.50,387.00,605.00,340.00,1,351.63
13211.00,4_2409,773.50,433.00,596.93,354.00,2,399.56
13211.00,4_2484,781.00,388.00,615.10,337.00,1,355.09
13212.00,4_3163,-0.50,831.00,607.65,709.00,5,798.73
13213.00,4_2000,580.00,833.00,617.75,709.00,6,804.52
13213.00,4_2413,775.50,431.00,596.93,353.00,2,401.27
13213.00,4_2489,785.50,383.00,615.10,335.00,1,353.78
13214.00,4_2437,776.50,419.00,596.93,342.00,3,393.08
13217.00,4_2006,578.00,836.00,617.75,703.00,4,803.20
13217.00,4_2444,777.00,418.00,596.93,342.00,2,386.24
13220.00,4_2448,779.00,417.00,596.93,337.00,2,384.47
13221.00,4_2470,775.00,411.00,596.93,330.00,3,380.25
13222.00,5_731,23.70,379.00,605.00,327.00,1,349.00
13223.00,4_2019,579.50,834.00,617.75,704.00,4,800.96
13223.00,4_2488,785.00,394.00,617.75,336.00,1,353.79
13226.00,4_2497,790.50,387.00,617.75,330.00,1,350.65
13227.00,4_2499,790.50,387.00,617.75,327.00,1,359.27
13229.00,4_2020,580.00,839.00,617.75,707.00,6,810.88
13229.00,4_2471,777.50,416.00,596.93,330.00,2,375.38
13230.00,4_2462,778.00,421.00,617.75,351.00,1,392.38
13230.00,4_2479,779.50,411.00,596.93,323.00,2,375.19
13231.00,4_2487,782.50,405.00,596.93,318.00,2,375.94
13234.00,4_2506,794.00,387.00,617.75,326.00,1,356.66
13235.00,4_2490,788.00,402.00,596.93,313.00,2,365.98
13237.00,4_2494,789.00,401.00,596.93,311.00,2,369.86
13237.00,4_2513,791.50,389.00,617.75,325.00,1,355.01
13238.00,4_2503,791.50,395.00,596.93,304.00,2,369.72
13239.00,4_2025,579.50,847.00,617.75,722.00,6,814.54
13240.00,4_2037,588.50,833.00,617.75,714.00,7,803.81
13241.00,4_2527,789.50,388.00,596.93,295.00,2,356.75
13243.00,4_2538,791.00,383.00,596.93,291.00,2,352.36
13245.00,4_2516,792.00,395.00,617.75,329.00,2,359.05
13245.00,4_2553,796.50,372.00,615.10,309.00,2,341.14
13246.00,4_2535,788.50,390.00,617.75,325.00,3,361.37
13247.00,4_2544,791.00,384.00,596.93,290.00,2,350.62
13247.00,4_2545,793.50,381.00,605.00,286.00,2,354.73
13247.00,4_2568,796.00,367.00,615.10,305.00,2,335.81
13248.00,4_2536,789.00,391.00,617.75,325.00,3,361.48
13252.00,4_2548,794.00,384.00,596.93,285.00,3,349.95
13252.00,4_2552,796.00,380.00,617.75,311.00,2,346.94
13254.00,5_911,-0.30,381.00,586.83,285.00,2,349.03
13255.00,4_2318,758.00,538.00,617.75,410.00,5,502.88
13256.00,4_2324,758.00,536.00,617.75,409.00,5,504.43
13256.00,4_2554,800.00,379.00,596.93,286.00,3,349.03
13256.00,4_2616,901.00,247.00,615.10,170.00,1,214.62
13257.00,4_2636,904.00,235.00,596.93,164.00,2,210.90
13259.00,4_2598,905.00,255.00,617.75,180.00,2,221.83
13261.00,4_2649,1080.50,56.00,605.00,0.00,0,19.45
13263.00,4_2574,797.00,379.00,596.93,273.00,5,344.32
13263.00,4_2605,905.50,255.00,617.75,176.00,3,219.69
13263.00,4_2660,1079.00,54.00,615.10,0.00,0,25.64
13265.00,4_2130,597.00,803.00,617.75,661.00,8,770.66
13265.00,5_1540,155.00,48.00,605.00,0.00,0,17.18
13267.00,4_2586,899.00,275.00,596.93,173.00,4,237.79
13267.00,4_2620,902.00,255.00,617.75,171.00,3,220.57
13268.00,4_2672,1081.00,51.00,615.10,0.00,0,12.66
13269.00,4_2053,587.50,855.00,617.75,711.00,8,823.81
13269.00,4_2600,905.00,264.00,596.93,170.00,1,233.64
13269.00,4_2675,1082.50,49.00,615.10,0.00,0,17.37
13271.00,4_2571,795.50,390.00,596.93,296.00,3,356.11
13271.00,4_2694,1081.00,43.00,615.10,0.00,0,11.85
13272.00,4_2322,757.00,554.00,617.75,407.00,7,522.01
13273.00,4_2644,1074.00,77.00,596.93,0.00,0,42.49
13275.00,4_2366,762.00,530.00,617.75,401.00,5,494.70
13275.00,4_2697,1083.50,43.00,615.10,0.00,0,7.08
13276.00,4_2623,903.50,261.00,596.93,171.00,4,225.12
13277.00,4_2367,762.50,531.00,617.75,400.00,5,500.54
13278.00,4_2648,1077.00,77.00,596.93,1.00,1,42.47
13279.00,4_2698,1086.00,44.00,615.10,0.00,0,5.34
13280.00,4_2663,1080.50,68.00,596.93,0.00,0,36.90
13281.00,4_2369,762.50,534.00,617.75,400.00,4,499.01
13281.00,5_1998,39.60,42.00,605.00,0.00,0,6.25
13282.00,4_2688,1081.00,57.00,596.93,0.00,0,25.63
13283.00,4_2505,793.50,437.00,617.75,353.00,2,404.76
13283.00,4_2706,1086.00,44.00,615.10,0.00,0,8.35
13285.00,4_2383,773.50,520.00,617.75,400.00,4,486.80
13286.00,4_2715,1086.50,42.00,596.93,0.00,0,9.71
13291.00,4_1264,1506.00,353.00,596.93,287.00,2,319.40
13291.00,4_1315,1515.50,318.00,615.10,258.00,2,286.27
13292.00,4_1273,1507.50,348.00,596.93,283.00,2,318.72
13292.00,4_1285,1513.50,336.00,617.75,272.00,2,302.38
13292.00,4_1345,1523.50,296.00,615.10,249.00,1,266.11
13294.00,4_1329,1519.50,310.00,615.10,251.00,1,278.85
13294.00,4_1351,1526.50,292.00,615.10,247.00,1,261.84
13296.00,4_1290,1516.00,335.00,596.93,266.00,2,301.76
13296.00,4_1320,1516.00,320.00,617.75,253.00,2,281.72
13296.00,4_1349,1524.50,297.00,615.10,247.00,1,265.50
13297.00,4_1305,1511.50,333.00,596.93,263.00,2,302.49
13298.00,4_1340,1523.00,305.00,615.10,250.00,1,269.25
13299.00,4_1375,1532.50,279.00,615.10,229.00,2,252.55
13300.00,4_1369,1529.50,286.00,615.10,237.00,1,254.36
13301.00,4_1395,1537.50,266.00,615.10,217.00,1,236.93
13302.00,4_1306,1514.00,335.00,596.93,261.00,2,301.09
13302.00,4_1380,1533.00,279.00,617.75,230.00,1,247.49
13303.00,5_1472,-0.60,262.00,605.00,213.00,1,231.16
13304.00,4_1307,1516.50,334.00,596.93,259.00,2,302.68
13304.00,4_1382,1535.00,278.00,617.75,229.00,1,245.95
13304.00,4_1399,1541.50,263.00,615.10,209.00,1,228.89
13310.00,4_2892,790.00,274.00,596.93,191.00,2,243.87
13311.00,4_2971,799.50,226.00,615.10,182.00,1,194.82
13312.00,4_2974,801.00,224.00,615.10,176.00,1,188.66
13314.00,4_2934,793.00,254.00,596.93,188.00,1,225.63
13314.00,4_2978,802.00,223.00,615.10,176.00,1,189.35
13314.00,4_3010,798.00,211.00,615.10,160.00,1,177.90
13315.00,4_3015,801.50,206.00,615.10,155.00,1,174.27
13316.00,4_2914,788.00,271.00,596.93,189.00,1,233.83
13317.00,4_3026,802.00,202.00,615.10,150.00,1,171.57
13318.00,4_2994,803.00,218.00,617.75,168.00,1,180.12
13318.00,4_3036,809.00,191.00,615.10,141.00,1,163.49
13319.00,4_3014,799.00,213.00,617.75,164.00,1,182.40
13320.00,4_2942,798.00,251.00,596.93,187.00,1,214.34
13320.00,4_3027,804.50,202.00,615.10,153.00,1,168.80
13320.00,4_3052,810.00,184.00,615.10,135.00,1,152.17
13322.00,4_2952,800.00,246.00,596.93,186.00,1,216.22
13322.00,5_1852,0.40,166.00,605.00,118.00,1,134.70
13323.00,4_3028,807.00,202.00,617.75,152.00,1,168.02
13324.00,4_2957,800.50,245.00,596.93,186.00,1,211.82
13326.00,4_3102,821.00,154.00,615.10,102.00,1,115.69
13327.00,4_2963,800.50,245.00,596.93,186.00,1,210.08
13327.00,4_3034,807.00,203.00,617.75,149.00,1,165.17
13328.00,4_3041,809.50,198.00,617.75,144.00,1,165.15
13328.00,4_3124,826.00,140.00,615.10,91.00,1,105.37
13328.00,5_1916,5.20,148.00,605.00,98.00,1,118.18
13329.00,4_2986,801.00,235.00,596.93,183.00,1,201.95
13330.00,4_3057,810.50,191.00,617.75,139.00,1,158.26
13330.00,4_3138,827.00,134.00,615.10,82.00,1,98.44
13331.00,4_2989,802.50,234.00,596.93,180.00,1,203.23
13331.00,4_3020,802.00,219.00,596.93,167.00,1,192.60
13332.00,4_3144,827.00,133.00,615.10,81.00,1,106.70
13333.00,4_3065,812.50,188.00,617.75,136.00,1,155.11
13333.00,4_3146,829.00,131.00,615.10,81.00,1,100.10
13336.00,4_3048,809.00,203.00,596.93,147.00,1,171.47
13336.00,4_3150,833.00,128.00,615.10,76.00,1,91.04
13337.00,4_3071,811.50,190.00,617.75,132.00,1,154.15
13338.00,4_3160,831.00,127.00,615.10,74.00,1,96.74
13339.00,4_3062,811.00,197.00,596.93,139.00,1,163.99
13339.00,4_3083,808.50,189.00,617.75,131.00,1,156.97
13339.00,4_3175,835.50,116.00,615.10,65.00,1,83.68
13340.00,4_3086,810.00,187.00,617.75,130.00,1,155.22
13340.00,4_3088,812.00,184.00,596.93,126.00,1,155.68
13341.00,4_3178,837.00,115.00,615.10,63.00,1,82.68
13343.00,4_3090,814.00,184.00,596.93,124.00,1,152.17
13343.00,4_3096,818.00,177.00,617.75,119.00,1,143.09
13343.00,4_3183,837.50,114.00,615.10,60.00,1,76.58
13345.00,4_3204,835.00,108.00,615.10,55.00,1,73.77
13346.00,4_3216,832.00,106.00,615.10,53.00,1,70.67
13347.00,4_3094,816.00,184.00,596.93,124.00,1,150.70
13347.00,4_3110,823.00,169.00,617.75,107.00,1,132.59
13348.00,4_3232,837.00,95.00,615.10,43.00,1,61.36
13349.00,4_3097,820.50,180.00,596.93,120.00,1,151.25
13349.00,4_3119,823.50,166.00,617.75,104.00,1,132.06
13349.00,4_3229,834.50,100.00,615.10,47.00,1,66.06
13351.00,4_3103,823.50,176.00,596.93,116.00,1,143.43
13351.00,4_3275,831.50,82.00,615.10,30.00,1,50.75
13351.00,4_3294,841.00,63.00,615.10,14.00,1,30.61
13353.00,4_3123,824.50,167.00,617.75,102.00,1,129.24
13353.00,4_3310,843.00,55.00,615.10,4.00,1,21.93
13355.00,4_3131,825.50,164.00,617.75,100.00,1,132.93
13355.00,4_3318,842.00,54.00,615.10,2.00,1,19.75
13356.00,4_3162,833.00,142.00,617.75,80.00,1,107.26
13357.00,4_3113,823.50,177.00,596.93,109.00,1,139.28
13357.00,4_3323,842.50,53.00,615.10,0.00,0,23.65
13358.00,4_3135,825.50,165.00,596.93,100.00,1,133.74
13358.00,4_3167,834.50,140.00,617.75,76.00,1,106.88
13359.00,4_3148,831.00,154.00,586.83,91.00,1,125.76
13359.00,4_3325,844.50,52.00,615.10,0.00,0,19.54
13360.00,4_3198,836.00,125.00,617.75,59.00,1,93.15
13360.00,4_3332,848.00,46.00,615.10,0.00,0,12.84
13364.00,4_3165,832.50,149.00,596.93,81.00,1,113.43
13365.00,4_3172,834.00,145.00,596.93,78.00,1,114.76
13367.00,4_3231,836.50,115.00,617.75,40.00,2,73.38
13367.00,4_3234,839.00,111.00,617.75,38.00,2,79.33
13369.00,4_3185,839.50,137.00,596.93,69.00,1,101.18
13369.00,4_3237,839.50,111.00,617.75,35.00,1,75.60
13370.00,4_3219,833.50,127.00,586.83,57.00,1,98.17
13372.00,4_3343,849.50,51.00,615.10,0.00,0,15.33
13373.00,4_3220,836.00,127.00,596.93,57.00,1,93.58
13373.00,4_3243,841.50,110.00,617.75,35.00,1,72.25
13375.00,4_3251,838.50,111.00,617.75,35.00,1,78.93
13375.00,4_3286,841.00,91.00,596.93,27.00,1,62.18
13376.00,4_3239,840.50,116.00,586.83,43.00,1,87.88
13376.00,4_3265,833.50,110.00,617.75,35.00,1,78.48
13376.00,4_3372,850.00,40.00,615.10,0.00,0,10.12
13378.00,4_3266,835.00,110.00,617.75,35.00,1,80.77
13378.00,4_3376,853.00,37.00,605.00,0.00,0,10.10
13379.00,4_3276,834.00,107.00,596.93,33.00,1,77.94
13382.00,4_3277,836.50,107.00,596.93,33.00,1,76.10
13384.00,4_3288,843.00,97.00,617.75,23.00,1,56.96
13384.00,4_3379,853.50,41.00,615.10,0.00,0,8.39
13386.00,4_3278,839.00,108.00,596.93,32.00,1,72.92
13386.00,4_3299,841.50,95.00,617.75,21.00,1,61.12
13388.00,4_3281,840.50,107.00,596.93,29.00,1,78.18
13388.00,4_3329,848.50,75.00,617.75,0.00,0,37.04
13388.00,4_3383,854.50,42.00,615.10,0.00,0,6.27
13390.00,4_3340,847.00,73.00,617.75,0.00,0,42.36
13391.00,4_3305,839.50,99.00,596.93,23.00,2,66.21
13391.00,4_3345,854.50,64.00,617.75,0.00,0,32.16
13397.00,4_1530,1234.00,598.00,615.10,537.00,2,565.14
13398.00,4_1262,1200.00,767.00,617.75,669.00,3,733.26
13398.00,4_1438,1215.00,664.00,596.93,576.00,3,629.40
13399.00,4_1440,1218.00,661.00,596.93,570.00,3,629.34
13400.00,4_1513,1230.50,613.00,617.75,550.00,2,580.17
13400.00,4_1535,1237.50,595.00,615.10,533.00,2,560.79
13401.00,4_1540,1240.00,591.00,615.10,528.00,2,557.63
13404.00,4_1520,1230.00,614.00,617.75,547.00,2,578.38
13405.00,4_1519,1228.50,617.00,617.75,548.00,2,585.26
13405.00,4_1551,1237.50,592.00,615.10,514.00,4,563.61
13407.00,4_1444,1220.00,665.00,596.93,569.00,3,622.57
13407.00,4_1450,1223.00,659.00,596.93,567.00,4,624.50
13407.00,4_1543,1240.50,595.00,617.75,530.00,2,563.61
13409.00,4_1267,1199.50,776.00,617.75,670.00,4,745.44
13409.00,4_1452,1225.00,658.00,596.93,565.00,3,624.05
13410.00,4_1567,1414.50,412.00,596.93,344.00,2,380.00
13410.00,4_1576,1548.00,274.00,615.10,213.00,2,239.47
13412.00,4_1533,1235.50,610.00,615.10,518.00,4,575.29
13413.00,4_1471,1231.50,646.00,596.93,552.00,3,611.89
13414.00,4_1523,1234.50,618.00,615.10,523.00,3,583.53
13415.00,4_1491,1228.50,641.00,596.93,545.00,3,610.48
13416.00,4_1575,1414.50,414.00,596.93,343.00,2,387.54
13417.00,4_1288,1203.00,770.00,617.75,659.00,3,734.25
13417.00,4_1588,1558.00,265.00,615.10,209.00,1,228.54
13418.00,4_1493,1230.50,641.00,596.93,543.00,3,612.41
13419.00,4_1280,1200.00,779.00,617.75,663.00,3,734.12
13419.00,4_1600,1559.00,260.00,615.10,206.00,1,231.23
13420.00,4_1336,1207.00,745.00,617.75,637.00,2,712.99
13420.00,4_1614,1563.00,250.00,615.10,200.00,1,215.73
13421.00,4_1503,1229.50,640.00,596.93,539.00,3,609.82
13422.00,4_1352,1209.00,737.00,617.75,638.00,3,700.50
13422.00,4_1615,1565.50,249.00,615.10,198.00,1,215.83
13423.00,4_1617,1567.50,247.00,615.10,196.00,1,215.11
13424.00,4_1366,1212.00,729.00,617.75,637.00,2,696.81
13430.00,4_2392,773.00,661.00,617.75,538.00,4,627.36
13430.00,4_2728,1084.00,182.00,596.93,135.00,1,146.25
13430.00,4_2785,1078.50,159.00,615.10,112.00,1,125.43
13432.00,4_2787,1080.50,158.00,615.10,110.00,1,122.68
13434.00,4_2408,773.00,657.00,617.75,536.00,4,621.35
13434.00,4_2761,1077.50,176.00,596.93,125.00,1,144.49
13434.00,4_2791,1083.50,155.00,615.10,108.00,1,124.67
13435.00,4_2820,1074.00,151.00,615.10,103.00,1,122.81
13436.00,4_2411,775.50,655.00,617.75,533.00,3,621.13
13437.00,4_2760,1075.00,182.00,596.93,126.00,1,138.79
13437.00,4_2767,1077.50,176.00,596.93,124.00,1,147.20
13437.00,4_2824,1082.00,143.00,615.10,93.00,1,109.90
13438.00,4_2428,777.00,647.00,617.75,530.00,3,613.34
13439.00,4_2828,1083.00,142.00,615.10,92.00,1,110.88
13440.00,4_2782,1077.00,172.00,586.83,121.00,1,138.19
13440.00,4_2840,1083.00,137.00,615.10,88.00,1,109.24
13441.00,4_2429,777.50,649.00,617.75,532.00,4,615.90
13441.00,4_2849,1087.50,129.00,605.00,84.00,1,98.94
13442.00,4_2821,1076.50,155.00,596.93,103.00,1,125.17
13443.00,4_2889,1084.50,114.00,615.10,65.00,1,82.70
13445.00,4_2434,777.00,651.00,617.75,530.00,3,613.00
13445.00,4_2890,1087.00,113.00,615.10,65.00,1,80.78
13447.00,4_2822,1079.00,157.00,596.93,100.00,1,120.63
13447.00,4_2906,1093.00,101.00,615.10,54.00,1,73.71
13448.00,4_2893,1091.50,110.00,615.10,61.00,1,75.31
13449.00,4_2443,776.50,651.00,617.75,529.00,3,611.64
13449.00,5_2308,1.60,155.00,586.83,100.00,1,123.78
13450.00,4_2445,779.50,648.00,617.75,527.00,4,613.03
13450.00,4_2842,1085.00,144.00,596.93,89.00,1,114.60
13452.00,4_2656,1080.00,244.00,617.75,135.00,2,211.76
13454.00,4_2919,1092.50,102.00,615.10,49.00,1,62.92
13455.00,4_2854,1088.00,140.00,596.93,82.00,1,103.62
13456.00,4_2669,1080.50,241.00,617.75,136.00,2,201.42
13456.00,4_2873,1083.50,136.00,596.93,79.00,1,106.80
13456.00,4_2936,1095.00,93.00,615.10,39.00,1,54.98
13457.00,4_2984,1080.00,85.00,615.10,33.00,1,56.19
13458.00,4_2680,1083.00,235.00,617.75,133.00,2,203.35
13459.00,4_3017,1074.50,76.00,615.10,26.00,1,41.13
13459.00,5_1990,28.00,234.00,607.65,134.00,3,203.92
13460.00,4_3018,1077.00,74.00,615.10,25.00,1,42.53
13461.00,4_2898,1093.00,119.00,596.93,60.00,1,91.97
13462.00,4_2700,1088.00,224.00,617.75,132.00,1,187.97
13463.00,4_2891,1089.50,128.00,596.93,63.00,1,87.19
13463.00,4_3023,1078.50,73.00,615.10,21.00,1,39.53
13464.00,4_2708,1089.00,221.00,617.75,131.00,1,186.40
13465.00,4_2916,1091.00,116.00,596.93,54.00,1,81.81
13467.00,4_2719,1087.50,220.00,617.75,130.00,1,184.64
13467.00,4_2922,1094.00,112.00,596.93,49.00,1,81.99
13468.00,4_2730,1086.00,217.00,617.75,130.00,1,183.45
13468.00,4_2925,1096.50,109.00,596.93,47.00,1,81.09
13472.00,4_3013,1075.50,90.00,617.75,28.00,1,54.12
13473.00,4_2748,1079.00,220.00,617.75,134.00,1,189.84
13473.00,4_2939,1096.50,107.00,596.93,42.00,1,71.78
13474.00,4_2998,1077.00,98.00,596.93,33.00,1,71.95
13476.00,4_3005,1076.50,97.00,596.93,31.00,1,65.61
13478.00,4_2773,1077.50,214.00,617.75,134.00,1,175.23
13478.00,4_3029,1078.50,85.00,596.93,20.00,1,55.61
13479.00,4_3051,1084.50,69.00,615.10,18.00,1,34.22
13480.00,4_2778,1077.00,214.00,617.75,134.00,1,182.23
13481.00,4_3022,1078.00,92.00,617.75,29.00,1,63.82
13481.00,4_3035,1078.50,85.00,596.93,19.00,1,53.85
13483.00,4_3047,1085.50,74.00,617.75,20.00,1,43.28
13485.00,4_3066,1084.00,68.00,615.10,15.00,1,38.72
13486.00,4_2790,1082.00,209.00,617.75,138.00,1,175.81
13486.00,4_3044,1081.00,83.00,596.93,13.00,1,46.49
13488.00,4_3046,1083.00,82.00,596.93,14.00,1,49.58
13489.00,4_3055,1085.50,76.00,617.75,17.00,1,41.68
13490.00,4_3059,1084.50,76.00,596.93,7.00,1,41.72
13491.00,4_3067,1086.50,71.00,596.93,4.00,1,43.04
13491.00,4_3089,1097.50,49.00,615.10,0.00,0,19.28
13492.00,4_3037,1080.50,93.00,617.75,24.00,1,56.48
13494.00,4_3072,1090.00,68.00,617.75,12.00,1,34.82
13499.00,4_1410,1547.00,447.00,615.10,392.00,2,416.74
13501.00,4_1386,1536.00,472.00,617.75,417.00,2,438.89
13502.00,4_1334,1520.00,515.00,596.93,438.00,2,477.40
13502.00,4_1435,1551.50,433.00,615.10,375.00,2,399.95
13503.00,4_1398,1539.00,465.00,617.75,409.00,2,431.31
13504.00,4_1335,1522.50,514.00,596.93,435.00,2,477.38
13504.00,4_1442,1556.00,427.00,615.10,371.00,2,395.43
13505.00,4_1402,1542.00,462.00,617.75,400.00,2,430.43
13506.00,4_1357,1526.50,501.00,596.93,433.00,2,466.28
13506.00,4_1437,1553.50,434.00,615.10,370.00,3,400.94
13507.00,4_1422,1547.00,449.00,617.75,390.00,2,420.20
13508.00,4_1359,1528.50,500.00,596.93,432.00,2,466.45
13509.00,4_1367,1527.50,498.00,596.93,432.00,2,469.26
13509.00,4_1451,1554.50,429.00,615.10,367.00,2,391.96
13511.00,4_1426,1548.00,450.00,617.75,388.00,2,416.30
13511.00,4_1464,1553.00,426.00,615.10,365.00,2,389.98
13512.00,4_1469,1552.50,425.00,615.10,362.00,2,390.26
13513.00,4_1372,1531.00,496.00,596.93,433.00,2,462.23
13514.00,4_1484,1550.00,422.00,615.10,358.00,2,385.42
13516.00,4_1430,1551.00,450.00,617.75,382.00,2,409.78
13516.00,4_1439,1555.50,441.00,617.75,373.00,3,407.25
13518.00,4_3306,842.00,223.00,596.93,144.00,2,195.49
13520.00,4_3406,857.00,160.00,615.10,112.00,1,128.61
13521.00,4_3410,860.00,156.00,615.10,111.00,1,126.26
13523.00,4_3359,851.50,192.00,617.75,124.00,1,154.42
13524.00,4_3327,846.50,214.00,596.93,130.00,2,177.86
13524.00,4_3434,864.00,143.00,615.10,96.00,1,109.84
13525.00,4_3363,851.50,192.00,617.75,124.00,1,160.81
13526.00,4_3341,847.50,208.00,596.93,125.00,2,179.78
13526.00,4_3365,852.50,191.00,617.75,124.00,1,158.52
13527.00,4_3428,864.00,149.00,615.10,93.00,1,113.90
13528.00,4_3344,852.00,204.00,596.93,122.00,1,170.63
13528.00,4_3373,852.50,189.00,617.75,124.00,1,157.41
13528.00,4_3445,867.50,138.00,615.10,86.00,1,104.32
13530.00,4_3352,852.00,202.00,596.93,121.00,1,170.81
13530.00,4_3446,870.00,137.00,615.10,84.00,1,104.22
13531.00,4_3386,856.00,182.00,596.93,121.00,1,153.89
13532.00,4_3457,873.50,130.00,615.10,80.00,1,100.45
13533.00,4_3393,855.50,181.00,617.75,122.00,1,143.19
13533.00,4_3394,857.00,179.00,596.93,121.00,1,149.79
13534.00,4_3460,879.00,125.00,615.10,74.00,2,90.33
13535.00,4_3409,858.50,172.00,617.75,118.00,1,136.59
13536.00,4_3420,858.00,168.00,617.75,114.00,1,136.48
13536.00,4_3469,883.50,118.00,615.10,66.00,1,88.98
13537.00,4_3396,859.00,180.00,596.93,119.00,1,148.25
13537.00,4_3480,886.00,111.00,615.10,61.00,1,79.67
13538.00,4_3421,861.50,166.00,596.93,116.00,1,139.52
13539.00,4_3468,881.00,124.00,615.10,71.00,1,92.75
13539.00,4_3501,885.50,103.00,615.10,54.00,1,71.60
13540.00,4_3505,889.50,98.00,615.10,47.00,1,67.39
13541.00,4_3454,872.00,142.00,617.75,85.00,1,102.41
13542.00,4_3515,891.50,93.00,615.10,43.00,1,61.35
13543.00,4_3422,864.00,168.00,596.93,113.00,1,133.26
13544.00,4_3471,885.50,123.00,617.75,67.00,1,86.48
13544.00,4_3520,892.00,92.00,615.10,41.00,1,58.38
13545.00,4_3438,865.00,161.00,596.93,106.00,1,130.45
13546.00,4_3440,867.00,159.00,596.93,104.00,1,132.35
13546.00,4_3477,884.50,123.00,617.75,65.00,1,94.01
13546.00,4_3575,884.50,74.00,615.10,22.00,1,40.98
13547.00,4_3581,889.50,67.00,615.10,17.00,1,36.07
13549.00,4_3448,872.00,153.00,596.93,97.00,1,121.09
13551.00,4_3584,891.00,68.00,615.10,14.00,1,31.36
13552.00,4_3459,876.50,146.00,596.93,89.00,1,114.53
13552.00,4_3587,892.50,66.00,615.10,12.00,1,35.94
13553.00,4_3492,883.00,124.00,617.75,61.00,1,82.55
13554.00,4_3499,884.50,120.00,617.75,57.00,1,85.49
13557.00,4_1370,1211.00,861.00,617.75,765.00,3,831.88
13559.00,4_1621,1568.50,380.00,615.10,323.00,2,344.69
13561.00,4_1424,1213.00,836.00,617.75,742.00,3,805.85
13561.00,4_1522,1232.00,768.00,615.10,659.00,4,729.39
13561.00,4_1539,1237.50,754.00,596.93,651.00,5,720.00
13561.00,4_1632,1569.00,376.00,615.10,318.00,2,342.17
13563.00,4_1552,1240.00,747.00,596.93,645.00,5,714.21
13563.00,4_1633,1571.50,375.00,615.10,315.00,2,340.42
13564.00,4_1425,1213.50,838.00,617.75,739.00,4,804.59
13564.00,4_1635,1573.50,373.00,615.10,312.00,2,343.08
13565.00,4_1554,1413.00,575.00,596.93,480.00,4,542.04
13566.00,4_1636,1576.00,372.00,615.10,311.00,2,340.42
13567.00,4_1431,1215.50,836.00,617.75,736.00,3,802.02
13567.00,4_1560,1414.00,573.00,596.93,478.00,4,543.47
13567.00,4_1655,1570.50,369.00,615.10,307.00,2,336.59
13569.00,4_1657,1572.50,368.00,615.10,305.00,2,339.92
13570.00,4_1432,1216.00,838.00,617.75,734.00,3,804.87
13570.00,4_1582,1554.00,425.00,596.93,340.00,2,398.28
13571.00,4_1658,1575.00,367.00,615.10,302.00,2,334.20
13572.00,4_1577,1553.50,430.00,596.93,341.00,2,394.11
13572.00,4_1676,1577.00,357.00,615.10,294.00,2,328.68
13574.00,4_1689,1579.50,350.00,615.10,288.00,2,323.33
13575.00,4_1443,1219.50,834.00,617.75,731.00,3,794.08
13575.00,4_1586,1556.00,426.00,596.93,340.00,2,394.73
13575.00,4_1692,1582.00,347.00,615.10,285.00,2,318.51
13576.00,4_1455,1229.50,819.00,617.75,715.00,3,785.97
13577.00,4_1710,1586.00,336.00,615.10,272.00,2,304.85
13578.00,4_1456,1230.00,820.00,617.75,711.00,3,787.76
13579.00,4_1595,1557.50,424.00,596.93,340.00,2,390.06
13580.00,4_1463,1231.50,817.00,617.75,709.00,3,786.70
13581.00,4_1475,1232.50,811.00,617.75,702.00,3,779.81
13581.00,4_1739,1585.50,326.00,615.10,259.00,2,290.04
13582.00,4_1609,1559.50,418.00,596.93,339.00,2,381.70
13583.00,4_1756,1587.00,318.00,615.10,252.00,2,282.35
13583.00,4_1765,1588.50,312.00,615.10,251.00,3,285.65
13584.00,4_1613,1560.50,417.00,596.93,336.00,2,387.71
13584.00,4_1763,1586.50,316.00,615.10,253.00,2,288.08
13585.00,4_1494,1233.00,805.00,617.75,696.00,3,773.75
13585.00,4_1629,1567.50,403.00,596.93,327.00,2,372.54
13586.00,4_1766,1591.00,312.00,615.10,250.00,2,282.01
13587.00,4_1566,1414.00,590.00,617.75,485.00,3,559.32
13588.00,4_1661,1577.50,380.00,615.10,303.00,2,347.31
13588.00,4_1790,1592.00,301.00,615.10,238.00,2,267.71
13589.00,4_1675,1574.50,377.00,615.10,301.00,2,349.42
13590.00,4_1792,1593.00,301.00,615.10,237.00,2,272.25
13590.00,5_869,298.30,431.00,607.65,337.00,2,397.21
13591.00,4_1799,1592.50,299.00,615.10,235.00,3,269.94
13592.00,4_1599,1558.50,434.00,617.75,337.00,3,404.86
13595.00,4_1688,1577.00,374.00,596.93,294.00,2,336.51
13596.00,5_1429,135.30,432.00,607.65,336.00,2,397.33
13597.00,4_1698,1582.00,366.00,596.93,286.00,2,329.56
13600.00,4_1607,1559.50,437.00,617.75,335.00,2,397.71
13603.00,4_3069,1088.50,180.00,596.93,104.00,1,143.65
13604.00,4_2877,1084.50,281.00,617.75,213.00,3,245.95
13604.00,4_3091,1099.50,159.00,615.10,102.00,1,121.77
13605.00,4_3073,1090.50,178.00,596.93,104.00,1,147.83
13606.00,4_3074,1093.00,176.00,596.93,103.00,1,149.86
13606.00,4_3107,1101.50,151.00,615.10,99.00,1,118.75
13608.00,4_2800,1081.00,327.00,617.75,248.00,5,288.13
13608.00,4_3076,1095.00,175.00,596.93,102.00,1,144.49
13609.00,4_3108,1104.00,151.00,615.10,98.00,1,111.90
13610.00,4_3039,1080.50,210.00,617.75,131.00,3,173.73
13610.00,4_3084,1094.00,174.00,596.93,101.00,1,144.65
13611.00,5_2843,13.10,145.00,607.65,95.00,1,113.35
13612.00,4_3087,1095.50,173.00,596.93,101.00,1,143.83
13614.00,4_2823,1081.50,321.00,617.75,242.00,4,288.95
13615.00,4_3098,1100.00,166.00,596.93,100.00,1,135.84
13616.00,4_2834,1084.00,315.00,617.75,230.00,3,281.24
13617.00,4_3100,1102.00,165.00,596.93,100.00,1,135.60
13618.00,4_3143,1098.50,148.00,615.10,99.00,1,111.59
13619.00,4_3142,1097.00,151.00,617.75,101.00,1,119.05
13620.00,4_3156,1098.00,144.00,615.10,95.00,1,107.86
13621.00,4_2845,1086.50,312.00,617.75,228.00,2,282.70
13621.00,4_3166,1099.00,139.00,615.10,90.00,1,107.08
13622.00,4_3112,1106.00,160.00,596.93,99.00,1,126.35
13623.00,4_2846,1087.00,313.00,617.75,226.00,2,282.13
13623.00,4_3145,1100.50,150.00,596.93,98.00,1,118.21
13623.00,4_3187,1094.50,135.00,615.10,85.00,1,101.56
13624.00,4_3189,1096.50,133.00,615.10,83.00,1,104.40
13626.00,4_2888,1083.00,299.00,617.75,209.00,3,266.98
13626.00,4_3161,1098.50,147.00,596.93,92.00,1,114.12
13626.00,4_3196,1096.00,132.00,615.10,82.00,1,97.71
13627.00,4_3203,1101.50,124.00,615.10,75.00,1,92.33
13628.00,4_2867,1085.50,309.00,617.75,220.00,2,281.62
13628.00,4_3213,1099.50,122.00,596.93,68.00,1,89.29
13630.00,4_3225,1099.50,118.00,615.10,67.00,1,82.00
13631.00,4_3238,1096.00,116.00,596.93,60.00,1,83.33
13631.00,4_3257,1102.50,100.00,615.10,51.00,1,70.66
13632.00,4_3240,1098.00,114.00,596.93,58.00,1,86.47
13633.00,4_2901,1094.50,288.00,617.75,195.00,3,252.02
13634.00,4_3268,1106.00,94.00,615.10,43.00,1,56.13
13635.00,4_2961,1089.50,265.00,617.75,169.00,3,229.95
13635.00,5_3064,2.80,113.00,586.83,57.00,1,83.58
13636.00,4_3273,1109.50,90.00,615.10,39.00,1,53.59
13637.00,4_2862,1087.00,319.00,617.75,225.00,4,285.90
13637.00,4_3248,1100.00,113.00,596.93,56.00,1,85.49
13637.00,4_3280,1109.00,88.00,615.10,36.00,1,51.65
13638.00,4_2881,1083.50,314.00,617.75,222.00,3,285.90
13638.00,4_3255,1100.50,110.00,596.93,51.00,1,83.54
13639.00,4_3287,1111.50,84.00,615.10,33.00,1,52.23
13641.00,4_3289,1113.50,83.00,615.10,31.00,1,46.60
13642.00,4_3259,1104.50,108.00,596.93,47.00,1,77.56
13642.00,4_3300,1117.00,75.00,615.10,22.00,1,46.27
13643.00,4_2885,1083.50,317.00,617.75,210.00,4,281.24
13643.00,4_3263,1105.50,106.00,596.93,47.00,1,78.80
13644.00,4_3319,1120.50,64.00,615.10,12.00,1,35.88
13645.00,4_2895,1093.50,304.00,617.75,199.00,4,269.48
13645.00,5_3264,10.80,55.00,605.00,4.00,1,24.36
13647.00,4_2924,1096.00,289.00,617.75,183.00,4,255.70
13647.00,4_3271,1107.50,104.00,596.93,44.00,1,74.21
13649.00,4_3307,1119.50,76.00,615.10,25.00,1,41.38
13650.00,4_2929,1097.50,288.00,617.75,179.00,5,253.54
13650.00,4_3312,1121.00,73.00,615.10,23.00,1,42.51
13650.00,5_3132,13.40,97.00,586.83,34.00,1,66.87
13651.00,4_3324,1124.00,65.00,615.10,15.00,1,35.34
13652.00,4_2947,1095.50,283.00,617.75,173.00,5,248.33
13652.00,4_3304,1118.00,82.00,596.93,19.00,1,51.68
13654.00,4_2997,1076.50,279.00,617.75,166.00,4,246.62
13655.00,4_3350,1130.00,50.00,615.10,0.00,0,13.94
13657.00,4_3095,1100.50,209.00,617.75,100.00,2,175.25
13657.00,4_3322,1121.00,75.00,596.93,9.00,1,39.94
13659.00,4_3291,1116.50,97.00,617.75,32.00,1,64.32
13659.00,4_3334,1125.00,67.00,596.93,3.00,1,33.20
13659.00,4_3338,1129.00,61.00,615.10,10.00,1,26.62
13660.00,4_3337,1126.50,65.00,596.93,3.00,1,36.74
13661.00,4_3297,1117.50,95.00,617.75,31.00,1,61.20
13661.00,4_3339,1131.50,60.00,615.10,7.00,1,32.01
13664.00,4_3354,1131.00,56.00,596.93,0.00,0,22.06
13664.00,4_3388,1123.00,47.00,615.10,0.00,0,17.50
13666.00,4_3385,1121.50,52.00,596.93,0.00,0,22.69
13666.00,4_3389,1124.50,47.00,615.10,0.00,0,19.36
13667.00,4_3117,1106.50,202.00,617.75,105.00,2,167.02
13668.00,4_3111,1105.50,207.00,617.75,105.00,2,164.88
13668.00,4_3403,1125.50,41.00,615.10,0.00,0,10.80
13670.00,4_3141,1095.50,204.00,617.75,104.00,2,165.96
13671.00,4_3349,1129.50,67.00,617.75,11.00,1,30.95
13673.00,4_3282,1111.00,121.00,617.75,65.00,3,86.41
13674.00,4_3364,1129.00,63.00,617.75,7.00,1,31.54
13675.00,4_3411,1124.50,45.00,596.93,0.00,0,10.80
13677.00,4_3245,1099.50,155.00,617.75,91.00,2,118.81
13680.00,4_1392,1536.00,648.00,596.93,584.00,4,619.50
13682.00,4_1457,1554.50,599.00,617.75,530.00,3,568.20
13682.00,4_1495,1553.50,581.00,615.10,513.00,3,548.88
13683.00,4_1406,1543.00,637.00,596.93,570.00,4,607.49
13684.00,4_1501,1556.50,577.00,615.10,509.00,3,544.39
13685.00,4_1409,1544.50,636.00,596.93,566.00,3,606.21
13686.00,5_1606,3.20,601.00,607.65,528.00,4,565.26
13687.00,4_1506,1560.00,574.00,615.10,502.00,3,539.49
13688.00,4_1417,1546.50,633.00,596.93,563.00,3,602.79
13688.00,4_1474,1553.00,598.00,617.75,525.00,4,565.45
13689.00,5_1799,0.30,549.00,605.00,476.00,3,522.20
13690.00,4_1427,1549.50,627.00,596.93,556.00,3,598.61
13690.00,4_1487,1551.50,595.00,615.10,521.00,3,560.45
13691.00,4_1580,1557.00,544.00,615.10,470.00,4,507.61
13692.00,4_1526,1556.00,573.00,615.10,496.00,3,542.39
13693.00,4_1585,1557.50,543.00,615.10,468.00,3,511.63
13694.00,4_1601,1556.50,537.00,615.10,460.00,3,507.93
13695.00,4_1527,1558.50,573.00,617.75,496.00,3,539.66
13695.00,4_1624,1555.00,528.00,615.10,453.00,3,497.03
13696.00,4_1492,1552.00,598.00,596.93,522.00,3,563.20
13696.00,4_1556,1558.00,560.00,617.75,482.00,4,527.43
13697.00,4_1496,1556.00,593.00,596.93,516.00,3,560.91
13697.00,4_1652,1551.00,520.00,615.10,447.00,3,486.48
13698.00,4_1559,1558.50,560.00,617.75,481.00,4,527.84
13699.00,4_1502,1559.00,589.00,596.93,509.00,3,556.88
13699.00,4_1659,1550.50,519.00,615.10,444.00,3,486.95
13701.00,4_1515,1558.50,585.00,596.93,502.00,4,554.80
13702.00,4_1665,1550.50,519.00,615.10,438.00,3,481.42
13704.00,4_1531,1558.50,580.00,596.93,497.00,3,549.30
13704.00,4_1667,1552.50,518.00,615.10,437.00,3,485.16
13705.00,4_1565,1557.50,565.00,617.75,475.00,3,525.12
13705.00,4_1668,1555.00,516.00,615.10,435.00,4,482.31
13706.00,4_1541,1556.50,579.00,596.93,493.00,4,549.46
13707.00,4_1568,1559.00,564.00,617.75,474.00,3,529.57
13707.00,4_1677,1556.50,512.00,615.10,433.00,3,478.28
13708.00,4_1693,1558.50,503.00,615.10,423.00,3,470.33
13709.00,4_1569,1560.50,564.00,617.75,475.00,3,526.45
13710.00,4_1589,1558.50,557.00,617.75,470.00,4,524.43
13710.00,4_1702,1567.00,492.00,615.10,412.00,3,457.84
13711.00,4_1545,1557.50,581.00,596.93,491.00,3,546.01
13712.00,4_1608,1559.00,549.00,617.75,459.00,4,519.62
13712.00,4_1712,1565.00,491.00,615.10,412.00,3,457.96
13713.00,4_1546,1560.00,580.00,596.93,489.00,4,545.17
13713.00,4_1721,1567.50,485.00,615.10,404.00,4,453.21
13715.00,4_1597,1555.50,561.00,596.93,470.00,3,529.89
13715.00,4_1612,1559.00,550.00,617.75,457.00,3,516.24
13715.00,4_1695,1561.50,506.00,615.10,421.00,5,475.71
13717.00,4_1637,1550.50,548.00,617.75,457.00,3,518.68
13718.00,4_1603,1558.50,558.00,596.93,467.00,4,524.69
13719.00,4_1681,1560.50,518.00,615.10,423.00,3,487.48
13719.00,4_1773,1555.50,477.00,615.10,395.00,5,438.17
13720.00,4_1807,1613.50,403.00,615.10,332.00,3,371.83
13722.00,4_1638,1552.00,551.00,596.93,456.00,3,515.25
13722.00,4_1691,1558.50,518.00,617.75,425.00,4,485.68
13722.00,5_2323,27.10,398.00,605.00,330.00,3,366.38
13725.00,4_1694,1561.00,517.00,617.75,422.00,4,482.30
13725.00,4_1822,1619.00,395.00,615.10,329.00,3,354.95
13726.00,4_1823,1621.50,393.00,615.10,325.00,2,361.14
13727.00,4_1713,1567.50,503.00,617.75,408.00,3,475.24
13728.00,4_1722,1570.00,497.00,615.10,407.00,4,466.24
13728.00,4_1786,1552.00,483.00,617.75,391.00,3,449.97
13728.00,4_1840,1622.00,386.00,615.10,317.00,2,350.07
13729.00,4_1640,1554.00,555.00,596.93,452.00,3,511.92
13729.00,4_1669,1557.50,537.00,615.10,438.00,3,500.18
13729.00,4_1843,1622.50,385.00,615.10,317.00,2,351.94
13730.00,4_1679,1558.50,532.00,615.10,431.00,3,502.78
13731.00,4_1696,1564.00,519.00,596.93,420.00,3,487.19
13733.00,4_1700,1565.00,518.00,596.93,419.00,3,487.95
13733.00,4_1757,1560.50,494.00,617.75,394.00,5,458.71
13733.00,4_1881,1768.50,224.00,615.10,159.00,2,193.63
13735.00,4_1768,1557.00,494.00,617.75,398.00,4,458.05
13736.00,4_1900,1782.00,204.00,615.10,148.00,1,173.74
13737.00,4_1714,1568.00,512.00,617.75,407.00,4,477.37
13738.00,4_1718,1568.00,511.00,617.75,403.00,5,483.58
13738.00,4_1802,1548.00,489.00,596.93,389.00,4,453.51
13739.00,4_1917,1784.50,196.00,615.10,142.00,1,164.40
13740.00,4_1741,1564.50,505.00,596.93,401.00,4,471.07
13740.00,4_1922,1788.00,191.00,615.10,138.00,1,162.58
13741.00,4_1737,1565.50,507.00,617.75,397.00,4,472.79
13743.00,4_1801,1545.50,497.00,596.93,394.00,4,461.79
13743.00,4_1925,1788.50,192.00,615.10,138.00,1,158.16
13745.00,4_1742,1567.00,507.00,617.75,396.00,4,471.08
13745.00,4_1803,1595.50,448.00,596.93,347.00,4,413.43
13746.00,4_1941,1783.50,192.00,615.10,136.00,1,156.52
13747.00,4_1816,1614.00,425.00,617.75,328.00,2,389.42
13748.00,4_1861,1624.50,393.00,617.75,309.00,2,365.52
13751.00,4_1946,1790.00,188.00,615.10,129.00,1,146.85
13753.00,4_1813,1611.50,435.00,596.93,331.00,2,392.71
13753.00,4_1819,1614.50,429.00,596.93,332.00,2,392.45
13753.00,4_1947,1790.50,189.00,615.10,128.00,1,157.32
13753.00,5_2420,7.00,420.00,605.00,323.00,3,382.34
13754.00,4_1899,1780.50,224.00,617.75,150.00,1,191.08
13754.00,4_1968,1786.00,184.00,615.10,127.00,1,150.41
13755.00,4_1863,1625.50,398.00,596.93,308.00,3,366.78
13755.00,4_1976,1918.00,49.00,615.10,0.00,0,17.07
13756.00,4_1838,1619.00,418.00,615.10,316.00,3,384.20
13758.00,4_1839,1621.50,417.00,617.75,315.00,2,383.16
13759.00,4_1820,1617.00,432.00,596.93,332.00,3,393.81
13759.00,4_1850,1623.00,411.00,615.10,318.00,2,376.30
13761.00,4_1834,1618.00,426.00,596.93,329.00,2,389.04
13761.00,4_1848,1623.00,414.00,615.10,310.00,2,381.94
13761.00,4_1989,1918.50,48.00,617.75,0.00,0,12.05
13761.00,4_1994,1920.00,44.00,615.10,0.00,0,8.62
13763.00,4_1858,1625.00,409.00,617.75,307.00,2,381.46
13763.00,4_1998,1921.00,43.00,615.10,0.00,0,6.42
13767.00,4_1854,1624.00,416.00,596.93,316.00,2,374.54
13767.00,4_1888,1780.00,243.00,617.75,148.00,1,212.44
13767.00,4_1890,1781.00,241.00,596.93,152.00,1,208.35
13768.00,4_1898,1780.00,239.00,617.75,148.00,2,210.26
13768.00,4_1912,1780.00,232.00,596.93,152.00,1,199.55
13768.00,4_2023,1917.50,39.00,615.10,0.00,0,8.16
13770.00,4_1914,1783.00,230.00,596.93,151.00,1,200.99
13772.00,4_1901,1784.50,237.00,617.75,148.00,2,206.66
13773.00,4_1921,1785.50,227.00,596.93,146.00,1,192.87
13774.00,4_2026,1919.00,42.00,615.10,0.00,0,5.84
13775.00,4_1942,1786.00,218.00,596.93,137.00,1,190.99
13776.00,4_1913,1782.50,237.00,617.75,148.00,2,200.56
13776.00,4_2038,1916.00,41.00,615.10,0.00,0,8.38
13777.00,4_1943,1788.50,217.00,596.93,137.00,1,185.27
13778.00,4_1963,1785.50,211.00,617.75,125.00,1,176.65
13780.00,4_1969,1787.50,208.00,617.75,128.00,1,174.27
13780.00,4_1980,1919.00,71.00,596.93,0.00,0,38.57
13780.00,4_2052,1917.00,37.00,615.10,0.00,0,8.29
13782.00,4_1972,1916.00,80.00,617.75,0.00,0,47.83
13784.00,4_2012,1920.00,58.00,617.75,0.00,0,26.56
13785.00,4_1993,1917.50,71.00,596.93,0.00,0,35.08
13787.00,5_3501,77.70,59.00,607.65,0.00,0,26.94
13788.00,4_2007,1919.50,65.00,596.93,0.00,0,27.04
13789.00,4_2017,1919.50,61.00,617.75,0.00,0,28.92
13789.00,4_2059,1916.50,43.00,615.10,0.00,0,9.33
13790.00,4_2039,1918.50,52.00,596.93,0.00,0,18.50
13792.00,4_2051,1915.50,51.00,617.75,0.00,0,16.16
13796.00,4_3466,879.00,384.00,586.83,323.00,2,353.56
13797.00,4_3510,890.00,352.00,617.75,292.00,2,323.82
13799.00,4_3588,895.00,310.00,615.10,250.00,2,275.65
13800.00,4_3494,884.00,369.00,596.93,306.00,2,337.37
13800.00,4_3593,897.50,306.00,615.10,247.00,2,273.94
13801.00,4_3503,887.50,362.00,596.93,299.00,2,332.65
13801.00,4_3511,891.50,354.00,617.75,288.00,2,319.86
13802.00,5_5,902.50,298.00,615.10,241.00,3,265.73
13803.00,4_3529,890.50,348.00,617.75,281.00,2,317.44
13803.00,5_17,904.90,293.00,615.10,237.00,1,268.21
13805.00,5_7,903.90,299.00,615.10,236.00,1,266.85
13806.00,4_3533,890.50,349.00,617.75,281.00,2,318.15
13806.00,4_3539,888.50,348.00,596.93,280.00,2,314.68
13807.00,4_3552,885.00,346.00,617.75,277.00,2,316.30
13809.00,4_3563,884.50,343.00,596.93,274.00,2,307.55
13809.00,5_26,914.20,287.00,615.10,235.00,2,257.73
13811.00,4_3564,887.00,342.00,596.93,271.00,2,310.62
13811.00,5_24,911.80,292.00,615.10,236.00,1,251.27
13812.00,4_3557,883.50,350.00,617.75,278.00,3,314.28
13813.00,4_3578,886.00,338.00,596.93,265.00,2,306.29
13813.00,5_42,915.40,285.00,615.10,233.00,1,256.49
13814.00,4_3596,899.00,317.00,596.93,246.00,2,290.14
13814.00,5_48,919.60,280.00,615.10,229.00,1,254.34
13816.00,4_3560,884.00,352.00,617.75,274.00,2,313.96
13816.00,5_55,922.50,277.00,615.10,227.00,1,242.49
13819.00,4_3579,888.50,341.00,617.75,263.00,2,300.41
13821.00,4_3591,896.50,329.00,617.75,251.00,2,301.10
13821.00,5_20,908.00,307.00,596.93,234.00,1,269.23
13822.00,5_1,899.70,322.00,617.75,242.00,2,288.32
13822.00,5_37,913.90,297.00,596.93,234.00,1,264.95
13822.00,5_125,932.50,252.00,615.10,199.00,1,223.37
13824.00,5_4,900.80,322.00,617.75,243.00,2,289.63
13824.00,5_47,916.90,293.00,596.93,234.00,1,259.82
13824.00,5_75,925.50,276.00,615.10,217.00,1,229.60
13825.00,5_18,907.60,312.00,617.75,237.00,1,282.10
13825.00,5_135,940.50,244.00,615.10,190.00,1,207.26
13827.00,5_65,922.50,285.00,596.93,226.00,1,252.09
13827.00,5_185,935.50,236.00,615.10,182.00,1,205.56
13828.00,5_200,938.00,230.00,615.10,175.00,1,197.40
13828.00,5_222,943.40,218.00,615.10,165.00,1,186.17
13830.00,5_69,924.30,285.00,596.93,226.00,1,251.56
13831.00,5_86,928.20,277.00,596.93,218.00,1,247.08
13831.00,5_226,945.20,218.00,615.10,163.00,1,181.40
13832.00,5_234,948.80,213.00,615.10,160.00,1,177.27
13833.00,5_22,910.40,316.00,617.75,235.00,1,274.12
13833.00,5_90,930.00,276.00,596.93,216.00,1,246.94
13834.00,5_49,922.30,297.00,617.75,234.00,1,261.93
13835.00,5_81,926.70,284.00,617.75,224.00,1,253.54
13836.00,5_109,930.30,273.00,596.93,211.00,1,241.05
13836.00,5_241,949.70,214.00,615.10,158.00,1,172.54
13837.00,5_257,957.90,202.00,615.10,146.00,1,167.84
13838.00,5_105,928.50,278.00,617.75,215.00,1,243.02
13838.00,5_127,934.90,265.00,596.93,204.00,1,234.51
13839.00,5_277,963.90,192.00,615.10,136.00,1,162.44
13841.00,5_110,933.00,275.00,617.75,210.00,1,239.22
13841.00,5_279,966.30,191.00,615.10,133.00,1,154.60
13842.00,5_283,971.10,186.00,615.10,131.00,1,149.45
13843.00,5_124,930.80,275.00,617.75,209.00,1,242.80
13843.00,5_134,937.80,265.00,596.93,201.00,1,230.13
13844.00,5_286,973.20,185.00,615.10,130.00,1,155.31
13845.00,5_3286,0.20,259.00,586.83,196.00,1,230.82
13846.00,5_129,937.30,270.00,617.75,202.00,1,233.78
13846.00,5_287,975.90,184.00,615.10,127.00,1,143.83
13848.00,5_136,943.20,264.00,617.75,196.00,1,231.85
13848.00,5_295,975.50,184.00,615.10,126.00,1,157.54
13849.00,5_165,936.50,263.00,617.75,195.00,1,234.96
13849.00,5_201,940.70,248.00,596.93,184.00,1,218.18
13849.00,5_318,976.60,177.00,615.10,122.00,1,143.19
13850.00,5_190,937.00,256.00,596.93,187.00,1,216.97
13851.00,5_168,936.60,264.00,617.75,195.00,1,233.39
13851.00,5_328,982.60,170.00,615.10,114.00,1,136.92
13852.00,5_331,984.70,168.00,615.10,111.00,1,137.13
13853.00,5_205,942.50,249.00,596.93,181.00,1,215.05
13854.00,5_349,998.30,151.00,615.10,94.00,1,116.67
13855.00,5_184,933.80,266.00,617.75,195.00,2,232.97
13856.00,5_209,944.30,249.00,596.93,180.00,1,215.07
13858.00,5_370,1103.00,44.00,615.10,1.00,1,15.04
13860.00,5_196,938.20,263.00,617.75,190.00,1,225.02
13861.00,5_229,947.30,245.00,596.93,172.00,1,206.71
13862.00,5_322,978.40,187.00,596.93,121.00,2,158.69
13862.00,5_373,1110.10,40.00,615.10,0.00,0,7.11
13862.00,5_3357,21.90,233.00,607.65,160.00,1,203.11
13864.00,5_243,952.10,239.00,596.93,164.00,1,206.81
13864.00,5_374,1111.80,40.00,615.10,0.00,0,10.39
13865.00,5_244,954.80,237.00,617.75,158.00,1,198.79
13865.00,5_245,955.50,236.00,596.93,162.00,1,206.63
13866.00,5_268,963.60,222.00,617.75,147.00,1,189.28
13867.00,5_255,955.50,235.00,596.93,162.00,1,207.46
13868.00,5_269,964.30,223.00,617.75,147.00,1,191.16
13868.00,5_376,1114.20,41.00,615.10,0.00,0,10.66
13870.00,5_258,960.60,232.00,596.93,155.00,1,199.67
13870.00,5_371,1104.70,54.00,615.10,0.00,0,24.51
13874.00,5_335,986.50,187.00,617.75,109.00,1,151.09
13875.00,5_310,978.00,204.00,617.75,124.00,1,162.03
13876.00,4_1701,1583.50,642.00,596.93,560.00,3,614.95
13878.00,4_1815,1593.50,577.00,617.75,509.00,3,544.16
13881.00,4_1705,1584.50,644.00,596.93,555.00,3,609.52
13881.00,4_1829,1594.50,572.00,615.10,505.00,3,543.02
13882.00,4_1717,1585.50,638.00,596.93,550.00,3,609.77
13884.00,4_1751,1585.50,623.00,617.75,534.00,3,583.57
13885.00,4_1735,1581.50,636.00,596.93,546.00,3,603.90
13885.00,4_1835,1711.50,456.00,615.10,397.00,2,429.50
13886.00,4_1817,1593.50,584.00,617.75,511.00,3,548.90
13887.00,4_1639,1577.50,690.00,617.75,601.00,3,658.49
13888.00,4_1736,1584.00,636.00,596.93,544.00,3,603.28
13889.00,4_1830,1710.00,464.00,617.75,399.00,2,433.55
13891.00,4_1660,1577.00,684.00,617.75,592.00,5,653.55
13893.00,4_1779,1587.50,616.00,596.93,521.00,3,585.04
13895.00,4_1752,1586.00,633.00,596.93,534.00,3,592.26
13895.00,4_1852,1717.00,452.00,615.10,394.00,2,420.97
13896.00,4_1663,1579.50,685.00,617.75,588.00,4,649.42
13897.00,4_1808,1594.00,599.00,617.75,511.00,5,566.80
13898.00,4_1860,1717.00,451.00,615.10,392.00,2,417.43
13899.00,4_1781,1589.50,619.00,596.93,520.00,3,581.55
13899.00,4_1836,1714.00,467.00,617.75,403.00,2,439.64
13900.00,4_1784,1591.00,617.00,596.93,518.00,4,585.56
13900.00,4_1882,1713.00,446.00,615.10,386.00,2,414.84
13901.00,4_1684,1576.00,683.00,617.75,586.00,5,652.62
13901.00,4_1885,1714.50,444.00,615.10,383.00,2,411.00
13904.00,4_1685,1576.50,685.00,617.75,584.00,5,653.88
13904.00,4_1805,1592.50,609.00,596.93,509.00,4,572.84
13905.00,4_1811,1593.50,606.00,596.93,507.00,4,573.52
13906.00,4_1690,1582.00,679.00,617.75,579.00,5,648.97
13906.00,4_1875,1713.50,455.00,615.10,389.00,2,419.56
13907.00,4_1821,1594.50,602.00,596.93,503.00,4,570.62
13908.00,4_1923,1715.50,431.00,615.10,368.00,2,401.92
13909.00,4_1837,1714.50,476.00,596.93,391.00,2,445.10
13909.00,4_1915,1710.50,441.00,615.10,376.00,2,403.47
13911.00,4_1908,1713.00,444.00,617.75,374.00,2,410.87
13911.00,4_1916,1713.00,440.00,615.10,371.00,2,411.02
13911.00,4_1929,1718.50,428.00,615.10,364.00,2,396.91
13913.00,4_1707,1586.50,673.00,617.75,567.00,5,630.54
13913.00,4_1846,1716.00,474.00,596.93,388.00,2,439.12
13915.00,4_1720,1587.00,668.00,617.75,565.00,7,632.56
13917.00,4_1726,1585.00,669.00,617.75,558.00,6,636.47
13918.00,4_1905,1711.50,454.00,596.93,370.00,2,420.92
13918.00,4_1961,1786.50,351.00,615.10,293.00,2,319.80
13919.00,4_1902,1710.00,458.00,596.93,372.00,2,418.22
13919.00,4_1970,1800.00,334.00,605.00,283.00,1,306.00
13920.00,4_1746,1585.00,662.00,617.75,548.00,6,625.73
13920.00,4_1953,1714.50,429.00,596.93,352.00,3,399.94
13921.00,4_1748,1585.00,662.00,617.75,547.00,7,631.05
13922.00,4_1920,1714.00,448.00,596.93,368.00,2,419.09
13925.00,4_1785,1593.50,639.00,617.75,522.00,7,608.39
13925.00,4_1959,1784.50,361.00,615.10,293.00,3,324.38
13927.00,4_1930,1720.00,442.00,596.93,356.00,3,405.29
13927.00,4_1981,1799.50,337.00,615.10,283.00,1,304.90
13928.00,4_1833,1709.50,502.00,617.75,397.00,6,460.21
13928.00,4_1990,1801.00,332.00,615.10,281.00,1,303.81
13930.00,4_1824,1596.00,622.00,617.75,504.00,9,589.11
13930.00,4_1924,1718.00,450.00,596.93,365.00,2,413.72
13930.00,4_1996,1800.00,332.00,615.10,281.00,1,304.80
13931.00,4_1954,1784.00,370.00,617.75,296.00,3,340.00
13931.00,4_2005,1802.50,326.00,615.10,276.00,1,297.62
13932.00,4_1933,1721.50,444.00,596.93,354.00,4,410.57
13934.00,4_1966,1799.00,352.00,596.93,273.00,1,317.97
13935.00,4_1842,1715.00,499.00,617.75,398.00,6,465.92
13935.00,4_1982,1802.00,342.00,596.93,273.00,2,311.63
13936.00,4_2028,1809.00,313.00,615.10,259.00,1,273.01
13937.00,4_1845,1714.50,500.00,617.75,397.00,7,470.47
13938.00,4_2050,1808.00,305.00,615.10,251.00,1,271.74
13939.00,4_2022,1806.00,322.00,596.93,259.00,1,292.73
13940.00,4_1851,1716.50,498.00,617.75,394.00,7,464.68
13940.00,4_2002,1801.00,338.00,615.10,270.00,1,303.76
13940.00,4_2015,1806.50,326.00,615.10,259.00,1,289.59
13940.00,4_2058,1808.00,303.00,615.10,248.00,1,262.72
13941.00,5_2818,1.60,494.00,607.65,393.00,5,466.84
13942.00,4_2077,1811.50,292.00,615.10,239.00,1,262.11
13943.00,4_2027,1806.50,323.00,596.93,257.00,1,292.24
13943.00,4_2085,1811.50,289.00,615.10,236.00,1,254.19
13945.00,4_2090,1813.00,287.00,615.10,235.00,1,253.92
13946.00,4_1853,1719.50,500.00,617.75,395.00,6,463.75
13946.00,4_2041,1806.50,319.00,596.93,251.00,1,286.15
13947.00,4_2098,1818.00,280.00,615.10,228.00,1,243.60
13948.00,4_1867,1716.50,498.00,617.75,397.00,5,467.94
13948.00,4_2048,1806.00,318.00,596.93,250.00,1,286.83
13949.00,4_1974,1801.00,361.00,617.75,273.00,3,331.73
13949.00,4_2109,1815.50,279.00,615.10,225.00,1,241.98
13951.00,4_1896,1712.00,491.00,617.75,394.00,6,460.55
13952.00,4_2065,1807.50,312.00,596.93,241.00,1,278.23
13953.00,4_2008,1804.00,345.00,617.75,268.00,3,312.44
13953.00,4_2069,1811.50,307.00,596.93,236.00,1,276.83
13953.00,4_2116,1821.00,274.00,615.10,218.00,1,234.06
13954.00,4_2010,1805.00,344.00,617.75,267.00,4,316.95
13956.00,4_2150,2022.00,59.00,615.10,3.00,1,17.86
13961.00,4_3412,1127.00,328.00,615.10,281.00,1,297.53
13962.00,4_3398,1125.00,338.00,617.75,279.00,1,304.98
13964.00,4_3425,1124.50,327.00,596.93,279.00,1,292.82
13966.00,4_3371,1126.50,354.00,617.75,293.00,3,318.45
13966.00,4_3432,1124.00,326.00,615.10,278.00,1,292.05
13968.00,4_3436,1125.00,325.00,596.93,276.00,1,293.07
13969.00,4_3330,1124.00,380.00,617.75,299.00,4,344.87
13971.00,4_3400,1126.00,345.00,617.75,287.00,3,312.16
13971.00,4_3463,1127.50,312.00,596.93,260.00,1,278.77
13973.00,4_3470,1134.00,304.00,596.93,255.00,1,276.39
13974.00,4_3395,1124.50,352.00,617.75,286.00,4,316.32
13976.00,4_3356,1132.00,366.00,617.75,295.00,5,334.46
13976.00,4_3474,1135.00,304.00,596.93,252.00,1,272.26
13977.00,4_3437,1127.50,331.00,615.10,277.00,2,298.86
13978.00,4_3331,1124.50,388.00,617.75,299.00,5,356.53
13979.00,4_3482,1134.00,304.00,596.93,249.00,1,270.03
13980.00,4_3441,1130.50,329.00,615.10,271.00,1,293.53
13982.00,4_3456,1128.00,326.00,615.10,269.00,1,301.33
13983.00,4_3464,1130.00,321.00,615.10,265.00,1,288.64
13983.00,4_3483,1136.50,305.00,596.93,248.00,1,268.89
13984.00,4_3170,1100.00,499.00,617.75,388.00,5,461.97
13984.00,5_3626,3.20,293.00,586.83,236.00,1,259.35
13985.00,4_3179,1096.50,499.00,617.75,385.00,5,466.49
13985.00,4_3465,1132.50,320.00,615.10,262.00,1,289.67
13986.00,4_3486,1138.00,305.00,615.10,248.00,1,274.80
13986.00,4_3495,1143.50,295.00,596.93,236.00,1,262.95
13988.00,4_3199,1097.50,491.00,617.75,382.00,3,457.89
13989.00,4_3489,1141.50,303.00,615.10,244.00,1,266.60
13989.00,4_3522,1144.00,284.00,615.10,224.00,2,251.71
13990.00,4_3201,1098.50,491.00,617.75,384.00,3,457.14
13990.00,4_3507,1145.50,291.00,615.10,233.00,1,262.15
13990.00,4_3543,1148.50,270.00,596.93,214.00,1,243.56
13991.00,4_3537,1145.50,277.00,615.10,220.00,1,245.82
13992.00,4_3504,1145.00,295.00,615.10,233.00,1,258.74
13992.00,4_3525,1145.50,284.00,615.10,226.00,1,251.18
13994.00,4_3202,1100.00,493.00,617.75,382.00,5,457.80
13995.00,4_3530,1146.00,284.00,615.10,225.00,1,249.72
13995.00,4_3551,1152.50,267.00,596.93,208.00,1,235.19
13996.00,4_3214,1102.00,487.00,617.75,379.00,3,451.00
13997.00,4_3555,1154.50,265.00,596.93,207.00,1,234.91
13998.00,4_3218,1101.00,488.00,617.75,380.00,4,455.06
13998.00,4_3558,1156.00,263.00,615.10,204.00,1,225.45
13998.00,4_3567,1157.50,257.00,615.10,198.00,1,224.94
13999.00,4_3241,1100.50,478.00,617.75,373.00,3,445.85
13999.00,4_3561,1157.50,261.00,596.93,202.00,1,231.97
14000.00,4_3572,1160.00,254.00,615.10,195.00,1,223.36
14002.00,4_3576,1161.00,253.00,615.10,194.00,1,221.66
14003.00,5_3,1155.10,247.00,615.10,190.00,1,214.54
14004.00,4_3569,1159.50,260.00,596.93,198.00,1,224.53
14005.00,5_8,1156.60,246.00,615.10,187.00,1,218.43
14006.00,4_3585,1159.50,254.00,596.93,191.00,1,223.15
14007.00,4_3284,1111.00,454.00,617.75,333.00,5,416.98
14007.00,5_21,1166.70,234.00,615.10,176.00,1,198.99
14008.00,5_11,1159.70,245.00,596.93,181.00,1,213.13
14009.00,4_3252,1101.00,482.00,617.75,360.00,4,436.96
14009.00,4_3290,1116.00,448.00,617.75,329.00,4,414.79
14009.00,5_83,1166.10,218.00,615.10,160.00,1,183.47
14010.00,5_16,1165.20,240.00,615.10,177.00,1,208.56
14011.00,4_3292,1118.00,447.00,617.75,330.00,6,412.69
14011.00,5_35,1171.50,229.00,596.93,165.00,1,199.55
14014.00,4_3308,1122.00,438.00,617.75,320.00,4,402.88
14015.00,5_40,1173.00,230.00,615.10,165.00,1,197.69
14016.00,4_3423,1124.50,380.00,617.75,273.00,1,344.54
14016.00,5_98,1168.60,218.00,615.10,166.00,1,188.32
14018.00,5_54,1171.80,230.00,596.93,162.00,1,198.23
14019.00,5_33,1169.10,240.00,617.75,182.00,2,203.69
14020.00,5_84,1168.80,226.00,617.75,170.00,2,192.90
14021.00,5_94,1166.80,226.00,596.93,159.00,1,192.34
14021.00,5_99,1171.30,220.00,615.10,163.00,1,182.59
14022.00,5_114,1174.80,213.00,615.10,156.00,1,184.03
14023.00,4_3439,1129.50,374.00,617.75,274.00,3,342.16
14024.00,5_103,1173.10,220.00,615.10,150.00,1,183.63
14025.00,5_111,1172.70,219.00,615.10,150.00,1,190.36
14026.00,4_3453,1127.50,372.00,617.75,273.00,3,337.93
14026.00,5_118,1178.60,212.00,596.93,146.00,1,180.65
14026.00,5_138,1186.60,198.00,615.10,145.00,1,167.68
14028.00,5_122,1180.40,211.00,596.93,143.00,1,180.94
14029.00,4_3467,1134.50,361.00,617.75,271.00,1,324.75
14030.00,5_132,1181.40,209.00,596.93,142.00,1,179.31
14031.00,5_133,1184.10,207.00,617.75,148.00,1,173.95
14032.00,5_31,1167.70,255.00,617.75,183.00,2,222.79
14036.00,5_142,1188.40,205.00,617.75,144.00,1,171.51
14037.00,5_137,1183.90,212.00,596.93,139.00,1,174.09
14038.00,5_148,1191.60,202.00,596.93,130.00,1,175.19
14038.00,5_149,1194.30,199.00,615.10,128.00,1,165.74
14039.00,4_3487,1140.50,355.00,617.75,270.00,3,321.81
14039.00,5_152,1196.40,197.00,615.10,127.00,1,165.71
14040.00,5_145,1188.50,208.00,617.75,143.00,1,177.51
14042.00,5_164,1199.80,193.00,596.93,125.00,1,165.20
14043.00,5_29,1167.30,267.00,617.75,186.00,5,235.49
14043.00,5_158,1197.60,198.00,615.10,128.00,1,160.05
14044.00,5_172,1203.40,189.00,596.93,118.00,2,162.88
14045.00,5_193,1333.10,54.00,615.10,0.00,0,23.57
14047.00,5_147,1190.90,212.00,617.75,145.00,2,179.23
14047.00,5_191,1328.70,61.00,615.10,0.00,0,30.47
14049.00,5_183,1325.10,69.00,617.75,1.00,1,35.01
14051.00,4_3490,1144.00,362.00,617.75,273.00,6,330.24
14056.00,5_167,1201.90,204.00,596.93,130.00,2,163.34
14056.00,5_174,1313.80,90.00,617.75,21.00,1,52.13
14060.00,4_2103,1922.50,286.00,615.10,236.00,1,250.90
14061.00,4_2064,1919.00,310.00,615.10,259.00,1,274.58
14061.00,4_2086,1920.00,298.00,596.93,254.00,1,265.83
14062.00,4_2063,1917.50,313.00,617.75,261.00,1,275.37
14062.00,4_2134,1918.00,277.00,615.10,230.00,1,247.90
14063.00,4_2087,1922.50,297.00,596.93,251.00,1,266.62
14063.00,4_2180,1928.00,245.00,615.10,196.00,1,214.67
14064.00,4_2092,1923.00,295.00,596.93,250.00,1,266.14
14064.00,5_3827,2.90,313.00,607.65,261.00,1,281.54
14065.00,4_2067,1919.50,312.00,617.75,260.00,1,278.56
14065.00,4_2232,1933.00,216.00,615.10,167.00,1,189.45
14066.00,4_2244,1933.00,211.00,615.10,163.00,1,180.89
14068.00,4_2072,1920.00,312.00,617.75,260.00,1,277.41
14068.00,4_2246,1935.00,210.00,615.10,161.00,1,176.56
14070.00,4_2079,1918.50,312.00,617.75,259.00,1,277.88
14070.00,4_2254,1941.00,202.00,615.10,154.00,1,169.64
14071.00,4_2122,1918.00,292.00,596.93,238.00,1,255.21
14071.00,4_2259,1943.50,198.00,615.10,150.00,1,171.04
14072.00,4_2084,1919.00,311.00,617.75,258.00,1,276.93
14072.00,4_2136,1920.00,284.00,596.93,234.00,1,253.20
14073.00,4_2262,1948.00,194.00,615.10,146.00,1,162.30
14074.00,4_2141,1923.50,280.00,596.93,228.00,1,250.60
14074.00,4_2274,1954.00,183.00,615.10,136.00,1,154.66
14077.00,4_2280,1957.00,180.00,615.10,132.00,1,146.14
14078.00,4_2154,1923.00,278.00,596.93,223.00,1,249.63
14078.00,5_3891,6.70,304.00,607.65,247.00,1,269.88
14079.00,4_2095,1924.50,307.00,617.75,249.00,1,265.46
14079.00,4_2282,1959.00,179.00,615.10,130.00,1,149.50
14080.00,4_2106,1923.00,304.00,617.75,245.00,1,272.16
14081.00,4_2153,1920.50,284.00,596.93,223.00,1,242.18
14081.00,4_2284,1961.00,178.00,615.10,126.00,1,143.38
14083.00,4_2161,1922.50,280.00,596.93,223.00,1,246.17
14083.00,4_2290,1962.00,176.00,615.10,125.00,1,147.31
14084.00,4_2293,1963.50,174.00,615.10,125.00,1,142.14
14085.00,4_2127,1918.50,303.00,617.75,244.00,1,265.59
14085.00,4_2164,1924.00,279.00,596.93,222.00,1,249.94
14086.00,4_2138,1922.00,295.00,617.75,238.00,1,260.03
14086.00,4_2294,1966.00,173.00,615.10,123.00,1,143.21
14088.00,4_2168,1925.00,279.00,617.75,221.00,1,245.34
14088.00,4_2175,1924.50,276.00,596.93,219.00,1,242.63
14089.00,4_2179,1925.50,274.00,596.93,218.00,1,243.53
14089.00,4_2300,1966.00,173.00,615.10,120.00,1,135.79
14090.00,4_2185,1928.50,269.00,617.75,211.00,1,239.03
14090.00,4_2307,1966.50,170.00,615.10,120.00,1,139.89
14091.00,4_2194,1930.00,264.00,596.93,205.00,1,234.14
14092.00,4_2309,1968.50,169.00,615.10,117.00,1,139.02
14093.00,4_2317,1970.50,164.00,615.10,112.00,1,129.29
14095.00,4_2191,1928.50,271.00,617.75,209.00,1,233.44
14096.00,4_2195,1932.50,266.00,617.75,204.00,1,234.64
14096.00,4_2200,1932.00,264.00,596.93,202.00,1,229.28
14096.00,4_2319,1972.50,164.00,615.10,111.00,1,127.53
14097.00,4_2329,1971.50,161.00,615.10,111.00,1,131.76
14099.00,4_2209,1930.50,264.00,596.93,200.00,1,229.79
14099.00,4_2338,1971.00,159.00,615.10,109.00,1,128.10
14100.00,4_2225,1934.50,253.00,617.75,188.00,1,216.90
14101.00,4_2210,1933.00,263.00,596.93,199.00,1,235.73
14102.00,4_2214,1934.00,261.00,596.93,198.00,1,231.99
14102.00,4_2247,1937.50,241.00,617.75,178.00,1,210.69
14102.00,4_2356,1974.00,150.00,615.10,98.00,1,112.06
14103.00,4_2357,1976.50,148.00,615.10,97.00,1,113.36
14105.00,4_2242,1931.00,253.00,617.75,183.00,1,211.64
14109.00,5_265,961.50,468.00,596.93,389.00,2,434.23
14111.00,5_337,989.90,420.00,617.75,339.00,2,384.31
14112.00,5_411,1119.70,269.00,615.10,220.00,1,230.57
14113.00,5_281,968.70,460.00,596.93,378.00,2,423.33
14113.00,5_340,993.00,418.00,617.75,336.00,2,384.25
14114.00,5_402,1119.40,274.00,615.10,218.00,1,244.60
14115.00,5_296,979.20,447.00,596.93,363.00,2,419.15
14115.00,5_348,997.60,413.00,617.75,331.00,2,378.59
14115.00,5_418,1123.60,266.00,615.10,216.00,1,229.78
14116.00,5_326,980.20,438.00,596.93,351.00,3,406.64
14117.00,5_429,1125.30,263.00,615.10,213.00,1,229.85
14118.00,5_357,1095.90,315.00,617.75,229.00,2,283.37
14119.00,5_4193,5.10,256.00,605.00,206.00,1,223.08
14121.00,5_336,987.20,433.00,596.93,338.00,3,397.07
14121.00,5_359,1099.30,314.00,617.75,228.00,1,281.84
14122.00,5_342,993.40,426.00,596.93,330.00,3,397.71
14122.00,5_372,1107.40,303.00,617.75,228.00,2,275.54
14122.00,5_468,1141.60,240.00,615.10,188.00,1,200.88
14123.00,5_476,1145.20,235.00,615.10,184.00,1,198.45
14125.00,5_511,1152.70,219.00,615.10,166.00,1,187.19
14126.00,5_390,1116.00,293.00,617.75,226.00,1,258.83
14126.00,5_516,1154.20,217.00,615.10,164.00,1,184.56
14127.00,5_339,990.30,435.00,596.93,333.00,5,396.82
14128.00,5_392,1117.40,293.00,617.75,225.00,1,259.70
14128.00,5_4371,2.70,214.00,605.00,162.00,1,183.16
14129.00,5_522,1157.40,215.00,605.00,162.00,1,184.44
14129.00,5_525,1166.50,205.00,615.10,153.00,1,175.71
14130.00,5_352,999.40,425.00,596.93,321.00,4,387.90
14131.00,5_534,1166.80,204.00,615.10,153.00,1,175.67
14132.00,5_346,995.20,433.00,596.93,329.00,4,398.44
14133.00,5_353,1002.10,425.00,596.93,322.00,4,399.95
14133.00,5_425,1124.50,281.00,617.75,222.00,1,242.29
14135.00,5_448,1125.60,275.00,617.75,216.00,1,240.03
14136.00,5_555,1167.50,202.00,615.10,149.00,1,164.13
14137.00,5_449,1128.30,274.00,617.75,215.00,1,242.19
14137.00,5_566,1169.20,198.00,615.10,146.00,1,167.09
14138.00,5_361,1099.70,330.00,596.93,227.00,1,302.98
14139.00,5_358,1096.60,335.00,596.93,228.00,2,296.31
14140.00,5_451,1128.70,276.00,617.75,214.00,1,241.51
14143.00,5_452,1131.40,276.00,617.75,214.00,1,239.95
14143.00,5_575,1170.50,200.00,615.10,142.00,1,155.14
14144.00,5_401,1116.70,307.00,596.93,226.00,1,279.13
14145.00,5_458,1135.60,272.00,617.75,209.00,1,242.95
14145.00,5_582,1177.40,193.00,615.10,134.00,1,148.00
14145.00,5_586,1179.20,190.00,615.10,133.00,1,156.26
14146.00,5_379,1116.30,316.00,596.93,226.00,1,275.14
14147.00,5_459,1138.30,271.00,617.75,207.00,1,237.76
14147.00,5_4513,5.10,188.00,605.00,132.00,1,156.44
14148.00,5_413,1122.10,302.00,596.93,226.00,1,269.59
14148.00,5_594,1182.80,187.00,615.10,131.00,1,154.95
14149.00,5_481,1149.70,255.00,617.75,194.00,1,226.42
14150.00,5_494,1147.80,254.00,617.75,192.00,1,223.54
14150.00,5_595,1185.50,186.00,615.10,130.00,1,148.62
14151.00,5_435,1126.50,294.00,596.93,226.00,1,260.03
14152.00,5_629,1186.30,177.00,615.10,120.00,1,146.79
14153.00,5_454,1133.80,283.00,596.93,218.00,1,249.73
14153.00,5_633,1188.10,175.00,615.10,119.00,1,140.57
14155.00,5_642,1188.40,174.00,615.10,117.00,1,138.92
14156.00,5_497,1148.90,258.00,617.75,190.00,1,220.00
14157.00,5_462,1140.40,278.00,596.93,211.00,1,241.90
14157.00,5_652,1192.40,169.00,615.10,111.00,1,130.69
14158.00,5_503,1153.10,254.00,617.75,187.00,1,221.41
14159.00,5_472,1143.40,274.00,596.93,207.00,1,241.88
14159.00,5_518,1156.60,247.00,617.75,179.00,1,214.62
14159.00,5_660,1196.00,165.00,615.10,108.00,1,130.49
14160.00,5_671,1199.70,159.00,615.10,103.00,1,130.75
14162.00,5_477,1147.90,271.00,596.93,202.00,1,233.86
14162.00,5_686,1202.20,154.00,615.10,97.00,1,124.99
14163.00,5_539,1168.30,233.00,617.75,162.00,1,196.76
14164.00,5_499,1151.30,263.00,596.93,194.00,1,229.02
14164.00,5_689,1204.30,153.00,615.10,95.00,1,120.49
14165.00,5_548,1167.60,233.00,617.75,161.00,1,206.87
14165.00,5_696,1210.20,146.00,615.10,89.00,1,116.39
14167.00,5_523,1161.10,249.00,596.93,177.00,1,213.03
14167.00,5_708,1212.60,142.00,615.10,86.00,1,107.04
14168.00,5_524,1163.80,247.00,596.93,175.00,1,216.97
14168.00,5_559,1169.30,231.00,617.75,160.00,1,195.83
14169.00,5_4771,0.70,137.00,605.00,82.00,1,103.43
14170.00,5_574,1169.80,228.00,617.75,157.00,1,199.08
14170.00,5_577,1172.90,224.00,596.93,151.00,1,193.77
14170.00,5_716,1220.20,135.00,615.10,79.00,1,99.85
14172.00,5_724,1224.80,130.00,615.10,73.00,1,98.64
14173.00,5_578,1175.60,224.00,617.75,150.00,1,188.64
14173.00,5_748,1226.60,122.00,615.10,68.00,1,89.58
14174.00,5_613,1184.10,206.00,596.93,132.00,1,171.65
14175.00,5_757,1228.90,119.00,615.10,64.00,1,87.47
14176.00,5_624,1183.80,205.00,596.93,131.00,2,175.07
14176.00,5_729,1226.30,131.00,615.10,72.00,1,98.90
14177.00,5_579,1176.30,227.00,617.75,151.00,2,188.56
14177.00,5_591,1180.70,219.00,617.75,146.00,1,185.20
14178.00,5_782,1299.40,44.00,615.10,0.00,0,15.57
14180.00,5_593,1181.10,221.00,617.75,144.00,1,187.58
14180.00,5_643,1191.10,196.00,596.93,122.00,1,160.09
14181.00,5_657,1193.90,190.00,596.93,113.00,1,157.76
14182.00,5_775,1229.50,120.00,617.75,60.00,1,87.80
14182.00,5_784,1301.80,45.00,615.10,0.00,0,10.46
14183.00,5_670,1197.00,185.00,596.93,109.00,1,153.68
14183.00,5_717,1223.90,144.00,615.10,78.00,1,113.75
14184.00,5_677,1201.90,179.00,596.93,103.00,1,153.31
14186.00,5_611,1183.70,219.00,607.65,138.00,1,182.33
14186.00,5_691,1207.70,171.00,596.93,96.00,1,144.17
14188.00,5_627,1185.90,214.00,617.75,134.00,1,181.20
14188.00,5_711,1214.70,160.00,596.93,86.00,1,132.18
14190.00,5_644,1193.80,203.00,617.75,123.00,1,169.16
14191.00,5_715,1217.50,159.00,596.93,81.00,1,128.92
14191.00,5_794,1308.80,44.00,615.10,0.00,0,6.17
14193.00,5_661,1198.70,196.00,617.75,114.00,1,161.73
14195.00,5_676,1201.20,191.00,617.75,109.00,1,158.43
14196.00,5_690,1207.00,182.00,617.75,101.00,1,151.38
14196.00,5_746,1224.20,148.00,596.93,71.00,1,114.44
14200.00,5_693,1210.10,182.00,617.75,100.00,1,149.62
14200.00,5_751,1227.70,147.00,596.93,69.00,1,110.87
14201.00,5_778,1231.60,136.00,596.93,58.00,1,103.22
14202.00,5_697,1212.90,180.00,617.75,97.00,1,150.81
14203.00,5_824,1314.80,41.00,615.10,0.00,0,6.38
14205.00,5_702,1212.40,182.00,617.75,96.00,1,147.75
14205.00,5_789,1303.30,65.00,596.93,0.00,0,30.48
14205.00,5_831,1315.70,40.00,615.10,0.00,0,9.50
14207.00,5_790,1306.00,64.00,596.93,0.00,0,30.93
14208.00,5_758,1229.60,151.00,617.75,63.00,1,115.77
14212.00,4_2093,1814.50,551.00,596.93,478.00,2,518.98
14213.00,4_2156,2030.00,305.00,617.75,251.00,1,274.70
14215.00,4_2166,2035.00,297.00,617.75,247.00,1,267.76
14217.00,4_2096,1816.00,553.00,596.93,475.00,2,517.53
14220.00,4_2110,1818.00,547.00,596.93,467.00,2,510.78
14221.00,4_2145,2014.50,334.00,615.10,255.00,3,304.35
14221.00,5_3477,2.90,575.00,607.65,495.00,2,537.36
14222.00,4_2112,1820.00,546.00,596.93,465.00,2,510.06
14223.00,4_2173,2034.50,302.00,617.75,247.00,2,269.74
14224.00,4_2120,1823.00,541.00,596.93,461.00,2,511.83
14224.00,4_2187,2034.50,296.00,615.10,242.00,1,263.51
14225.00,4_2135,1822.50,535.00,596.93,449.00,3,504.34
14226.00,4_2189,2036.50,295.00,615.10,241.00,1,263.74
14227.00,4_2014,1805.00,615.00,617.75,521.00,8,576.88
14227.00,4_2198,2038.00,290.00,615.10,239.00,1,259.29
14229.00,4_2040,1806.00,603.00,617.75,508.00,4,569.81
14230.00,4_2057,1807.50,594.00,617.75,498.00,4,561.37
14230.00,4_2143,2010.50,348.00,596.93,261.00,2,311.23
14231.00,4_2202,2039.00,291.00,615.10,238.00,1,254.41
14232.00,4_2066,1810.00,589.00,617.75,491.00,5,554.62
14233.00,4_2140,1823.00,540.00,596.93,459.00,3,503.64
14233.00,4_2203,2041.50,290.00,615.10,236.00,1,255.13
14234.00,4_2068,1810.00,590.00,617.75,486.00,5,557.32
14234.00,4_2126,1823.00,548.00,596.93,461.00,3,516.23
14234.00,5_4309,55.30,286.00,605.00,233.00,1,256.91
14235.00,4_2083,1810.50,583.00,617.75,485.00,5,556.07
14236.00,4_2222,2041.00,284.00,615.10,231.00,1,254.48
14237.00,4_2160,2034.00,323.00,596.93,246.00,1,289.89
14237.00,4_2226,2042.00,282.00,615.10,228.00,1,253.88
14238.00,4_2131,1823.50,549.00,617.75,459.00,3,517.06
14239.00,4_2228,2044.00,281.00,615.10,227.00,1,247.73
14241.00,4_2229,2046.50,280.00,615.10,226.00,1,246.44
14243.00,4_2089,1812.50,586.00,617.75,482.00,6,550.22
14243.00,4_2146,2015.00,355.00,596.93,261.00,4,313.86
14243.00,4_2277,2038.50,266.00,615.10,212.00,1,230.32
14244.00,4_2158,2032.00,333.00,617.75,247.00,1,304.46
14244.00,4_2174,2038.00,319.00,596.93,246.00,1,283.98
14245.00,4_2283,2038.50,265.00,615.10,211.00,1,235.16
14246.00,4_2196,2036.00,312.00,596.93,247.00,2,278.15
14246.00,4_2298,2037.00,260.00,615.10,207.00,1,230.60
14246.00,5_3580,8.00,564.00,607.65,459.00,4,531.37
14248.00,4_2301,2038.50,259.00,615.10,204.00,1,226.42
14249.00,4_2207,2044.50,301.00,596.93,236.00,1,264.62
14250.00,4_2313,2040.50,253.00,615.10,198.00,1,217.14
14250.00,5_4153,74.10,330.00,607.65,247.00,1,294.80
14251.00,4_2117,1823.50,569.00,617.75,458.00,5,537.26
14251.00,4_2239,2046.50,285.00,596.93,224.00,1,256.71
14251.00,4_2344,2042.00,237.00,615.10,183.00,1,206.57
14253.00,4_2163,2035.50,336.00,617.75,245.00,1,304.93
14253.00,4_2349,2042.50,236.00,615.10,184.00,1,202.47
14254.00,4_2288,2039.00,271.00,596.93,207.00,1,237.60
14256.00,4_2171,2034.50,336.00,617.75,249.00,2,302.18
14256.00,4_2387,2033.50,229.00,615.10,173.00,1,190.38
14257.00,4_2204,2044.00,311.00,617.75,244.00,1,279.65
14257.00,4_2395,2033.50,226.00,615.10,172.00,1,195.43
14259.00,4_2400,2034.00,225.00,615.10,169.00,1,193.33
14260.00,4_2310,2039.00,266.00,596.93,198.00,1,224.41
14261.00,5_182,1312.40,294.00,596.93,227.00,3,264.37
14262.00,5_206,1337.20,263.00,617.75,204.00,1,233.10
14262.00,5_288,1349.60,226.00,615.10,181.00,1,195.51
14263.00,5_203,1335.10,267.00,596.93,205.00,1,238.01
14264.00,5_161,1199.70,416.00,617.75,343.00,4,385.87
14265.00,5_289,1352.30,226.00,615.10,180.00,1,194.25
14266.00,5_207,1337.90,266.00,596.93,204.00,1,235.94
14268.00,5_116,1178.20,455.00,617.75,366.00,4,424.46
14269.00,5_316,1360.20,214.00,615.10,164.00,1,178.22
14270.00,5_319,1363.30,211.00,615.10,163.00,1,184.29
14271.00,5_211,1339.70,268.00,596.93,203.00,1,233.47
14272.00,5_324,1370.80,204.00,615.10,157.00,1,173.56
14273.00,5_212,1342.40,267.00,596.93,203.00,1,233.55
14273.00,5_333,1372.10,201.00,615.10,151.00,1,169.13
14274.00,5_14,1164.80,505.00,617.75,412.00,3,466.41
14274.00,5_217,1344.90,264.00,596.93,203.00,1,235.67
14275.00,5_395,1374.50,182.00,615.10,132.00,1,149.96
14276.00,5_128,1181.60,456.00,617.75,361.00,7,425.10
14277.00,4_3502,1144.00,582.00,617.75,472.00,6,547.18
14277.00,5_396,1377.20,181.00,615.10,130.00,1,145.92
14279.00,5_3635,6.50,582.00,607.65,467.00,6,550.41
14280.00,5_221,1346.70,267.00,596.93,203.00,1,229.44
14280.00,5_400,1380.00,180.00,615.10,128.00,1,142.78
14281.00,5_225,1349.50,264.00,596.93,202.00,1,231.37
14281.00,5_426,1392.20,161.00,615.10,110.00,1,131.54
14283.00,4_3519,1142.50,581.00,617.75,461.00,6,545.22
14283.00,5_437,1392.90,159.00,615.10,108.00,1,130.34
14284.00,5_228,1351.60,264.00,596.93,202.00,1,230.56
14285.00,4_3521,1142.50,582.00,617.75,459.00,6,545.87
14285.00,5_438,1395.60,158.00,615.10,105.00,1,122.02
14286.00,5_237,1354.90,260.00,596.93,202.00,1,226.88
14286.00,5_456,1396.20,153.00,615.10,100.00,1,122.46
14287.00,4_3538,1148.00,570.00,617.75,447.00,5,539.78
14287.00,5_247,1353.90,259.00,596.93,201.00,1,232.43
14288.00,4_3542,1147.00,570.00,617.75,444.00,4,539.68
14288.00,5_464,1397.80,151.00,615.10,99.00,1,117.32
14289.00,5_467,1399.90,149.00,615.10,96.00,1,115.06
14291.00,5_303,1351.10,249.00,596.93,191.00,1,215.84
14293.00,4_3546,1150.00,570.00,617.75,443.00,5,532.06
14293.00,5_306,1353.20,248.00,596.93,189.00,1,216.52
14296.00,4_3549,1149.50,572.00,617.75,440.00,4,532.09
14297.00,4_3550,1151.00,571.00,617.75,437.00,5,533.62
14297.00,5_490,1408.00,142.00,615.10,93.00,1,110.24
14298.00,5_312,1358.40,246.00,596.93,184.00,1,215.96
14299.00,4_3554,1154.00,568.00,617.75,437.00,6,534.59
14300.00,5_484,1403.80,151.00,617.75,93.00,1,117.04
14301.00,5_307,1355.90,253.00,596.93,186.00,1,210.41
14301.00,5_496,1413.20,139.00,615.10,88.00,1,106.63
14303.00,5_321,1365.70,241.00,596.93,179.00,1,210.99
14303.00,5_498,1415.60,138.00,615.10,85.00,1,108.66
14304.00,5_323,1368.10,239.00,596.93,177.00,1,209.21
14304.00,5_479,1404.30,156.00,617.75,97.00,1,125.76
14305.00,5_502,1423.40,131.00,615.10,81.00,1,99.12
14306.00,5_4848,17.60,234.00,586.83,172.00,1,203.85
14307.00,5_341,1374.70,230.00,596.93,168.00,1,201.13
14307.00,5_509,1424.30,130.00,615.10,77.00,1,97.24
14308.00,4_3597,1156.50,553.00,617.75,421.00,5,508.23
14311.00,5_10,1159.00,549.00,617.75,416.00,6,509.21
14312.00,5_378,1367.60,231.00,596.93,165.00,1,195.82
14312.00,5_491,1410.70,154.00,617.75,92.00,1,118.97
14312.00,5_541,1426.70,123.00,615.10,75.00,1,94.70
14313.00,5_12,1162.40,547.00,617.75,416.00,4,512.72
14314.00,5_386,1368.20,230.00,596.93,163.00,1,199.44
14315.00,5_13,1163.10,548.00,617.75,415.00,5,518.14
14315.00,5_550,1427.00,123.00,615.10,74.00,1,91.55
14317.00,5_533,1424.10,133.00,617.75,79.00,1,99.31
14319.00,5_199,1334.30,325.00,617.75,204.00,4,293.21
14321.00,5_388,1370.60,234.00,596.93,162.00,1,193.25
14321.00,5_394,1371.80,231.00,596.93,162.00,1,196.57
14322.00,5_557,1428.90,126.00,615.10,72.00,1,92.55
14323.00,5_216,1344.20,314.00,617.75,201.00,2,276.92
14323.00,5_4958,12.60,223.00,586.83,153.00,1,193.30
14324.00,5_403,1383.10,220.00,596.93,150.00,1,190.62
14325.00,5_554,1428.80,130.00,617.75,73.00,1,100.11
14327.00,5_517,1424.90,147.00,617.75,78.00,2,113.86
14329.00,5_409,1385.30,221.00,596.93,148.00,1,184.73
14332.00,4_2375,1970.50,374.00,615.10,319.00,2,347.65
14334.00,4_2253,1939.50,468.00,617.75,402.00,2,437.17
14335.00,4_2219,1934.50,491.00,596.93,421.00,2,455.29
14335.00,4_2381,1973.50,371.00,615.10,314.00,2,341.61
14336.00,4_2248,1939.00,473.00,596.93,402.00,2,439.08
14337.00,4_2255,1943.50,466.00,617.75,396.00,2,432.56
14338.00,4_2260,1946.00,462.00,596.93,389.00,2,432.26
14338.00,4_2389,1976.50,367.00,615.10,309.00,2,333.63
14341.00,4_2271,1952.50,453.00,617.75,379.00,2,417.20
14341.00,4_2394,1980.00,364.00,615.10,303.00,2,327.51
14342.00,4_2264,1950.00,460.00,596.93,385.00,2,426.99
14342.00,4_2272,1953.00,453.00,617.75,376.00,2,420.86
14343.00,4_2268,1951.00,458.00,596.93,382.00,2,427.70
14343.00,4_2416,1980.00,355.00,615.10,292.00,2,319.71
14344.00,4_2384,1975.00,377.00,615.10,310.00,2,349.18
14345.00,4_2314,1969.00,419.00,596.93,345.00,2,389.62
14346.00,4_2275,1956.50,452.00,617.75,375.00,2,415.55
14347.00,4_2347,1970.50,403.00,596.93,326.00,2,372.77
14348.00,4_2276,1957.00,453.00,617.75,374.00,2,422.23
14348.00,4_2468,1991.00,323.00,615.10,263.00,2,288.87
14349.00,4_2286,1963.00,443.00,617.75,365.00,2,411.60
14352.00,4_2352,1972.00,404.00,596.93,324.00,2,370.12
14354.00,4_2466,1987.00,334.00,617.75,268.00,2,293.92
14354.00,4_2474,2029.00,288.00,615.10,226.00,2,252.57
14355.00,4_2379,1971.50,394.00,596.93,314.00,2,360.54
14356.00,4_2302,1968.00,437.00,617.75,358.00,2,405.47
14357.00,4_2325,1972.50,422.00,617.75,343.00,2,387.69
14357.00,4_2393,1977.50,383.00,596.93,304.00,2,351.01
14359.00,4_2467,1988.50,337.00,596.93,270.00,3,305.08
14359.00,4_2469,1992.50,332.00,617.75,267.00,2,297.67
14361.00,4_2333,1972.50,422.00,617.75,344.00,2,393.65
14361.00,4_2404,1982.00,377.00,596.93,298.00,3,348.63
14363.00,4_2346,1970.00,420.00,617.75,342.00,2,385.97
14363.00,4_2420,1981.00,372.00,596.93,293.00,2,341.63
14364.00,4_2498,2043.00,272.00,615.10,223.00,1,237.69
14365.00,4_2351,1971.50,418.00,617.75,339.00,2,386.29
14365.00,4_2508,2041.00,270.00,615.10,221.00,1,239.66
14367.00,4_2514,2040.00,270.00,615.10,221.00,1,237.52
14368.00,4_2477,2046.50,283.00,617.75,226.00,1,249.64
14369.00,4_2353,1974.50,418.00,617.75,340.00,2,388.04
14370.00,4_2529,2040.50,265.00,615.10,214.00,1,229.15
14371.00,4_2422,1983.00,377.00,596.93,291.00,2,336.56
14371.00,4_2442,1987.00,363.00,617.75,282.00,2,334.10
14371.00,4_2539,2040.50,261.00,615.10,211.00,1,229.18
14372.00,4_2424,1985.00,375.00,596.93,288.00,2,340.62
14374.00,4_2540,2043.00,261.00,615.10,210.00,1,224.33
14375.00,4_2426,1987.00,375.00,596.93,288.00,2,338.15
14375.00,4_2549,2044.50,256.00,615.10,206.00,1,220.28
14376.00,4_2453,1989.50,360.00,617.75,275.00,2,325.02
14377.00,4_2435,1986.50,373.00,596.93,286.00,2,336.92
14377.00,4_2565,2046.50,248.00,615.10,197.00,1,217.39
14378.00,4_2460,1987.00,361.00,617.75,272.00,2,327.32
14378.00,4_2578,2048.00,241.00,615.10,191.00,1,210.82
14379.00,4_2449,1985.50,369.00,596.93,282.00,2,336.92
14380.00,4_2385,1977.50,410.00,617.75,322.00,5,377.44
14381.00,4_2581,2049.50,241.00,615.10,189.00,1,203.41
14383.00,4_2473,1992.50,354.00,596.93,264.00,3,323.34
14383.00,4_2583,2051.50,240.00,615.10,188.00,1,210.45
14384.00,4_2396,1982.00,404.00,617.75,313.00,5,367.49
14384.00,4_2590,2054.00,235.00,605.00,185.00,1,205.57
14385.00,4_2452,1987.00,372.00,596.93,281.00,2,330.43
14386.00,4_2402,1980.00,405.00,617.75,309.00,3,371.29
14387.00,4_2475,2029.50,320.00,596.93,233.00,2,287.59
14387.00,4_2592,2056.00,235.00,615.10,183.00,1,207.53
14387.00,4_2613,2056.50,224.00,615.10,173.00,1,195.78
14389.00,4_2403,1980.50,407.00,617.75,311.00,4,372.00
14389.00,4_2630,2066.00,208.00,615.10,156.00,1,175.89
14390.00,4_2480,2046.00,304.00,596.93,220.00,1,269.10
14391.00,4_2406,1984.00,404.00,617.75,310.00,3,375.96
14391.00,4_2492,2043.00,302.00,596.93,220.00,1,274.18
14392.00,4_2433,1986.50,389.00,617.75,295.00,2,359.09
14392.00,4_2639,2065.50,207.00,615.10,155.00,1,169.71
14393.00,4_2659,2058.50,205.00,615.10,153.00,1,174.24
14394.00,4_2519,2040.50,294.00,596.93,220.00,1,260.73
14395.00,4_2438,1988.00,388.00,617.75,293.00,2,353.86
14396.00,4_2546,2043.00,280.00,596.93,211.00,1,248.75
14397.00,4_2671,2061.50,200.00,615.10,148.00,1,167.22
14398.00,4_2528,2039.00,295.00,617.75,226.00,1,258.18
14400.00,4_2551,2047.50,277.00,596.93,207.00,1,243.86
14400.00,4_2670,2060.00,205.00,617.75,149.00,1,170.64
14401.00,4_2558,2047.00,275.00,596.93,204.00,1,244.56
14402.00,4_2534,2041.00,294.00,617.75,225.00,1,264.41
14405.00,4_2550,2047.00,283.00,617.75,214.00,1,252.86
14407.00,4_2606,2056.00,248.00,596.93,173.00,1,209.67
14407.00,4_2635,2066.50,223.00,617.75,156.00,1,192.57
14407.00,4_2687,2063.50,200.00,615.10,142.00,1,165.44
14409.00,4_2617,2057.50,243.00,596.93,168.00,1,207.12
14410.00,4_2618,2060.00,241.00,596.93,166.00,1,211.26
14410.00,4_2686,2063.00,204.00,617.75,142.00,1,173.06
14410.00,4_2702,2070.00,189.00,615.10,133.00,1,151.90
14413.00,4_2712,2070.00,187.00,615.10,131.00,1,155.84
14414.00,4_2566,2049.00,282.00,617.75,206.00,1,246.03
14414.00,4_2625,2062.50,239.00,596.93,163.00,1,202.93
14414.00,4_2720,2067.00,187.00,615.10,129.00,1,149.75
14415.00,4_2570,2049.00,281.00,617.75,205.00,1,248.87
14415.00,4_2626,2065.00,237.00,596.93,161.00,1,205.98
14415.00,4_2696,2066.00,201.00,615.10,133.00,1,170.69
14417.00,4_2577,2047.50,281.00,617.75,205.00,1,246.97
14417.00,4_2736,2199.00,50.00,615.10,0.00,0,16.07
14421.00,4_2738,2201.00,51.00,615.10,0.00,0,20.13
14423.00,5_832,1318.40,255.00,615.10,208.00,1,224.09
14423.00,5_4952,61.40,276.00,586.83,212.00,1,243.07
14425.00,5_847,1321.90,249.00,615.10,202.00,1,215.47
14426.00,5_712,1217.40,395.00,617.75,303.00,3,357.31
14427.00,5_852,1327.40,244.00,615.10,198.00,1,211.19
14428.00,5_771,1229.70,367.00,617.75,274.00,4,331.70
14428.00,5_864,1331.80,237.00,615.10,185.00,1,209.84
14429.00,5_760,1231.00,370.00,617.75,276.00,5,339.38
14429.00,5_5155,10.50,272.00,586.83,209.00,1,241.17
14430.00,5_894,1343.80,218.00,615.10,168.00,1,186.63
14431.00,5_791,1308.70,285.00,617.75,208.00,1,253.08
14433.00,5_806,1311.20,280.00,617.75,208.00,1,247.44
14433.00,5_901,1350.70,212.00,615.10,160.00,1,177.94
14434.00,5_816,1313.20,276.00,596.93,209.00,1,239.91
14435.00,5_906,1355.20,208.00,615.10,153.00,1,172.86
14436.00,5_804,1308.80,286.00,596.93,210.00,1,233.88
14436.00,5_810,1311.00,282.00,617.75,207.00,1,250.73
14437.00,5_834,1320.80,266.00,596.93,209.00,1,228.67
14438.00,5_811,1313.70,281.00,617.75,206.00,1,249.45
14438.00,5_860,1328.00,252.00,596.93,198.00,1,221.49
14438.00,5_917,1359.90,203.00,615.10,152.00,1,164.98
14440.00,5_867,1331.90,248.00,596.93,194.00,1,217.65
14440.00,5_929,1370.30,191.00,615.10,137.00,1,155.23
14441.00,5_818,1315.60,280.00,617.75,207.00,1,249.16
14441.00,5_934,1373.80,187.00,615.10,134.00,1,159.12
14442.00,5_872,1333.40,247.00,596.93,193.00,1,215.10
14443.00,5_964,1376.80,177.00,615.10,127.00,1,143.39
14444.00,5_842,1321.40,270.00,617.75,207.00,1,235.76
14444.00,5_965,1379.50,175.00,615.10,126.00,1,143.08
14446.00,5_885,1340.50,240.00,596.93,183.00,1,206.42
14446.00,5_969,1387.30,168.00,615.10,116.00,1,136.44
14447.00,5_848,1324.60,268.00,617.75,206.00,1,233.67
14447.00,5_976,1388.20,166.00,615.10,114.00,1,135.03
14448.00,5_889,1342.30,239.00,596.93,181.00,1,207.77
14449.00,5_850,1326.00,268.00,617.75,206.00,1,237.59
14451.00,5_861,1330.70,262.00,617.75,206.00,1,227.19
14451.00,5_1002,1387.40,163.00,615.10,109.00,1,123.15
14452.00,5_1011,1391.70,157.00,615.10,106.00,1,128.19
14453.00,5_1006,1389.20,162.00,615.10,108.00,1,127.78
14454.00,5_897,1345.90,239.00,596.93,177.00,1,201.23
14454.00,5_1023,1398.10,149.00,615.10,96.00,1,117.28
14455.00,5_900,1348.00,237.00,596.93,175.00,1,206.75
14455.00,5_5295,2.50,264.00,607.65,204.00,1,227.43
14457.00,5_874,1335.80,259.00,617.75,198.00,1,225.83
14457.00,5_904,1352.80,233.00,596.93,171.00,1,199.80
14457.00,5_1032,1398.40,149.00,615.10,94.00,1,111.87
14459.00,5_875,1337.50,259.00,617.75,198.00,1,224.88
14459.00,5_907,1357.90,229.00,596.93,167.00,1,198.30
14459.00,5_1057,1404.90,137.00,615.10,83.00,1,105.97
14460.00,5_1068,1406.60,133.00,615.10,80.00,1,99.41
14461.00,5_920,1362.00,223.00,596.93,162.00,1,190.48
14462.00,5_884,1336.80,260.00,617.75,196.00,1,223.54
14462.00,5_1076,1410.20,129.00,615.10,77.00,1,98.47
14464.00,5_909,1360.30,231.00,617.75,169.00,1,197.83
14464.00,5_1077,1412.90,128.00,615.10,74.00,1,89.06
14466.00,5_924,1363.80,225.00,596.93,160.00,1,188.60
14466.00,5_1088,1416.60,123.00,615.10,69.00,1,91.07
14467.00,5_925,1366.50,223.00,596.93,157.00,1,191.66
14467.00,5_1089,1419.30,121.00,615.10,68.00,1,87.56
14468.00,5_927,1368.90,221.00,617.75,157.00,1,185.03
14469.00,5_930,1373.00,217.00,617.75,154.00,1,183.33
14469.00,5_959,1372.30,209.00,596.93,144.00,1,176.26
14469.00,5_1094,1423.80,117.00,615.10,64.00,1,87.88
14470.00,5_1104,1426.80,112.00,615.10,60.00,1,85.31
14471.00,5_947,1372.90,214.00,617.75,148.00,1,182.11
14472.00,5_1125,1436.50,98.00,615.10,45.00,1,63.22
14473.00,5_1137,1439.90,92.00,615.10,39.00,1,62.08
14474.00,5_957,1370.90,216.00,617.75,148.00,1,181.77
14475.00,5_960,1375.00,212.00,596.93,142.00,1,174.08
14475.00,5_1146,1440.20,91.00,615.10,38.00,1,56.68
14477.00,5_966,1382.20,205.00,596.93,136.00,1,168.58
14477.00,5_983,1389.10,193.00,617.75,125.00,1,157.62
14479.00,5_968,1384.60,204.00,596.93,132.00,1,175.42
14479.00,5_1009,1391.30,185.00,617.75,117.00,1,152.94
14481.00,5_995,1386.50,196.00,596.93,125.00,1,162.26
14484.00,5_1013,1394.10,186.00,617.75,114.00,1,148.16
14489.00,4_2320,2040.00,489.00,596.93,419.00,2,455.19
14489.00,4_2407,2036.50,449.00,615.10,387.00,2,415.19
14491.00,4_2323,2041.50,488.00,596.93,419.00,2,459.53
14491.00,4_2430,2034.00,442.00,615.10,380.00,2,409.43
14492.00,4_2234,2047.00,528.00,617.75,457.00,2,488.82
14492.00,4_2334,2040.00,485.00,596.93,414.00,2,454.19
14493.00,4_2256,2041.00,524.00,617.75,452.00,2,491.74
14493.00,4_2446,2032.00,438.00,615.10,377.00,2,403.30
14495.00,4_2263,2039.50,524.00,617.75,450.00,2,492.77
14495.00,4_2456,2033.00,434.00,615.10,370.00,3,405.08
14496.00,4_2337,2041.50,486.00,596.93,412.00,2,452.57
14500.00,4_2358,2041.00,480.00,596.93,405.00,2,442.94
14500.00,4_2463,2034.50,434.00,615.10,364.00,2,393.04
14501.00,4_2265,2040.50,528.00,617.75,448.00,2,484.66
14501.00,4_2270,2040.00,526.00,617.75,446.00,2,488.27
14501.00,4_2510,2025.00,421.00,615.10,355.00,2,391.56
14502.00,4_2401,2036.50,465.00,596.93,387.00,2,436.11
14503.00,4_2521,2022.50,420.00,615.10,353.00,2,390.85
14504.00,4_2306,2039.00,512.00,617.75,432.00,2,471.96
14504.00,4_2342,2042.00,491.00,617.75,414.00,2,463.00
14504.00,4_2415,2035.50,461.00,596.93,382.00,2,427.45
14504.00,4_2555,2017.50,409.00,615.10,340.00,2,379.97
14505.00,4_2423,2034.50,459.00,596.93,382.00,2,428.17
14506.00,4_2328,2041.00,501.00,617.75,420.00,2,462.88
14506.00,4_2509,2022.50,429.00,615.10,351.00,2,397.79
14507.00,4_2504,2022.00,433.00,615.10,356.00,2,404.02
14508.00,4_2360,2043.00,485.00,617.75,405.00,2,451.18
14508.00,4_2432,2036.00,456.00,615.10,376.00,3,429.20
14510.00,4_2361,2043.50,486.00,617.75,404.00,2,451.56
14510.00,5_4836,15.20,444.00,586.83,363.00,2,414.17
14512.00,4_2589,2017.50,400.00,615.10,330.00,2,369.52
14512.00,4_2593,2018.50,397.00,615.10,327.00,2,353.31
14513.00,4_2531,2023.50,424.00,596.93,346.00,2,391.08
14514.00,4_2582,2019.00,404.00,617.75,335.00,3,368.09
14515.00,4_2595,2020.50,397.00,615.10,330.00,4,363.32
14516.00,4_2388,2036.00,486.00,617.75,404.00,3,452.37
14517.00,4_2451,2032.50,459.00,617.75,381.00,3,431.77
14518.00,4_2541,2021.50,426.00,596.93,342.00,2,389.76
14519.00,4_2609,2024.50,390.00,617.75,320.00,2,358.86
14519.00,4_2633,2121.50,281.00,615.10,222.00,2,242.97
14520.00,4_2562,2017.00,422.00,596.93,339.00,2,387.10
14521.00,5_4797,21.90,460.00,607.65,378.00,3,428.71
14522.00,4_2579,2016.50,416.00,596.93,331.00,3,384.69
14522.00,4_2638,2126.00,277.00,615.10,220.00,1,242.08
14523.00,4_2599,2022.50,401.00,596.93,322.00,2,373.86
14523.00,4_2646,2131.00,269.00,615.10,220.00,1,243.38
14525.00,4_2576,2015.00,422.00,617.75,342.00,3,385.56
14525.00,4_2654,2130.00,268.00,615.10,217.00,1,234.38
14527.00,4_2580,2019.00,418.00,617.75,336.00,3,384.95
14527.00,5_5456,25.20,265.00,605.00,215.00,1,235.17
14528.00,4_2611,2026.50,396.00,596.93,316.00,2,360.96
14528.00,4_2717,2128.50,241.00,615.10,192.00,1,209.34
14530.00,4_2608,2022.00,404.00,617.75,328.00,2,367.48
14530.00,4_2627,2109.50,307.00,596.93,228.00,2,274.87
14530.00,4_2721,2130.50,239.00,615.10,188.00,1,208.22
14531.00,4_2634,2125.00,289.00,596.93,220.00,1,261.65
14532.00,4_2454,2032.00,473.00,617.75,379.00,4,442.70
14532.00,4_2742,2139.00,222.00,615.10,171.00,1,188.52
14533.00,4_2622,2024.00,398.00,596.93,318.00,4,368.97
14534.00,4_2458,2036.00,469.00,617.75,376.00,4,437.70
14534.00,4_2750,2140.00,219.00,615.10,168.00,1,188.00
14535.00,4_2757,2142.50,214.00,615.10,161.00,1,182.30
14536.00,4_2486,2026.00,467.00,617.75,373.00,3,434.61
14537.00,4_2640,2128.00,289.00,596.93,220.00,1,257.28
14538.00,4_2642,2130.00,287.00,596.93,219.00,1,256.69
14538.00,4_2758,2146.00,213.00,615.10,161.00,1,179.46
14539.00,4_2491,2024.50,469.00,617.75,370.00,2,436.77
14540.00,4_2779,2141.50,209.00,615.10,157.00,1,174.19
14543.00,4_2658,2133.00,281.00,596.93,214.00,1,246.97
14544.00,4_2601,2024.50,419.00,617.75,326.00,3,379.65
14544.00,4_2661,2135.50,278.00,596.93,214.00,1,247.26
14545.00,4_2523,2024.50,459.00,617.75,358.00,3,429.67
14545.00,5_5689,27.30,211.00,605.00,155.00,1,171.19
14547.00,4_2676,2131.00,278.00,596.93,212.00,1,245.76
14547.00,4_2789,2141.50,211.00,615.10,153.00,1,175.18
14548.00,4_2596,2023.00,427.00,617.75,329.00,2,384.37
14548.00,4_2793,2142.50,209.00,615.10,152.00,1,176.54
14550.00,4_2526,2024.00,463.00,617.75,363.00,3,431.25
14550.00,4_2678,2133.00,278.00,596.93,211.00,1,244.45
14550.00,4_2803,2145.50,203.00,615.10,149.00,1,172.60
14551.00,4_2682,2134.00,276.00,596.93,208.00,1,248.69
14552.00,4_2567,2017.50,451.00,617.75,353.00,3,417.80
14553.00,4_2573,2015.50,451.00,617.75,351.00,3,421.03
14555.00,4_2723,2132.50,261.00,596.93,192.00,1,226.62
14556.00,4_2657,2131.50,296.00,617.75,219.00,1,266.24
14557.00,4_2724,2135.00,260.00,596.93,190.00,1,227.86
14559.00,4_2731,2134.50,259.00,596.93,188.00,1,226.93
14561.00,4_2810,2146.00,210.00,617.75,149.00,1,175.23
14562.00,4_2735,2136.50,258.00,596.93,187.00,1,226.00
14564.00,4_2812,2147.00,211.00,617.75,148.00,1,174.34
14565.00,4_2740,2137.00,258.00,596.93,186.00,1,225.36
14566.00,4_2693,2131.50,288.00,617.75,212.00,2,258.88
14572.00,5_564,1434.80,368.00,615.10,303.00,2,333.42
14573.00,5_416,1386.20,462.00,596.93,383.00,2,423.87
14573.00,5_558,1431.60,374.00,617.75,311.00,2,337.90
14573.00,5_567,1439.90,363.00,615.10,299.00,2,328.73
14574.00,5_580,1498.00,302.00,615.10,238.00,2,272.51
14575.00,5_419,1388.30,461.00,596.93,382.00,2,426.33
14576.00,5_420,1391.00,459.00,596.93,381.00,2,430.64
14576.00,5_530,1422.00,395.00,617.75,319.00,3,357.52
14577.00,5_561,1434.70,374.00,617.75,306.00,2,342.07
14579.00,5_223,1349.10,563.00,617.75,441.00,5,529.26
14580.00,5_538,1424.60,394.00,596.93,324.00,3,359.59
14581.00,5_565,1437.50,374.00,596.93,304.00,3,342.75
14582.00,5_608,1515.60,284.00,617.75,233.00,1,251.69
14583.00,5_635,1524.50,268.00,615.10,221.00,1,237.29
14584.00,5_640,1526.00,266.00,615.10,218.00,1,235.72
14585.00,5_231,1353.70,562.00,617.75,442.00,4,526.32
14585.00,5_576,1498.20,314.00,596.93,245.00,2,279.32
14588.00,5_614,1514.80,289.00,617.75,234.00,1,253.07
14588.00,5_655,1530.50,261.00,615.10,211.00,1,225.63
14589.00,5_447,1395.90,459.00,596.93,368.00,3,422.01
14590.00,5_233,1354.10,566.00,617.75,442.00,3,529.71
14590.00,5_473,1402.10,446.00,596.93,353.00,2,413.21
14590.00,5_658,1532.60,260.00,615.10,210.00,1,231.51
14591.00,5_667,1532.90,258.00,615.10,208.00,1,225.02
14592.00,5_488,1405.60,440.00,596.93,346.00,2,411.19
14593.00,5_248,1356.60,562.00,617.75,439.00,4,525.80
14593.00,5_692,1539.40,246.00,615.10,196.00,1,214.66
14594.00,5_495,1410.50,435.00,596.93,341.00,2,403.32
14594.00,5_598,1508.60,306.00,617.75,241.00,1,271.38
14594.00,5_752,1548.40,220.00,615.10,172.00,1,189.08
14596.00,5_755,1553.50,216.00,615.10,167.00,1,183.92
14597.00,5_259,1355.30,564.00,617.75,445.00,5,531.17
14598.00,5_500,1418.00,430.00,596.93,334.00,2,395.79
14598.00,5_761,1557.70,212.00,615.10,163.00,1,178.41
14600.00,5_271,1353.70,565.00,617.75,442.00,3,529.77
14600.00,5_501,1420.70,429.00,596.93,330.00,2,400.32
14601.00,5_309,1358.30,550.00,617.75,441.00,3,520.68
14601.00,5_5969,-0.70,211.00,605.00,160.00,1,174.89
14603.00,5_317,1362.90,545.00,617.75,441.00,3,514.29
14603.00,5_773,1563.10,208.00,615.10,155.00,1,175.76
14604.00,5_329,1372.30,533.00,617.75,436.00,3,505.03
14605.00,5_560,1432.00,405.00,596.93,300.00,4,366.87
14606.00,5_571,1440.70,394.00,596.93,292.00,3,361.23
14608.00,5_334,1375.80,532.00,617.75,433.00,3,500.69
14609.00,5_573,1496.10,341.00,596.93,240.00,2,307.17
14610.00,5_596,1497.20,334.00,596.93,237.00,2,302.42
14610.00,5_814,1562.80,203.00,615.10,153.00,1,167.02
14612.00,5_603,1511.10,320.00,596.93,230.00,1,289.26
14612.00,5_822,1564.40,201.00,615.10,151.00,1,172.51
14614.00,5_343,1377.10,534.00,617.75,432.00,3,497.54
14615.00,5_398,1379.60,516.00,617.75,415.00,4,482.82
14615.00,5_605,1513.50,320.00,596.93,229.00,1,287.52
14616.00,5_619,1517.30,313.00,596.93,230.00,1,286.18
14619.00,5_407,1384.90,512.00,617.75,407.00,4,473.95
14619.00,5_620,1520.00,313.00,596.93,231.00,1,282.83
14619.00,5_837,1567.90,200.00,615.10,148.00,1,167.77
14620.00,5_807,1562.90,215.00,617.75,156.00,2,179.64
14621.00,5_621,1522.70,312.00,596.93,230.00,2,282.39
14622.00,5_430,1394.00,499.00,617.75,398.00,4,467.06
14623.00,5_851,1570.70,197.00,615.10,146.00,1,165.82
14624.00,5_821,1563.70,214.00,617.75,152.00,1,184.12
14625.00,5_641,1528.70,304.00,596.93,230.00,1,270.54
14625.00,5_854,1573.80,195.00,615.10,145.00,1,167.78
14628.00,5_460,1398.00,492.00,617.75,388.00,3,458.62
14628.00,5_650,1529.00,304.00,596.93,231.00,1,269.64
14629.00,5_825,1566.50,215.00,617.75,150.00,1,185.32
14629.00,5_858,1575.60,196.00,615.10,143.00,1,164.97
14630.00,5_675,1537.50,290.00,596.93,222.00,1,258.07
14632.00,5_836,1567.20,214.00,617.75,149.00,1,182.44
14633.00,5_698,1540.60,283.00,596.93,212.00,1,249.05
14635.00,5_853,1573.10,206.00,617.75,146.00,1,172.28
14635.00,5_862,1578.40,198.00,615.10,142.00,1,161.24
14639.00,5_704,1543.80,284.00,596.93,210.00,1,243.28
14639.00,5_718,1542.60,281.00,596.93,207.00,1,248.75
14640.00,5_849,1570.30,215.00,617.75,147.00,1,182.34
14641.00,5_471,1401.70,498.00,617.75,384.00,3,457.86
14643.00,5_881,1581.70,197.00,617.75,136.00,1,164.99
14644.00,5_726,1543.20,283.00,596.93,207.00,1,243.85
14647.00,4_2667,2057.50,456.00,596.93,378.00,2,426.40
14648.00,5_5709,61.30,274.00,605.00,221.00,1,242.34
14650.00,4_2674,2063.00,450.00,596.93,368.00,2,418.72
14650.00,4_2683,2061.50,447.00,596.93,367.00,2,421.80
14651.00,4_2585,2053.50,505.00,617.75,423.00,2,467.28
14652.00,5_5781,42.70,275.00,605.00,220.00,1,239.04
14653.00,4_2692,2064.00,443.00,617.75,368.00,2,410.35
14653.00,4_2752,2208.00,269.00,615.10,220.00,1,237.70
14654.00,4_2587,2053.50,507.00,617.75,418.00,2,475.44
14655.00,4_2695,2063.50,444.00,596.93,358.00,2,413.17
14655.00,4_2759,2214.50,261.00,615.10,213.00,1,229.03
14657.00,4_2594,2058.00,502.00,617.75,415.00,2,466.37
14657.00,4_2763,2218.50,257.00,615.10,207.00,1,228.88
14658.00,4_2739,2203.50,285.00,617.75,222.00,1,255.39
14658.00,4_2783,2220.50,246.00,615.10,196.00,1,213.17
14660.00,4_2814,2213.00,240.00,615.10,190.00,1,204.90
14661.00,4_2602,2055.00,505.00,617.75,414.00,4,470.55
14661.00,4_2826,2210.00,238.00,615.10,189.00,1,205.69
14662.00,4_2701,2067.50,444.00,596.93,355.00,2,404.40
14663.00,4_2709,2068.50,440.00,596.93,353.00,2,404.69
14663.00,4_2836,2210.00,235.00,615.10,187.00,1,206.59
14664.00,4_2725,2073.50,428.00,617.75,346.00,2,393.38
14665.00,4_2726,2080.00,422.00,596.93,336.00,2,390.26
14665.00,4_2838,2212.00,234.00,615.10,186.00,1,200.73
14666.00,4_2604,2056.00,508.00,617.75,411.00,2,478.00
14666.00,4_2733,2196.50,303.00,596.93,222.00,1,271.82
14666.00,4_2847,2216.50,226.00,615.10,178.00,1,194.83
14668.00,4_2749,2205.50,288.00,596.93,222.00,1,259.10
14669.00,4_2607,2058.50,507.00,617.75,409.00,2,473.08
14669.00,4_2859,2220.50,219.00,615.10,168.00,1,183.86
14670.00,4_2860,2223.00,217.00,615.10,167.00,1,186.81
14671.00,4_2619,2062.50,499.00,617.75,404.00,2,466.71
14671.00,4_2754,2211.00,283.00,596.93,222.00,1,249.68
14673.00,4_2755,2213.50,282.00,596.93,222.00,1,250.35
14674.00,4_2870,2224.00,215.00,615.10,162.00,1,177.16
14675.00,4_2621,2062.50,502.00,617.75,400.00,2,466.09
14675.00,4_2872,2226.00,213.00,615.10,162.00,1,180.13
14676.00,4_2762,2216.00,279.00,596.93,220.00,1,246.53
14676.00,4_2910,2233.00,188.00,615.10,140.00,1,160.42
14677.00,4_2668,2060.00,483.00,617.75,386.00,2,450.27
14677.00,4_2886,2226.00,208.00,615.10,156.00,1,173.42
14678.00,4_2722,2069.00,448.00,617.75,352.00,2,417.61
14678.00,4_2765,2220.50,275.00,596.93,217.00,1,243.34
14679.00,4_2909,2230.50,194.00,615.10,143.00,1,158.80
14680.00,4_2923,2230.50,188.00,615.10,137.00,1,157.77
14683.00,4_2777,2220.50,274.00,596.93,213.00,1,237.97
14683.00,4_2930,2233.00,185.00,615.10,133.00,1,149.76
14684.00,4_2798,2218.00,267.00,596.93,207.00,1,233.76
14685.00,4_2741,2203.50,311.00,617.75,219.00,1,269.15
14685.00,4_2962,2240.00,164.00,615.10,114.00,1,128.52
14686.00,4_2747,2203.50,309.00,617.75,221.00,2,274.80
14687.00,4_2839,2214.50,253.00,596.93,192.00,1,221.10
14687.00,4_2982,2254.00,142.00,615.10,90.00,1,105.93
14688.00,5_5834,29.80,308.00,607.65,220.00,1,272.61
14689.00,4_2985,2255.50,141.00,615.10,88.00,1,103.98
14690.00,4_2843,2215.50,253.00,596.93,190.00,1,220.08
14691.00,4_2753,2210.50,304.00,617.75,219.00,1,265.47
14691.00,4_3002,2258.00,132.00,615.10,81.00,1,104.32
14692.00,4_2857,2218.50,245.00,596.93,181.00,1,212.19
14692.00,4_3008,2259.00,129.00,615.10,77.00,1,101.68
14693.00,4_2768,2222.00,287.00,617.75,219.00,1,256.71
14694.00,4_2883,2224.50,228.00,596.93,163.00,1,195.74
14696.00,4_2775,2219.50,289.00,617.75,219.00,1,250.78
14696.00,4_3009,2261.50,130.00,615.10,75.00,1,97.12
14697.00,4_2887,2228.50,225.00,596.93,161.00,1,192.22
14698.00,4_2788,2221.00,283.00,617.75,217.00,1,248.19
14698.00,4_3011,2262.50,130.00,615.10,73.00,1,99.50
14701.00,4_2829,2211.50,275.00,617.75,206.00,1,239.64
14702.00,4_3030,2264.00,123.00,615.10,68.00,1,92.05
14703.00,4_2848,2219.00,260.00,617.75,191.00,1,223.73
14703.00,4_2897,2226.50,228.00,596.93,158.00,1,188.24
14705.00,4_2853,2218.50,260.00,617.75,190.00,1,226.38
14705.00,4_2927,2231.50,210.00,596.93,142.00,1,171.71
14707.00,4_2935,2233.50,206.00,596.93,137.00,1,169.51
14708.00,4_2868,2222.00,252.00,617.75,182.00,1,215.76
14708.00,4_2949,2232.50,201.00,596.93,131.00,1,172.53
14710.00,4_2953,2234.50,199.00,596.93,131.00,1,171.43
14710.00,4_2993,2257.50,156.00,617.75,84.00,1,119.21
14712.00,4_2869,2222.50,255.00,617.75,181.00,1,223.75
14712.00,4_3053,2341.50,44.00,615.10,0.00,0,17.27
14713.00,4_2954,2237.00,199.00,596.93,128.00,1,166.06
14714.00,4_2875,2227.50,249.00,617.75,177.00,1,217.74
14715.00,4_3016,2264.00,143.00,596.93,77.00,2,110.80
14715.00,4_3056,2343.00,44.00,615.10,0.00,0,15.22
14718.00,4_2958,2238.00,201.00,596.93,126.00,1,169.12
14719.00,4_2964,2242.00,195.00,596.93,120.00,1,166.10
14719.00,4_3060,2345.00,44.00,615.10,0.00,0,9.62
14720.00,4_2899,2228.50,242.00,617.75,165.00,1,201.91
14720.00,4_2902,2228.00,241.00,617.75,164.00,1,205.99
14722.00,4_3024,2263.00,147.00,617.75,72.00,1,118.23
14723.00,4_2905,2229.50,241.00,617.75,167.00,2,211.85
14723.00,4_2967,2243.50,196.00,596.93,119.00,1,163.71
14726.00,4_2903,2229.50,245.00,617.75,165.00,2,210.93
14727.00,4_2969,2245.50,197.00,596.93,119.00,1,161.68
14729.00,4_2915,2233.50,238.00,617.75,160.00,2,204.85
14729.00,4_2973,2246.50,196.00,596.93,117.00,1,164.13
14729.00,4_3081,2345.50,43.00,615.10,0.00,0,6.49
14730.00,4_2979,2249.50,191.00,596.93,112.00,2,160.84
14732.00,4_2937,2235.50,228.00,617.75,148.00,2,195.30
14732.00,4_2977,2247.50,196.00,596.93,110.00,2,166.10
14733.00,4_3101,2341.50,41.00,615.10,0.00,0,8.55
14734.00,4_2959,2240.50,214.00,617.75,133.00,2,180.44
14737.00,4_2980,2252.00,195.00,596.93,108.00,3,160.11
14737.00,4_3003,2260.50,175.00,617.75,93.00,1,141.31
14738.00,4_2945,2232.50,233.00,617.75,150.00,3,201.43
14738.00,4_3031,2266.50,156.00,596.93,67.00,2,126.31
14739.00,4_3122,2337.00,41.00,615.10,0.00,0,8.12
14740.00,4_2995,2258.50,184.00,596.93,97.00,5,154.68
14742.00,4_2950,2235.00,232.00,617.75,146.00,2,199.74
14742.00,4_3025,2263.50,166.00,596.93,73.00,2,137.90
14744.00,4_2988,2257.00,193.00,617.75,107.00,3,162.19
14748.00,4_2991,2256.50,196.00,617.75,107.00,3,161.00
14748.00,4_3038,2266.00,163.00,596.93,66.00,3,127.55
14750.00,5_1120,1434.00,380.00,596.93,320.00,2,351.65
14752.00,5_1190,1495.00,300.00,615.10,250.00,1,267.39
14753.00,5_1038,1399.60,442.00,617.75,369.00,2,408.24
14754.00,5_1153,1444.10,364.00,596.93,304.00,2,331.17
14754.00,5_1199,1499.30,295.00,615.10,246.00,1,261.50
14756.00,5_1055,1404.50,435.00,617.75,358.00,2,401.14
14756.00,5_1206,1504.20,290.00,615.10,240.00,1,256.54
14757.00,5_1208,1509.60,285.00,615.10,236.00,1,253.07
14758.00,5_1015,1394.50,459.00,596.93,381.00,4,426.19
14758.00,5_1059,1407.30,433.00,617.75,353.00,2,398.75
14759.00,5_1169,1445.30,363.00,596.93,295.00,2,333.80
14759.00,5_1238,1514.60,273.00,615.10,225.00,1,243.04
14760.00,5_1247,1516.90,269.00,615.10,222.00,1,238.19
14761.00,5_1019,1396.30,459.00,596.93,378.00,5,429.35
14762.00,5_1069,1409.30,432.00,607.65,352.00,2,395.30
14762.00,5_1254,1517.80,268.00,615.10,219.00,1,236.91
14764.00,5_1070,1410.00,433.00,617.75,350.00,2,398.32
14764.00,5_1268,1524.60,259.00,615.10,211.00,1,225.45
14765.00,5_1042,1399.40,453.00,596.93,368.00,3,420.45
14766.00,5_1114,1430.80,401.00,617.75,318.00,2,371.86
14766.00,5_1277,1527.90,255.00,615.10,205.00,1,226.10
14767.00,5_1047,1400.90,452.00,596.93,362.00,2,420.13
14767.00,5_1283,1533.10,249.00,615.10,200.00,1,218.81
14768.00,5_1079,1415.30,429.00,617.75,344.00,2,396.24
14769.00,5_1052,1402.40,451.00,596.93,361.00,2,419.90
14769.00,5_1296,1536.20,244.00,615.10,196.00,1,212.93
14770.00,5_5638,30.60,448.00,586.83,358.00,2,422.62
14772.00,5_1081,1416.70,431.00,617.75,344.00,2,394.92
14773.00,5_1090,1422.00,424.00,596.93,334.00,2,395.31
14773.00,5_1105,1428.50,413.00,617.75,330.00,2,381.31
14773.00,5_1301,1540.70,242.00,615.10,190.00,1,206.04
14774.00,5_1306,1545.20,237.00,615.10,185.00,1,203.67
14775.00,5_1119,1433.30,406.00,617.75,317.00,3,373.60
14776.00,5_1123,1436.10,403.00,617.75,315.00,3,374.75
14777.00,5_1311,1549.70,234.00,615.10,182.00,1,196.34
14778.00,5_1100,1425.00,423.00,596.93,328.00,2,389.64
14779.00,5_1109,1429.30,417.00,596.93,322.00,3,386.77
14779.00,5_1316,1551.20,233.00,615.10,178.00,1,200.40
14780.00,5_1134,1436.80,403.00,617.75,310.00,3,370.40
14780.00,5_1358,1554.60,218.00,615.10,165.00,1,183.46
14782.00,5_1115,1431.50,416.00,596.93,324.00,2,383.46
14782.00,5_1393,1565.10,199.00,615.10,146.00,1,166.76
14782.00,5_1395,1566.50,197.00,615.10,144.00,1,167.03
14783.00,5_1178,1486.60,343.00,617.75,260.00,1,306.92
14785.00,5_1135,1437.50,407.00,596.93,308.00,3,375.77
14788.00,5_1150,1442.00,401.00,596.93,303.00,3,366.99
14789.00,5_1200,1502.00,327.00,617.75,258.00,1,295.69
14790.00,5_1154,1446.80,397.00,596.93,293.00,3,366.75
14790.00,5_1189,1494.30,339.00,617.75,260.00,1,294.61
14792.00,5_1203,1503.10,328.00,617.75,258.00,1,297.25
14793.00,5_1211,1511.70,318.00,617.75,256.00,1,288.01
14796.00,5_1174,1446.80,397.00,596.93,290.00,3,358.12
14796.00,5_1177,1482.90,360.00,596.93,258.00,1,333.96
14796.00,5_1232,1510.40,316.00,617.75,252.00,1,280.18
14798.00,5_1182,1486.40,357.00,596.93,258.00,1,326.95
14798.00,5_1236,1511.20,316.00,617.75,251.00,1,284.63
14801.00,5_1237,1512.90,317.00,617.75,251.00,1,283.87
14801.00,5_1287,1534.90,280.00,596.93,223.00,1,247.14
14802.00,5_1242,1516.40,313.00,617.75,247.00,1,283.33
14803.00,5_1305,1542.50,269.00,596.93,213.00,1,237.66
14806.00,5_1255,1520.50,309.00,617.75,242.00,1,274.81
14806.00,5_1317,1553.90,257.00,596.93,199.00,1,222.79
14807.00,5_1185,1488.50,363.00,596.93,262.00,2,337.12
14807.00,5_1260,1521.00,308.00,617.75,241.00,1,276.21
14810.00,5_1264,1524.80,306.00,617.75,239.00,1,271.33
14810.00,5_1372,1556.40,242.00,596.93,181.00,1,210.38
14810.00,5_1418,1742.60,42.00,615.10,0.00,0,8.84
14812.00,5_1278,1530.60,298.00,617.75,230.00,1,267.85
14813.00,5_1294,1535.80,289.00,617.75,223.00,1,258.23
14813.00,5_1383,1559.10,239.00,596.93,177.00,1,206.76
14816.00,5_1197,1496.90,360.00,596.93,266.00,3,326.27
14817.00,5_1440,1748.00,37.00,615.10,0.00,0,10.70
14819.00,5_1319,1556.30,267.00,617.75,196.00,1,231.70
14820.00,5_1207,1506.90,351.00,596.93,265.00,3,315.48
14820.00,5_1325,1555.50,267.00,617.75,193.00,1,237.10
14821.00,5_1220,1511.00,344.00,596.93,264.00,3,313.42
14822.00,5_1329,1559.30,264.00,617.75,192.00,1,229.58
14824.00,5_1263,1522.10,323.00,596.93,246.00,3,289.05
14824.00,5_1441,1750.70,41.00,615.10,0.00,0,13.36
14825.00,5_1386,1564.20,245.00,617.75,172.00,1,211.20
14826.00,5_1274,1525.80,318.00,596.93,239.00,2,287.63
14827.00,5_1282,1530.40,312.00,596.93,231.00,2,283.66
14828.00,5_1388,1564.60,247.00,617.75,172.00,1,210.44
14829.00,5_1297,1538.90,301.00,596.93,218.00,1,274.39
14830.00,5_1410,1744.00,63.00,617.75,0.00,0,27.62
14832.00,5_1422,1744.40,61.00,617.75,0.00,0,27.62
14834.00,5_1307,1547.90,294.00,596.93,206.00,1,260.46
14834.00,5_1425,1745.50,61.00,617.75,0.00,0,27.06
14835.00,5_1397,1567.90,248.00,596.93,168.00,1,216.31
14837.00,5_1340,1557.00,278.00,596.93,190.00,1,247.84
14837.00,5_1449,1759.30,43.00,615.10,0.00,0,10.59
14839.00,5_1327,1556.90,284.00,596.93,198.00,3,254.54
14839.00,5_1437,1743.90,64.00,617.75,0.00,0,26.77
14840.00,5_1450,1762.00,43.00,615.10,0.00,0,13.24
14841.00,5_1369,1554.30,276.00,596.93,185.00,2,249.72
14841.00,5_1444,1752.80,55.00,617.75,0.00,0,19.05
14844.00,5_1377,1557.90,273.00,596.93,179.00,1,242.69
14845.00,5_1453,1764.10,45.00,617.75,0.00,0,12.74
14848.00,5_1384,1561.80,271.00,596.93,175.00,1,238.74
14849.00,5_1465,1771.50,38.00,615.10,0.00,0,8.99
14850.00,5_1454,1766.80,47.00,617.75,0.00,0,8.06
14851.00,5_1398,1738.60,93.00,596.93,1.00,1,60.38
14851.00,5_1456,1768.20,46.00,617.75,0.00,0,10.70
14853.00,5_1405,1739.50,92.00,596.93,0.00,0,58.71
14855.00,5_1407,1741.90,91.00,596.93,1.00,1,60.32
14855.00,5_1466,1774.20,41.00,617.75,0.00,0,10.13
14857.00,5_1439,1745.30,80.00,596.93,0.00,0,50.85
14858.00,5_1447,1753.90,70.00,596.93,0.00,0,42.65
14860.00,5_1476,1780.20,37.00,615.10,0.00,0,5.43
14862.00,4_2816,2151.00,503.00,617.75,448.00,2,474.16
14865.00,5_1448,1756.60,74.00,596.93,0.00,0,37.19
14866.00,5_5677,10.90,552.00,586.83,482.00,2,521.64
14868.00,5_1457,1770.90,60.00,596.93,0.00,0,22.95
14871.00,4_2751,2142.50,553.00,596.93,480.00,2,519.39
14873.00,4_2699,2129.50,594.00,617.75,511.00,4,565.82
14873.00,4_2830,2151.00,507.00,615.10,440.00,2,473.56
14874.00,4_2852,2295.00,353.00,615.10,293.00,1,325.27
14875.00,4_2819,2150.50,515.00,615.10,444.00,2,482.70
14876.00,4_2835,2157.50,501.00,617.75,430.00,2,471.83
14878.00,4_2770,2143.00,550.00,596.93,470.00,2,514.71
14878.00,4_2850,2293.00,360.00,615.10,293.00,1,325.65
14879.00,4_2796,2145.00,536.00,617.75,450.00,5,504.04
14880.00,4_2801,2143.50,536.00,596.93,456.00,2,507.04
14880.00,5_5871,168.70,350.00,605.00,291.00,1,315.30
14881.00,4_2703,2129.50,600.00,617.75,506.00,3,568.71
14882.00,4_2813,2149.50,526.00,596.93,445.00,2,493.67
14882.00,4_2876,2293.00,351.00,615.10,291.00,1,318.20
14883.00,4_2827,2149.50,520.00,596.93,440.00,2,493.73
14883.00,4_2896,2288.00,347.00,615.10,290.00,1,315.99
14884.00,4_2831,2151.50,517.00,617.75,442.00,2,486.40
14885.00,4_2904,2288.00,345.00,615.10,290.00,1,316.80
14886.00,4_2928,2290.00,332.00,615.10,282.00,1,303.59
14888.00,4_2844,2293.00,373.00,596.93,298.00,1,338.90
14888.00,4_2933,2291.50,330.00,615.10,281.00,1,296.32
14889.00,4_2805,2147.50,539.00,617.75,447.00,3,501.25
14890.00,4_2855,2296.50,366.00,596.93,297.00,1,336.25
14890.00,4_2966,2294.00,313.00,615.10,262.00,1,283.29
14891.00,4_2713,2127.50,607.00,617.75,506.00,3,571.01
14891.00,4_2972,2300.00,305.00,615.10,255.00,1,275.90
14893.00,4_2908,2290.00,349.00,596.93,293.00,1,314.69
14893.00,4_2975,2301.50,304.00,615.10,253.00,1,275.25
14894.00,4_2705,2130.50,611.00,617.75,504.00,3,574.53
14894.00,4_2976,2304.00,302.00,615.10,252.00,1,270.42
14895.00,4_2718,2131.00,605.00,617.75,503.00,3,573.81
14895.00,4_2912,2291.00,348.00,596.93,293.00,1,315.81
14896.00,4_2981,2304.50,301.00,615.10,250.00,1,269.22
14898.00,4_2990,2307.00,296.00,615.10,246.00,1,265.45
14899.00,4_2734,2136.00,596.00,617.75,492.00,3,560.52
14899.00,4_2996,2308.00,293.00,615.10,242.00,1,263.02
14900.00,4_2743,2141.50,587.00,617.75,481.00,2,553.86
14900.00,4_2943,2292.50,336.00,596.93,281.00,1,310.50
14901.00,4_2913,2293.50,351.00,596.93,291.00,1,313.15
14902.00,4_2745,2141.50,588.00,617.75,480.00,2,558.97
14902.00,4_3000,2310.00,292.00,615.10,240.00,1,257.51
14903.00,4_2938,2292.00,342.00,596.93,284.00,1,313.06
14904.00,4_3004,2312.00,290.00,615.10,236.00,1,257.01
14905.00,4_2780,2144.00,571.00,617.75,463.00,2,537.69
14905.00,4_2956,2293.00,334.00,596.93,276.00,1,303.23
14905.00,4_3021,2313.50,281.00,615.10,230.00,1,251.65
14907.00,4_2968,2296.00,327.00,596.93,269.00,1,297.54
14907.00,4_3050,2310.00,272.00,615.10,220.00,1,240.86
14908.00,4_2784,2143.00,573.00,617.75,464.00,2,538.31
14908.00,4_2970,2298.00,325.00,596.93,267.00,1,298.43
14911.00,4_2795,2144.50,569.00,617.75,460.00,2,532.85
14913.00,4_2858,2298.00,386.00,617.75,293.00,1,350.51
14913.00,4_2983,2306.50,315.00,596.93,252.00,1,282.58
14913.00,4_3080,2312.00,261.00,615.10,208.00,1,228.34
14915.00,4_2864,2296.00,387.00,617.75,292.00,1,354.55
14915.00,4_3012,2312.00,297.00,596.93,235.00,1,269.81
14918.00,4_2865,2297.50,388.00,617.75,294.00,1,352.10
14919.00,4_3019,2311.50,298.00,596.93,232.00,1,263.02
14919.00,4_3104,2312.00,255.00,617.75,198.00,1,226.00
14921.00,4_2878,2295.00,387.00,617.75,293.00,1,359.63
14921.00,4_3033,2311.50,293.00,596.93,229.00,1,260.34
14923.00,4_3106,2312.00,258.00,617.75,199.00,2,227.67
14924.00,4_3043,2309.50,293.00,596.93,225.00,1,259.45
14926.00,4_3054,2311.00,288.00,596.93,221.00,1,255.55
14927.00,4_3109,2313.50,259.00,617.75,197.00,1,225.14
14929.00,4_3063,2310.50,287.00,596.93,218.00,1,253.20
14929.00,5_5872,174.40,393.00,607.65,293.00,2,361.30
14931.00,4_3120,2315.00,256.00,617.75,194.00,1,225.56
14932.00,4_3078,2309.00,284.00,596.93,214.00,1,250.81
14933.00,4_3093,2311.50,275.00,596.93,208.00,1,243.77
14935.00,4_3099,2311.50,274.00,596.93,207.00,1,244.06
14935.00,4_3114,2312.00,266.00,615.10,200.00,1,232.97
14936.00,4_3082,2314.00,281.00,615.10,210.00,1,238.61
14936.00,4_3121,2315.50,260.00,617.75,192.00,1,225.26
14937.00,4_3070,2311.00,291.00,617.75,218.00,4,261.93
14938.00,4_3116,2314.00,266.00,596.93,200.00,1,234.54
14939.00,4_3127,2316.50,259.00,617.75,192.00,1,227.86
14939.00,4_3129,2320.50,254.00,615.10,191.00,1,226.66
14940.00,5_475,1404.50,793.00,617.75,681.00,5,767.91
14941.00,4_3079,2311.50,290.00,617.75,217.00,4,258.26
14941.00,5_887,1580.90,494.00,617.75,436.00,2,467.02
14942.00,4_3128,2318.00,260.00,596.93,190.00,1,227.42
14943.00,4_3132,2322.00,255.00,617.75,189.00,1,222.37
14943.00,5_735,1544.50,578.00,596.93,506.00,2,545.67
14944.00,4_3139,2322.50,252.00,596.93,185.00,1,220.02
14945.00,4_3158,2329.00,237.00,615.10,173.00,1,200.34
14947.00,4_3151,2322.50,249.00,617.75,181.00,1,217.79
14947.00,4_3159,2330.50,237.00,615.10,173.00,1,205.28
14948.00,4_3147,2321.50,253.00,615.10,184.00,1,221.72
14949.00,4_3152,2323.00,250.00,596.93,181.00,1,219.44
14949.00,4_3164,2331.00,236.00,615.10,172.00,1,204.73
14950.00,4_3194,2502.00,51.00,615.10,0.00,0,21.29
14951.00,4_2900,2288.00,413.00,617.75,302.00,5,377.86
14951.00,4_3191,2329.50,226.00,596.93,166.00,1,195.72
14952.00,4_3208,2506.00,42.00,615.10,0.00,0,14.11
14953.00,4_3153,2325.50,251.00,615.10,180.00,1,223.17
14954.00,4_2907,2289.50,411.00,617.75,302.00,7,372.86
14955.00,4_3154,2328.00,250.00,596.93,178.00,1,220.31
14955.00,4_3177,2328.50,238.00,617.75,169.00,1,209.61
14957.00,4_3215,2506.50,43.00,615.10,0.00,0,7.25
14958.00,4_3125,2316.50,279.00,617.75,199.00,4,242.75
14960.00,4_3186,2329.00,238.00,596.93,167.00,1,204.38
14961.00,4_2920,2293.00,408.00,617.75,296.00,4,372.96
14962.00,4_2932,2291.00,405.00,617.75,298.00,5,376.45
14963.00,4_3192,2499.00,68.00,596.93,0.00,0,32.86
14964.00,4_3133,2322.50,275.00,617.75,191.00,3,244.62
14965.00,4_2944,2295.00,398.00,617.75,299.00,5,365.71
14967.00,4_3205,2500.50,64.00,596.93,0.00,0,27.89
14973.00,5_618,1516.60,671.00,617.75,559.00,5,638.04
14975.00,5_891,1582.70,525.00,617.75,453.00,3,494.00
14976.00,5_754,1550.80,599.00,596.93,512.00,3,565.28
14977.00,5_736,1547.20,609.00,596.93,521.00,3,566.84
14978.00,5_915,1580.50,523.00,617.75,449.00,4,489.22
14979.00,5_756,1556.20,596.00,596.93,507.00,3,560.38
14980.00,5_922,1579.40,524.00,617.75,447.00,5,492.74
14982.00,5_772,1560.40,590.00,596.93,500.00,3,553.26
14983.00,5_630,1523.00,671.00,617.75,556.00,9,640.13
14983.00,5_830,1566.00,568.00,596.93,477.00,4,541.90
14985.00,5_845,1568.50,563.00,596.93,473.00,3,531.07
14986.00,5_932,1700.40,406.00,615.10,317.00,3,362.18
14986.00,5_938,1714.60,390.00,615.10,307.00,2,355.94
14987.00,5_859,1578.30,551.00,617.75,457.00,7,518.28
14987.00,5_876,1577.20,547.00,596.93,456.00,3,517.53
14987.00,5_948,1723.60,379.00,615.10,307.00,2,353.47
14988.00,5_928,1698.60,411.00,617.75,326.00,5,379.10
14990.00,5_895,1583.50,538.00,596.93,441.00,4,507.74
14990.00,5_950,1726.00,379.00,615.10,307.00,2,345.33
14991.00,5_987,1727.90,367.00,615.10,305.00,2,334.95
14992.00,5_946,1723.20,385.00,617.75,309.00,3,350.28
14994.00,5_631,1523.70,681.00,617.75,549.00,8,649.09
14994.00,5_992,1730.40,366.00,615.10,302.00,2,331.39
14995.00,5_999,1740.30,355.00,615.10,293.00,2,326.47
14996.00,5_926,1580.20,538.00,596.93,442.00,4,498.94
14998.00,5_879,1579.30,555.00,596.93,453.00,4,524.30
14999.00,5_668,1535.60,663.00,617.75,538.00,3,628.38
14999.00,5_936,1704.20,414.00,596.93,313.00,3,383.07
15000.00,5_669,1537.30,662.00,617.75,538.00,4,633.16
15000.00,5_997,1737.90,363.00,615.10,292.00,2,322.90
15001.00,5_941,1717.70,401.00,596.93,307.00,2,369.40
15002.00,5_681,1538.70,659.00,617.75,535.00,3,628.41
15002.00,5_1028,1746.60,347.00,615.10,278.00,2,314.36
15003.00,5_1036,1751.20,341.00,615.10,275.00,3,308.05
15005.00,5_951,1728.70,391.00,596.93,306.00,2,363.18
15005.00,5_1066,1755.20,330.00,615.10,263.00,2,296.01
15006.00,5_1107,1761.90,312.00,615.10,244.00,2,278.71
15007.00,5_682,1540.40,662.00,617.75,532.00,3,626.59
15007.00,5_943,1721.10,403.00,596.93,307.00,2,364.07
15008.00,5_700,1543.00,655.00,617.75,525.00,3,621.56
15008.00,5_1138,1758.60,308.00,615.10,256.00,1,278.80
15010.00,5_730,1545.00,646.00,617.75,517.00,4,616.23
15010.00,5_967,1729.90,390.00,596.93,307.00,2,355.50
15011.00,5_993,1733.10,380.00,596.93,307.00,2,351.55
15015.00,5_741,1548.70,644.00,617.75,513.00,3,608.04
15015.00,5_996,1735.20,381.00,596.93,306.00,2,345.73
15015.00,5_1155,1757.50,311.00,615.10,259.00,1,276.24
15016.00,5_1159,1759.30,309.00,615.10,258.00,1,276.65
15017.00,5_749,1547.30,645.00,617.75,513.00,4,612.60
15018.00,5_1000,1743.00,375.00,596.93,298.00,2,339.79
15018.00,5_1160,1762.00,308.00,615.10,257.00,1,275.03
15019.00,5_767,1558.90,630.00,617.75,499.00,4,595.27
15019.00,5_1016,1742.20,372.00,596.93,295.00,3,339.57
15021.00,5_770,1559.00,631.00,617.75,497.00,4,597.65
15021.00,5_1025,1743.50,370.00,596.93,293.00,2,338.67
15023.00,5_1172,1764.40,307.00,615.10,255.00,1,268.01
15024.00,5_1029,1749.30,366.00,596.93,289.00,3,334.86
15025.00,5_1037,1753.90,360.00,596.93,285.00,2,330.70
15026.00,5_1128,1758.60,329.00,617.75,259.00,1,291.60
15027.00,5_1054,1752.80,358.00,596.93,281.00,2,328.03
15028.00,5_781,1563.70,630.00,617.75,506.00,5,595.72
15030.00,5_1176,1769.20,308.00,617.75,251.00,1,275.49
15031.00,5_1180,1769.00,308.00,617.75,250.00,1,277.50
15033.00,5_1091,1753.70,352.00,596.93,270.00,2,316.64
15033.00,5_1215,1767.50,301.00,615.10,247.00,1,273.44
15034.00,5_1095,1756.50,349.00,596.93,266.00,2,317.39
15036.00,5_1141,1760.70,333.00,617.75,263.00,2,297.66
15037.00,5_1183,1771.10,311.00,617.75,250.00,1,280.87
15038.00,5_1217,1769.90,303.00,605.00,244.00,1,268.65
15040.00,5_1097,1758.90,352.00,596.93,266.00,3,314.13
15040.00,5_1233,1777.10,293.00,615.10,232.00,1,261.71
15041.00,5_1175,1766.50,322.00,596.93,238.00,2,293.21
15041.00,5_1235,1779.50,291.00,615.10,231.00,1,261.55
15042.00,5_793,1561.10,643.00,617.75,515.00,8,613.45
15042.00,5_1166,1763.20,329.00,596.93,241.00,3,294.12
15043.00,5_1188,1770.60,316.00,617.75,248.00,1,276.29
15045.00,5_1204,1767.80,316.00,596.93,232.00,2,284.45
15048.00,5_795,1561.50,648.00,617.75,510.00,5,607.67
15049.00,5_799,1563.30,646.00,617.75,508.00,4,608.87
15053.00,4_3049,2335.50,393.00,596.93,301.00,2,357.32
15054.00,4_3040,2333.00,401.00,596.93,304.00,3,374.25
15054.00,4_3137,2342.50,343.00,615.10,295.00,1,307.36
15055.00,4_3075,2344.50,373.00,617.75,300.00,1,340.63
15056.00,4_3061,2347.50,378.00,617.75,300.00,1,338.34
15056.00,4_3157,2343.50,334.00,615.10,284.00,1,303.05
15057.00,4_3042,2337.00,399.00,596.93,301.00,2,366.47
15058.00,4_3064,2347.00,379.00,596.93,298.00,1,349.01
15058.00,4_3173,2344.50,327.00,615.10,277.00,1,291.43
15059.00,4_3085,2346.50,370.00,617.75,300.00,1,334.15
15060.00,4_3174,2347.00,326.00,615.10,275.00,1,292.28
15061.00,4_3077,2344.50,378.00,596.93,298.00,1,346.04
15061.00,4_3180,2349.00,322.00,615.10,272.00,1,292.54
15062.00,4_3092,2344.00,372.00,617.75,299.00,1,336.19
15063.00,4_3182,2352.00,320.00,615.10,270.00,1,285.13
15064.00,4_3118,2338.00,367.00,617.75,297.00,1,336.89
15064.00,4_3126,2338.00,363.00,596.93,297.00,1,330.54
15064.00,4_3193,2355.50,312.00,615.10,260.00,1,278.96
15066.00,4_3136,2340.00,358.00,596.93,297.00,1,327.13
15067.00,4_3115,2337.50,372.00,617.75,299.00,2,330.87
15068.00,4_3130,2339.00,364.00,617.75,298.00,1,335.30
15069.00,4_3140,2344.00,355.00,596.93,297.00,1,322.40
15069.00,4_3195,2357.50,314.00,615.10,258.00,1,274.03
15070.00,4_3134,2339.00,364.00,617.75,296.00,1,327.93
15070.00,4_3155,2341.50,351.00,596.93,296.00,1,320.73
15071.00,4_3197,2359.50,313.00,615.10,256.00,1,282.65
15072.00,4_3149,2342.50,355.00,617.75,296.00,2,321.78
15072.00,4_3250,2371.00,276.00,615.10,228.00,1,245.11
15073.00,4_3171,2342.50,345.00,596.93,293.00,1,314.54
15074.00,4_3209,2359.50,310.00,615.10,253.00,1,267.88
15075.00,4_3176,2349.00,338.00,596.93,285.00,1,308.07
15075.00,4_3254,2372.00,276.00,615.10,223.00,1,245.22
15076.00,4_3168,2341.00,351.00,617.75,293.00,1,312.63
15077.00,4_3233,2367.50,293.00,615.10,233.00,1,249.07
15077.00,4_3260,2375.00,272.00,615.10,217.00,1,241.81
15078.00,4_3221,2362.50,305.00,617.75,248.00,1,275.99
15078.00,4_3335,2371.50,239.00,615.10,189.00,1,211.79
15080.00,4_3223,2364.50,304.00,617.75,247.00,1,267.82
15080.00,4_3368,2378.00,218.00,615.10,166.00,1,188.87
15081.00,4_3184,2354.00,335.00,596.93,276.00,1,300.14
15081.00,4_3230,2367.00,299.00,617.75,242.00,1,264.32
15081.00,4_3392,2384.00,201.00,615.10,149.00,1,172.20
15083.00,4_3190,2354.00,334.00,596.93,275.00,1,299.93
15083.00,4_3247,2369.50,290.00,617.75,234.00,1,260.65
15083.00,4_3397,2383.50,201.00,615.10,148.00,1,170.72
15085.00,4_3200,2361.00,324.00,596.93,264.00,1,295.90
15087.00,4_3211,2361.50,320.00,596.93,259.00,1,287.54
15087.00,4_3261,2377.50,279.00,617.75,218.00,1,245.41
15087.00,4_3404,2384.00,201.00,615.10,146.00,1,164.22
15089.00,4_3212,2364.00,319.00,596.93,257.00,1,290.36
15089.00,4_3407,2385.50,200.00,615.10,144.00,1,162.67
15090.00,4_3228,2365.00,311.00,596.93,252.00,2,284.47
15090.00,4_3426,2389.00,188.00,615.10,135.00,1,159.78
15091.00,4_3262,2379.00,281.00,617.75,216.00,1,242.66
15092.00,4_3236,2369.00,305.00,596.93,245.00,1,278.15
15092.00,4_3427,2389.50,189.00,615.10,134.00,1,162.00
15093.00,4_3264,2380.00,281.00,617.75,216.00,1,248.69
15093.00,4_3447,2389.50,180.00,615.10,125.00,1,145.26
15094.00,4_3279,2378.50,276.00,617.75,214.00,1,242.60
15095.00,4_3246,2367.00,305.00,596.93,245.00,1,275.75
15096.00,4_3316,2374.00,264.00,617.75,203.00,1,233.03
15099.00,4_3320,2374.00,265.00,596.93,210.00,1,231.90
15101.00,4_3346,2372.00,256.00,596.93,199.00,1,224.66
15102.00,4_3326,2374.00,265.00,617.75,198.00,1,225.42
15103.00,4_3258,2373.00,301.00,596.93,234.00,1,269.96
15103.00,4_3348,2377.00,252.00,617.75,186.00,1,225.36
15105.00,4_3272,2379.00,290.00,596.93,223.00,1,261.21
15105.00,4_3367,2376.50,245.00,617.75,179.00,1,209.90
15107.00,4_3377,2378.50,240.00,617.75,175.00,1,207.98
15108.00,4_3381,2380.50,237.00,617.75,172.00,1,205.25
15111.00,4_3283,2378.50,291.00,596.93,221.00,1,254.18
15111.00,4_3384,2380.00,239.00,617.75,170.00,1,208.99
15114.00,4_3295,2375.50,291.00,596.93,217.00,1,253.16
15114.00,4_3419,2390.50,214.00,617.75,143.00,1,180.72
15115.00,4_3378,2379.00,247.00,596.93,180.00,1,216.35
15115.00,4_3451,2534.50,55.00,615.10,0.00,0,19.07
15116.00,4_3402,2384.00,231.00,617.75,160.00,1,199.94
15117.00,4_3390,2382.00,240.00,596.93,174.00,2,207.93
15118.00,4_3413,2388.50,223.00,617.75,151.00,1,190.69
15120.00,4_3301,2375.50,294.00,596.93,219.00,2,260.66
15120.00,4_3475,2531.50,51.00,615.10,0.00,0,8.86
15121.00,4_3497,2530.50,42.00,615.10,0.00,0,14.81
15122.00,4_3414,2389.00,226.00,617.75,151.00,1,193.68
15122.00,4_3433,2392.50,213.00,596.93,144.00,2,179.76
15125.00,4_3303,2377.50,296.00,596.93,216.00,2,262.75
15125.00,4_3418,2388.00,228.00,617.75,151.00,2,194.97
15126.00,4_3342,2371.00,284.00,596.93,203.00,1,256.71
15126.00,4_3500,2533.00,43.00,615.10,0.00,0,7.53
15127.00,4_3429,2391.50,221.00,617.75,144.00,2,190.15
15128.00,4_3347,2374.50,280.00,596.93,197.00,1,250.36
15129.00,4_3431,2391.50,222.00,617.75,141.00,2,191.21
15130.00,4_3442,2391.00,218.00,617.75,139.00,3,189.18
15131.00,6_28,5.00,278.00,586.83,194.00,1,248.32
15133.00,4_3450,2534.00,74.00,617.75,0.00,0,41.92
15135.00,4_3532,2528.00,41.00,615.10,0.00,0,6.89
15136.00,4_3455,2535.50,73.00,617.75,0.00,0,42.28
15137.00,4_3351,2377.50,284.00,596.93,193.00,1,246.70
15137.00,4_3547,2523.50,40.00,615.10,0.00,0,10.82
15138.00,4_3362,2375.00,282.00,596.93,193.00,1,249.90
15140.00,4_3370,2379.00,276.00,596.93,188.00,1,244.14
15142.00,4_3458,2536.00,77.00,617.75,0.00,0,38.23
15144.00,4_3472,2531.00,77.00,617.75,0.00,0,42.34
15148.00,5_1469,1776.30,331.00,596.93,275.00,1,296.12
15148.00,5_1488,1785.60,316.00,615.10,269.00,1,280.98
15149.00,5_1471,1778.70,329.00,596.93,275.00,1,298.51
15150.00,5_1482,1784.40,321.00,617.75,273.00,1,283.99
15151.00,5_1500,1797.00,304.00,615.10,254.00,1,269.70
15152.00,5_1489,1788.30,317.00,615.10,266.00,1,277.57
15153.00,5_1478,1782.60,327.00,596.93,274.00,1,291.57
15153.00,5_1507,1800.90,300.00,617.75,253.00,1,265.54
15153.00,5_1529,1818.30,276.00,615.10,230.00,1,249.44
15154.00,5_1514,1807.80,292.00,615.10,240.00,2,260.82
15155.00,5_1494,1789.80,317.00,596.93,268.00,1,287.23
15155.00,5_1520,1812.00,287.00,617.75,238.00,1,251.31
15155.00,5_1528,1815.60,281.00,615.10,230.00,2,252.13
15156.00,5_1533,1820.10,276.00,615.10,228.00,1,245.85
15157.00,5_1546,1822.20,271.00,615.10,222.00,1,239.33
15158.00,5_1560,1824.00,266.00,615.10,217.00,1,235.46
15159.00,5_1495,1792.50,318.00,596.93,265.00,1,281.47
15159.00,5_1534,1822.80,276.00,615.10,222.00,1,247.18
15160.00,5_1550,1824.00,271.00,615.10,220.00,1,236.36
15161.00,5_1496,1795.20,317.00,596.93,264.00,1,282.46
15162.00,5_1569,1827.30,264.00,615.10,212.00,1,227.79
15162.00,5_1630,1836.00,237.00,615.10,185.00,1,206.84
15163.00,5_1503,1799.10,313.00,596.93,260.00,1,280.31
15164.00,5_1587,1827.90,260.00,617.75,210.00,1,228.98
15164.00,5_1631,1838.70,236.00,615.10,183.00,1,198.36
15165.00,5_1508,1803.60,309.00,596.93,255.00,1,275.93
15166.00,5_1639,1842.30,232.00,615.10,177.00,1,196.36
15167.00,5_1626,1834.20,245.00,617.75,192.00,1,214.40
15167.00,5_1645,1843.50,230.00,615.10,176.00,2,195.64
15169.00,5_1513,1805.10,310.00,596.93,255.00,1,275.11
15169.00,5_1637,1839.90,238.00,617.75,184.00,1,206.49
15169.00,5_1671,1847.70,220.00,615.10,168.00,1,186.33
15170.00,5_1651,1847.70,227.00,615.10,175.00,1,196.01
15170.00,5_1690,1861.00,202.00,615.10,148.00,1,171.27
15171.00,5_1517,1809.90,306.00,596.93,249.00,1,273.06
15172.00,5_1714,1859.80,198.00,615.10,146.00,1,164.24
15174.00,5_1523,1814.10,303.00,596.93,246.00,1,268.62
15174.00,5_1655,1849.50,228.00,615.10,174.00,1,192.26
15174.00,5_1693,1863.10,203.00,615.10,145.00,2,168.39
15175.00,5_1728,1870.60,186.00,615.10,133.00,1,152.90
15176.00,5_1566,1825.20,281.00,596.93,223.00,1,249.75
15177.00,5_1732,1875.40,182.00,615.10,129.00,1,152.30
15178.00,5_1572,1829.40,277.00,596.93,218.00,1,244.53
15178.00,5_1733,1878.10,180.00,615.10,124.00,1,148.99
15180.00,5_1683,1853.10,222.00,617.75,163.00,1,182.28
15180.00,5_1746,1881.20,175.00,615.10,123.00,1,145.51
15181.00,5_1685,1855.50,220.00,617.75,161.00,1,186.10
15181.00,5_1758,1883.60,170.00,615.10,119.00,1,139.97
15182.00,5_1598,1827.60,275.00,596.93,214.00,1,240.70
15183.00,5_1599,1830.30,273.00,596.93,212.00,1,244.21
15183.00,5_1687,1856.90,220.00,617.75,160.00,1,187.42
15183.00,5_1766,1885.20,168.00,615.10,116.00,1,136.15
15184.00,5_1721,1860.70,207.00,617.75,148.00,1,176.72
15185.00,5_1770,1888.00,166.00,615.10,112.00,1,130.75
15187.00,5_1608,1830.60,274.00,596.93,211.00,1,240.27
15187.00,5_1776,1895.20,159.00,615.10,107.00,1,128.84
15188.00,5_1617,1830.90,272.00,596.93,210.00,1,241.18
15189.00,5_1722,1861.40,211.00,617.75,148.00,1,172.81
15189.00,5_1783,1899.10,155.00,615.10,101.00,1,121.03
15190.00,5_1803,1900.10,149.00,615.10,98.00,1,117.47
15191.00,5_1623,1832.10,272.00,596.93,207.00,1,240.26
15191.00,5_1723,1863.10,211.00,617.75,147.00,1,179.29
15192.00,5_1743,1881.10,188.00,617.75,126.00,1,157.91
15192.00,5_1807,1901.90,148.00,615.10,94.00,1,115.03
15193.00,5_1748,1883.60,185.00,615.10,125.00,1,154.17
15194.00,5_1813,1909.10,141.00,615.10,89.00,1,112.34
15196.00,5_1649,1845.30,256.00,596.93,187.00,1,219.74
15197.00,5_1761,1885.70,183.00,617.75,121.00,1,148.47
15198.00,5_1673,1850.10,246.00,596.93,179.00,1,214.01
15198.00,5_1828,1911.60,138.00,615.10,82.00,1,98.42
15199.00,5_1680,1851.00,244.00,596.93,176.00,1,212.25
15199.00,5_1834,1914.80,134.00,615.10,79.00,1,100.33
15200.00,5_1767,1887.90,182.00,617.75,118.00,1,148.38
15201.00,5_1689,1858.30,236.00,596.93,168.00,1,208.03
15201.00,5_1801,1896.70,164.00,617.75,100.00,1,132.69
15201.00,5_1850,1919.00,127.00,615.10,72.00,1,90.27
15202.00,5_1857,1922.90,122.00,615.10,68.00,1,93.87
15204.00,5_1874,1927.80,114.00,615.10,58.00,1,84.36
15205.00,5_1724,1865.80,222.00,596.93,153.00,1,187.36
15205.00,5_1802,1897.40,167.00,617.75,98.00,1,133.24
15205.00,5_1877,1931.90,110.00,615.10,54.00,1,73.71
15206.00,5_1888,1932.60,107.00,615.10,54.00,1,78.54
15207.00,5_1727,1867.90,221.00,596.93,149.00,1,190.66
15207.00,5_1809,1904.30,160.00,615.10,93.00,1,123.86
15208.00,5_1893,1937.10,103.00,615.10,50.00,1,73.45
15209.00,5_1730,1873.00,217.00,596.93,144.00,1,184.96
15209.00,5_1825,1907.50,154.00,615.10,85.00,1,120.96
15210.00,5_1919,1939.30,95.00,615.10,42.00,1,62.37
15214.00,4_3206,2503.00,308.00,596.93,244.00,1,275.83
15215.00,4_3267,2504.50,277.00,615.10,231.00,1,245.44
15216.00,4_3224,2508.00,296.00,596.93,243.00,1,269.86
15217.00,4_3235,2508.50,291.00,596.93,243.00,1,263.12
15218.00,4_2948,2295.00,649.00,617.75,541.00,5,610.40
15219.00,4_3169,2331.50,503.00,617.75,415.00,3,472.20
15220.00,4_3242,2508.00,291.00,596.93,242.00,1,260.76
15221.00,4_3274,2505.00,279.00,615.10,227.00,1,247.43
15222.00,4_3269,2506.50,281.00,617.75,227.00,1,247.08
15223.00,4_3296,2501.00,274.00,615.10,224.00,1,245.38
15224.00,4_2960,2294.00,650.00,617.75,544.00,5,618.08
15225.00,4_2965,2292.50,650.00,617.75,538.00,3,622.06
15225.00,4_3249,2508.50,292.00,596.93,242.00,1,257.55
15226.00,4_3293,2499.50,280.00,596.93,230.00,1,249.06
15226.00,4_3302,2502.00,273.00,615.10,226.00,1,240.13
15228.00,4_3309,2501.50,272.00,596.93,222.00,1,240.88
15229.00,4_2987,2307.50,628.00,617.75,516.00,3,594.38
15230.00,4_3311,2503.50,271.00,615.10,223.00,1,236.44
15231.00,4_3298,2503.00,279.00,617.75,228.00,1,249.82
15231.00,4_3313,2505.50,269.00,615.10,220.00,1,234.85
15233.00,4_3328,2512.00,257.00,615.10,209.00,1,226.51
15233.00,4_3333,2512.50,254.00,615.10,208.00,1,224.06
15234.00,4_3317,2511.50,264.00,596.93,211.00,1,230.39
15235.00,4_3314,2508.00,270.00,615.10,213.00,1,227.57
15236.00,4_3321,2512.50,263.00,596.93,209.00,1,230.02
15237.00,4_2992,2309.00,632.00,617.75,519.00,3,591.90
15237.00,4_3336,2514.00,255.00,596.93,204.00,1,225.79
15237.00,4_3353,2508.50,252.00,615.10,200.00,1,216.15
15238.00,4_3358,2513.00,246.00,615.10,196.00,1,212.66
15239.00,4_2999,2309.50,630.00,617.75,514.00,3,592.64
15240.00,4_3001,2312.50,627.00,617.75,511.00,4,597.93
15240.00,4_3360,2515.00,245.00,615.10,195.00,1,216.04
15241.00,4_3355,2510.50,253.00,615.10,199.00,1,220.00
15242.00,4_3006,2314.00,625.00,617.75,509.00,4,590.35
15242.00,4_3374,2516.00,239.00,596.93,185.00,1,209.29
15242.00,4_3401,2516.50,225.00,615.10,176.00,1,190.45
15243.00,4_3380,2517.00,236.00,596.93,181.00,1,207.75
15244.00,4_3417,2518.50,217.00,615.10,168.00,1,180.61
15246.00,4_3430,2516.00,215.00,615.10,164.00,1,177.63
15247.00,4_3032,2311.00,620.00,617.75,502.00,4,579.89
15247.00,4_3382,2519.00,237.00,596.93,181.00,1,206.57
15248.00,4_3045,2311.50,614.00,617.75,495.00,3,579.45
15248.00,4_3443,2513.50,213.00,615.10,162.00,1,183.69
15249.00,4_3444,2516.00,211.00,615.10,159.00,1,180.93
15250.00,4_3058,2312.00,609.00,617.75,488.00,3,572.66
15250.00,4_3391,2517.50,237.00,596.93,178.00,1,205.87
15250.00,4_3478,2512.00,199.00,605.00,150.00,1,165.88
15252.00,4_3068,2311.00,607.00,617.75,487.00,3,575.82
15252.00,4_3481,2513.50,198.00,615.10,147.00,1,166.14
15254.00,4_3484,2515.00,197.00,615.10,146.00,1,170.15
15255.00,4_3491,2517.50,192.00,615.10,141.00,1,161.69
15256.00,4_3181,2329.50,536.00,617.75,412.00,3,499.29
15256.00,4_3405,2517.50,236.00,596.93,173.00,1,197.01
15257.00,4_3506,2519.00,185.00,615.10,134.00,1,159.39
15258.00,4_3207,2505.50,349.00,617.75,246.00,2,320.06
15258.00,4_3415,2515.50,235.00,596.93,172.00,1,202.96
15259.00,4_3452,2515.00,218.00,596.93,156.00,1,186.19
15259.00,4_3508,2521.00,184.00,615.10,132.00,1,150.67
15260.00,4_3210,2508.00,347.00,617.75,247.00,2,312.83
15262.00,4_3217,2508.50,345.00,617.75,244.00,2,311.20
15262.00,4_3516,2528.00,176.00,615.10,124.00,1,140.85
15263.00,4_3462,2514.00,218.00,596.93,153.00,1,181.91
15263.00,4_3518,2533.00,171.00,615.10,118.00,1,141.71
15264.00,4_3473,2511.50,216.00,596.93,151.00,1,187.26
15265.00,4_3222,2507.00,347.00,617.75,243.00,3,313.13
15265.00,4_3524,2534.00,169.00,615.10,117.00,1,138.13
15266.00,4_3226,2510.00,343.00,617.75,241.00,2,316.67
15266.00,4_3488,2516.00,206.00,615.10,141.00,1,173.42
15267.00,4_3536,2538.00,161.00,615.10,109.00,1,131.38
15268.00,4_3493,2519.50,202.00,615.10,138.00,1,173.86
15270.00,4_3227,2510.50,346.00,617.75,241.00,2,312.28
15270.00,4_3496,2521.00,201.00,596.93,136.00,1,169.64
15271.00,4_3534,2533.00,171.00,615.10,111.00,1,129.60
15272.00,4_3244,2510.00,340.00,617.75,240.00,2,310.70
15273.00,4_3509,2523.50,195.00,596.93,128.00,1,163.03
15273.00,4_3541,2541.50,161.00,615.10,107.00,1,123.28
15274.00,4_3253,2509.50,338.00,617.75,239.00,2,306.20
15274.00,4_3513,2525.50,192.00,596.93,125.00,1,165.71
15276.00,4_3256,2509.00,339.00,617.75,239.00,1,306.42
15276.00,4_3517,2530.50,187.00,596.93,120.00,1,158.50
15280.00,4_3535,2535.50,177.00,596.93,108.00,1,145.72
15281.00,4_3544,2543.00,166.00,617.75,106.00,1,130.71
15283.00,4_3548,2544.00,165.00,617.75,104.00,1,138.49
15284.00,4_3540,2539.00,175.00,596.93,104.00,1,140.53
15284.00,4_3553,2542.50,165.00,617.75,104.00,1,134.74
15286.00,4_3559,2542.50,164.00,596.93,95.00,1,132.26
15288.00,4_3562,2544.00,163.00,596.93,92.00,1,132.72
15289.00,4_3285,2502.50,344.00,617.75,242.00,2,307.73
15289.00,4_3570,2546.00,158.00,615.10,90.00,1,122.10
15291.00,4_3565,2545.50,163.00,596.93,91.00,1,130.82
15291.00,4_3586,2552.00,146.00,615.10,85.00,2,112.33
15292.00,4_3571,2548.50,158.00,596.93,88.00,1,130.43
15292.00,4_3574,2550.00,155.00,617.75,89.00,1,119.77
15293.00,4_3315,2510.50,325.00,617.75,242.00,3,294.10
15294.00,5_0,2551.00,143.00,615.10,82.00,2,113.29
15295.00,4_3577,2549.50,157.00,596.93,87.00,1,127.37
15296.00,4_3531,2533.50,197.00,617.75,119.00,3,163.75
15298.00,4_3580,2551.00,157.00,617.75,93.00,2,122.84
15299.00,4_3583,2550.50,157.00,596.93,85.00,1,123.67
15300.00,4_3357,2512.50,309.00,617.75,227.00,4,274.76
15300.00,5_50,2644.00,41.00,615.10,0.00,0,8.82
15301.00,4_3592,2551.00,154.00,596.93,83.00,1,121.86
15303.00,5_2,2552.40,150.00,596.93,80.00,1,119.43
15305.00,4_3598,2551.00,155.00,617.75,84.00,2,115.70
15306.00,4_3361,2517.50,308.00,617.75,222.00,5,275.94
15306.00,5_45,2642.50,50.00,615.10,0.00,0,18.14
15307.00,5_57,2648.90,41.00,615.10,0.00,0,10.25
15308.00,5_27,2636.90,63.00,596.93,0.00,0,28.27
15309.00,5_53,2647.10,46.00,596.93,0.00,0,16.40
15309.00,5_59,2651.30,40.00,615.10,0.00,0,10.10
15311.00,5_25,2634.50,69.00,617.75,1.00,1,29.17
15311.00,5_41,2640.70,58.00,615.10,0.00,0,24.29
15313.00,5_9,2637.30,73.00,617.75,2.00,2,34.66
15313.00,5_64,2654.80,39.00,596.93,0.00,0,9.90
15314.00,5_30,2640.00,65.00,617.75,0.00,0,34.01
15316.00,4_3366,2516.00,317.00,617.75,222.00,4,283.23
15317.00,4_3369,2516.50,316.00,617.75,220.00,2,284.59
15321.00,5_935,1702.50,738.00,617.75,602.00,4,707.24
15321.00,5_1246,1780.20,567.00,615.10,499.00,2,538.33
15322.00,5_1218,1772.60,584.00,596.93,495.00,3,549.78
15324.00,5_1225,1773.50,583.00,596.93,494.00,4,551.15
15324.00,5_1244,1779.80,571.00,617.75,499.00,2,540.86
15325.00,5_1276,1789.20,553.00,615.10,483.00,2,520.55
15326.00,5_954,1730.80,709.00,617.75,586.00,5,681.34
15326.00,5_1228,1775.60,582.00,596.93,487.00,3,552.55
15327.00,5_1280,1789.00,554.00,615.10,478.00,2,521.56
15329.00,5_1248,1782.60,572.00,596.93,477.00,3,539.09
15329.00,5_1290,1989.00,353.00,615.10,279.00,3,318.38
15330.00,5_962,1729.40,712.00,617.75,583.00,4,680.60
15331.00,5_974,1730.80,708.00,617.75,582.00,5,678.23
15331.00,5_1253,1784.10,571.00,596.93,474.00,3,541.58
15332.00,5_1331,2008.70,324.00,615.10,262.00,1,287.22
15333.00,5_1304,1989.80,352.00,615.10,277.00,3,322.57
15335.00,5_1269,1782.30,572.00,596.93,471.00,3,537.58
15335.00,5_1289,1988.30,360.00,617.75,281.00,2,325.16
15336.00,5_1341,2012.70,321.00,615.10,260.00,1,288.88
15337.00,5_1270,1785.00,571.00,596.93,469.00,3,538.05
15337.00,5_1315,2003.50,339.00,617.75,266.00,2,307.21
15339.00,5_1271,1787.70,570.00,596.93,470.00,3,537.20
15340.00,5_1337,2011.90,327.00,617.75,262.00,1,293.90
15342.00,4_3387,2380.50,468.00,596.93,376.00,3,439.53
15345.00,4_3568,2522.00,239.00,615.10,192.00,1,207.71
15346.00,4_3408,2388.00,454.00,596.93,355.00,2,424.24
15347.00,4_3485,2535.50,269.00,617.75,199.00,1,233.29
15348.00,4_3573,2521.50,240.00,615.10,188.00,1,205.76
15349.00,4_3449,2390.50,434.00,596.93,334.00,2,402.33
15351.00,4_3476,2534.00,279.00,596.93,196.00,1,250.18
15351.00,4_3498,2532.00,270.00,617.75,197.00,1,229.54
15351.00,4_3589,2519.50,237.00,615.10,187.00,1,200.68
15352.00,4_3528,2528.00,260.00,617.75,195.00,1,226.72
15352.00,4_3594,2523.00,232.00,615.10,182.00,1,200.37
15354.00,4_3556,2522.00,254.00,617.75,195.00,1,222.77
15354.00,4_3595,2525.50,231.00,615.10,177.00,1,199.41
15355.00,4_3582,2520.00,244.00,617.75,195.00,2,210.48
15355.00,5_6,2526.20,227.00,615.10,176.00,1,195.26
15356.00,4_3479,2535.50,281.00,596.93,196.00,1,245.66
15357.00,4_3590,2522.00,240.00,617.75,191.00,1,207.42
15357.00,5_19,2528.30,223.00,615.10,172.00,2,188.78
15358.00,4_3526,2523.00,272.00,596.93,195.00,1,240.97
15359.00,4_3527,2525.50,270.00,596.93,193.00,1,239.60
15359.00,4_3599,2526.50,233.00,617.75,182.00,1,202.36
15360.00,5_36,2532.20,217.00,615.10,165.00,1,179.56
15362.00,5_23,2530.10,225.00,617.75,171.00,1,191.83
15364.00,4_3566,2520.00,261.00,596.93,193.00,1,225.30
15364.00,5_39,2537.30,215.00,615.10,161.00,1,180.69
15364.00,5_73,2564.10,178.00,615.10,123.00,1,136.11
15365.00,5_78,2568.60,173.00,615.10,118.00,1,144.53
15366.00,5_15,2526.50,235.00,596.93,180.00,1,201.35
15366.00,5_44,2541.80,211.00,617.75,160.00,1,179.36
15367.00,5_85,2569.50,172.00,615.10,113.00,2,137.33
15368.00,5_32,2530.40,228.00,596.93,173.00,1,198.35
15368.00,5_46,2544.20,210.00,617.75,158.00,1,178.01
15368.00,5_95,2574.50,165.00,615.10,110.00,1,133.97
15370.00,5_108,2577.60,160.00,615.10,106.00,1,126.62
15371.00,5_52,2545.40,210.00,617.75,156.00,1,179.63
15372.00,5_38,2534.60,226.00,596.93,169.00,1,192.52
15372.00,5_123,2584.10,151.00,615.10,97.00,1,122.37
15373.00,5_141,2588.70,142.00,615.10,90.00,1,112.83
15375.00,5_58,2548.60,209.00,617.75,151.00,1,172.63
15375.00,5_155,2592.50,136.00,615.10,81.00,1,105.15
15376.00,5_175,2593.50,130.00,615.10,78.00,1,95.46
15377.00,5_43,2539.10,225.00,596.93,163.00,1,186.63
15377.00,5_56,2546.20,214.00,596.93,156.00,1,184.03
15379.00,5_61,2552.70,208.00,596.93,149.00,1,177.45
15379.00,5_176,2596.20,130.00,615.10,74.00,1,90.08
15380.00,5_60,2551.00,211.00,617.75,149.00,1,171.60
15380.00,5_180,2601.00,125.00,615.10,73.00,1,93.31
15381.00,5_89,2571.30,183.00,617.75,120.00,1,146.40
15382.00,5_178,2598.60,130.00,615.10,70.00,1,97.85
15383.00,5_96,2577.20,177.00,617.75,114.00,1,141.77
15384.00,5_62,2555.40,210.00,596.93,146.00,1,173.45
15384.00,5_197,2604.90,120.00,615.10,67.00,1,80.56
15385.00,5_106,2576.20,177.00,617.75,114.00,1,140.67
15385.00,5_238,2609.60,104.00,615.10,50.00,1,71.55
15386.00,5_70,2556.00,209.00,596.93,143.00,1,173.85
15387.00,5_249,2610.30,102.00,615.10,49.00,1,72.87
15388.00,5_71,2558.70,208.00,596.93,142.00,1,178.12
15388.00,5_119,2583.30,169.00,617.75,106.00,1,132.42
15389.00,5_72,2561.40,206.00,596.93,141.00,1,178.89
15389.00,5_140,2588.00,159.00,617.75,97.00,1,130.82
15390.00,5_263,2628.10,83.00,615.10,31.00,1,42.25
15391.00,5_150,2589.00,157.00,617.75,95.00,1,131.36
15391.00,5_264,2630.80,81.00,615.10,28.00,1,52.62
15393.00,5_74,2566.80,204.00,596.93,137.00,1,169.17
15393.00,5_173,2593.10,148.00,617.75,85.00,1,118.59
15393.00,5_266,2633.20,80.00,615.10,26.00,1,44.42
15393.00,5_280,2641.00,68.00,615.10,16.00,1,35.45
15394.00,5_275,2635.50,76.00,615.10,23.00,1,42.16
15395.00,5_92,2572.40,195.00,596.93,129.00,1,166.28
15395.00,5_187,2601.90,137.00,617.75,74.00,1,105.30
15396.00,5_115,2578.50,183.00,596.93,115.00,1,155.29
15398.00,5_188,2602.60,139.00,617.75,73.00,1,107.81
15399.00,5_215,2611.50,123.00,617.75,57.00,1,93.37
15403.00,5_117,2580.90,187.00,596.93,114.00,1,147.07
15403.00,5_126,2586.20,179.00,596.93,110.00,1,148.07
15405.00,5_224,2611.80,126.00,617.75,55.00,1,90.86
15406.00,5_131,2587.70,179.00,596.93,108.00,1,144.95
15406.00,5_315,2648.50,63.00,617.75,7.00,1,32.15
15408.00,5_153,2590.10,172.00,596.93,101.00,1,139.34
15409.00,5_240,2612.00,125.00,617.75,53.00,1,90.48
15410.00,5_162,2593.40,168.00,596.93,97.00,1,137.31
15411.00,5_325,2648.50,65.00,617.75,5.00,1,32.15
15412.00,5_327,2650.90,63.00,617.75,5.00,1,32.33
15413.00,5_192,2603.40,152.00,596.93,80.00,1,119.92
15416.00,5_298,2645.60,81.00,617.75,18.00,2,47.16
15416.00,5_304,2647.80,77.00,596.93,16.00,2,44.16
15418.00,5_202,2606.40,151.00,596.93,75.00,1,119.20
15418.00,5_250,2613.00,130.00,617.75,54.00,4,100.81
15420.00,5_210,2607.00,150.00,596.93,73.00,1,118.99
15420.00,5_345,2659.50,57.00,617.75,0.00,0,25.24
15422.00,5_350,2660.00,57.00,617.75,0.00,0,26.91
15422.00,5_356,2663.20,52.00,615.10,0.00,0,20.43
15424.00,5_213,2609.10,151.00,596.93,72.00,1,117.34
15425.00,5_251,2613.70,136.00,617.75,56.00,5,103.86
15426.00,5_219,2611.30,149.00,596.93,71.00,1,117.77
15427.00,5_355,2660.50,60.00,617.75,0.00,0,28.41
15430.00,5_377,2672.90,44.00,615.10,0.00,0,7.48
15431.00,5_253,2617.10,138.00,596.93,57.00,1,99.86
15431.00,5_299,2646.30,95.00,617.75,18.00,4,61.77
15432.00,5_254,2618.80,137.00,596.93,55.00,1,108.65
15432.00,5_380,2675.00,43.00,615.10,0.00,0,12.45
15433.00,5_300,2648.00,95.00,617.75,14.00,3,60.94
15434.00,5_262,2625.40,130.00,596.93,49.00,1,100.40
15435.00,5_276,2638.20,114.00,596.93,33.00,1,84.14
15437.00,5_308,2649.60,95.00,617.75,11.00,3,59.94
15438.00,5_252,2615.40,147.00,617.75,55.00,4,113.83
15440.00,5_284,2641.80,113.00,596.93,29.00,1,77.03
15442.00,5_291,2643.70,111.00,596.93,30.00,2,78.51
15442.00,5_405,2677.50,43.00,615.10,0.00,0,7.90
15443.00,5_256,2622.20,144.00,617.75,50.00,4,106.37
15443.00,5_332,2651.40,92.00,596.93,7.00,2,64.55
15444.00,5_260,2622.00,144.00,617.75,48.00,4,112.94
15445.00,5_360,2665.00,72.00,596.93,0.00,0,42.37
15447.00,5_362,2667.40,71.00,596.93,0.00,0,42.17
15448.00,5_261,2623.70,146.00,617.75,46.00,3,108.33
15449.00,5_408,2681.60,45.00,615.10,0.00,0,4.98
15450.00,5_270,2635.00,134.00,617.75,35.00,1,101.85
15450.00,5_366,2670.20,70.00,596.93,0.00,0,40.39
15453.00,5_273,2635.10,136.00,617.75,35.00,2,96.38
15453.00,5_278,2640.60,129.00,617.75,35.00,3,94.72
15457.00,5_1902,1937.40,349.00,615.10,290.00,2,322.80
15459.00,5_1740,1879.00,458.00,596.93,381.00,2,422.18
15460.00,5_1920,1941.00,343.00,615.10,283.00,2,307.07
15461.00,5_1827,1909.90,403.00,617.75,327.00,2,365.33
15462.00,5_1829,1914.30,399.00,617.75,326.00,2,365.82
15463.00,5_1773,1890.10,441.00,596.93,362.00,2,403.00
15463.00,5_1944,1988.80,291.00,615.10,238.00,1,259.91
15464.00,5_1939,1989.30,293.00,617.75,239.00,1,260.60
15465.00,5_1775,1892.50,440.00,596.93,360.00,2,404.00
15466.00,5_1845,1916.50,396.00,617.75,321.00,4,366.29
15466.00,5_1952,1989.40,291.00,615.10,237.00,1,256.18
15467.00,5_1782,1896.40,436.00,596.93,354.00,2,399.64
15468.00,5_1930,1948.00,341.00,615.10,275.00,2,308.72
15469.00,5_1810,1907.00,419.00,596.93,336.00,2,385.67
15469.00,5_1955,1995.50,287.00,615.10,236.00,1,254.31
15470.00,5_1835,1917.50,402.00,596.93,319.00,2,372.64
15471.00,5_1922,1943.40,351.00,615.10,276.00,2,318.46
15472.00,5_1991,2011.70,263.00,615.10,213.00,1,230.23
15473.00,5_1848,1917.60,401.00,617.75,316.00,2,361.21
15473.00,5_1860,1925.00,390.00,617.75,308.00,2,356.84
15474.00,5_1996,2013.20,262.00,615.10,213.00,1,230.52
15476.00,5_1851,1921.70,399.00,596.93,313.00,2,361.11
15476.00,5_2002,2017.40,258.00,615.10,211.00,1,225.86
15477.00,5_1866,1927.20,390.00,617.75,305.00,2,352.17
15478.00,5_1865,1924.50,394.00,596.93,307.00,2,363.21
15479.00,5_1872,1926.40,391.00,617.75,302.00,2,353.55
15479.00,5_1875,1929.50,387.00,596.93,300.00,2,358.52
15479.00,5_2007,2018.90,258.00,615.10,208.00,1,222.73
15480.00,5_1883,1933.10,382.00,617.75,297.00,2,346.99
15480.00,5_2013,2023.10,253.00,615.10,203.00,1,226.83
15481.00,5_1889,1935.30,379.00,596.93,290.00,2,350.28
15482.00,5_1898,1937.60,375.00,617.75,289.00,2,341.86
15482.00,5_1910,1938.00,371.00,596.93,288.00,2,344.04
15482.00,5_2025,2025.50,249.00,615.10,199.00,1,219.76
15483.00,5_2031,2026.70,247.00,615.10,196.00,1,214.11
15485.00,5_1911,1940.70,371.00,617.75,284.00,3,334.89
15485.00,5_1954,1992.80,306.00,596.93,238.00,1,274.30
15485.00,5_2038,2034.60,239.00,615.10,188.00,1,206.03
15486.00,5_2039,2037.30,237.00,615.10,186.00,1,203.15
15488.00,5_2041,2039.70,236.00,615.10,185.00,1,202.35
15489.00,5_1924,1945.80,366.00,617.75,278.00,2,327.66
15490.00,5_1962,2000.40,301.00,596.93,237.00,1,265.17
15490.00,5_2043,2042.10,235.00,615.10,184.00,1,202.73
15491.00,5_1925,1946.50,367.00,617.75,276.00,2,327.83
15491.00,5_1966,2002.20,299.00,596.93,236.00,1,267.51
15493.00,5_1926,1948.20,367.00,617.75,276.00,2,333.27
15494.00,5_1975,2002.50,299.00,596.93,236.00,1,265.14
15494.00,5_2059,2049.30,227.00,615.10,173.00,1,188.42
15495.00,5_1957,1997.90,310.00,617.75,237.00,1,275.73
15495.00,5_2065,2050.50,225.00,615.10,171.00,1,188.42
15496.00,5_1961,1998.70,309.00,617.75,236.00,2,275.37
15496.00,5_1977,2004.90,298.00,596.93,236.00,1,265.45
15497.00,5_2069,2054.30,222.00,615.10,169.00,1,188.63
15498.00,5_1999,2015.30,283.00,596.93,222.00,1,250.06
15498.00,5_2094,2055.80,214.00,615.10,162.00,1,186.88
15499.00,5_1979,2007.30,298.00,617.75,233.00,1,265.80
15500.00,5_2103,2063.10,206.00,615.10,153.00,1,177.24
15504.00,5_67,2656.90,227.00,596.93,184.00,1,195.02
15505.00,4_3375,2518.50,499.00,617.75,401.00,3,467.10
15506.00,5_80,2665.00,217.00,615.10,171.00,1,182.96
15507.00,4_3399,2516.50,491.00,617.75,392.00,4,459.01
15507.00,5_77,2659.90,224.00,596.93,177.00,1,192.03
15507.00,5_82,2667.40,215.00,615.10,169.00,1,184.65
15509.00,5_87,2668.90,214.00,615.10,168.00,1,182.96
15510.00,5_79,2662.30,224.00,596.93,176.00,1,190.79
15511.00,4_3416,2518.00,485.00,617.75,381.00,3,450.84
15511.00,5_88,2671.60,213.00,615.10,165.00,1,181.84
15513.00,5_93,2675.10,210.00,615.10,162.00,1,177.22
15514.00,5_100,2678.00,206.00,596.93,154.00,1,170.17
15515.00,4_3424,2518.00,485.00,617.75,384.00,5,447.57
15516.00,5_112,2685.40,197.00,615.10,147.00,1,160.86
15517.00,5_101,2680.70,206.00,596.93,152.00,1,170.05
15518.00,4_3435,2516.50,484.00,617.75,378.00,4,445.65
15518.00,5_113,2688.10,196.00,615.10,145.00,1,165.77
15519.00,5_102,2683.40,205.00,596.93,151.00,1,171.19
15519.00,5_157,2699.90,172.00,615.10,122.00,1,140.47
15521.00,4_3461,2513.50,477.00,617.75,370.00,4,437.92
15521.00,5_163,2705.10,167.00,615.10,117.00,1,137.02
15522.00,5_120,2689.00,197.00,596.93,144.00,1,162.57
15523.00,4_3512,2525.00,442.00,617.75,333.00,3,403.62
15523.00,5_169,2707.30,165.00,615.10,113.00,1,128.60
15524.00,5_121,2691.70,196.00,596.93,143.00,1,165.20
15525.00,4_3514,2528.00,440.00,617.75,330.00,3,410.09
15525.00,5_186,2720.20,149.00,615.10,97.00,1,112.42
15527.00,5_194,2723.80,145.00,615.10,92.00,1,111.15
15528.00,4_3523,2533.50,433.00,617.75,322.00,4,400.88
15528.00,5_130,2692.00,197.00,596.93,141.00,1,161.57
15528.00,5_204,2730.80,136.00,615.10,84.00,1,99.75
15530.00,5_28,2639.60,282.00,617.75,182.00,2,240.36
15530.00,5_144,2694.80,192.00,596.93,134.00,1,157.29
15531.00,5_220,2736.00,129.00,615.10,75.00,1,90.65
15532.00,4_3545,2543.50,416.00,617.75,302.00,4,382.50
15532.00,5_151,2695.70,191.00,596.93,131.00,1,159.83
15532.00,5_272,2741.40,109.00,615.10,56.00,1,80.72
15534.00,5_34,2640.80,283.00,617.75,180.00,4,250.15
15534.00,5_282,2742.40,107.00,615.10,54.00,1,80.10
15535.00,5_51,2646.70,273.00,617.75,175.00,1,244.38
15535.00,5_292,2743.40,104.00,615.10,51.00,1,74.36
15537.00,5_154,2697.80,193.00,586.83,130.00,1,154.17
15537.00,5_294,2745.80,103.00,615.10,50.00,1,74.96
15538.00,5_63,2653.10,266.00,617.75,177.00,2,231.55
15538.00,5_160,2703.00,187.00,596.93,125.00,1,156.85
15538.00,5_297,2747.90,101.00,615.10,50.00,1,71.94
15541.00,5_170,2710.00,180.00,596.93,118.00,1,144.69
15541.00,5_305,2754.50,95.00,615.10,42.00,1,58.01
15542.00,5_68,2659.60,262.00,617.75,176.00,1,225.85
15542.00,5_311,2755.70,93.00,615.10,39.00,1,59.30
15544.00,5_76,2658.20,263.00,617.75,177.00,2,230.91
15544.00,5_177,2713.90,177.00,596.93,115.00,1,148.38
15544.00,5_320,2762.00,86.00,615.10,32.00,1,49.77
15545.00,5_91,2673.70,244.00,617.75,174.00,1,215.08
15546.00,5_344,2760.80,82.00,615.10,26.00,1,45.18
15547.00,5_97,2676.90,241.00,617.75,175.00,2,211.87
15547.00,5_171,2712.70,183.00,596.93,115.00,1,142.11
15547.00,5_391,2775.70,54.00,615.10,0.00,0,23.20
15548.00,5_104,2685.80,231.00,617.75,170.00,1,202.12
15548.00,5_179,2716.30,178.00,596.93,113.00,1,148.32
15554.00,5_181,2718.70,181.00,596.93,111.00,1,142.19
15557.00,5_139,2692.30,223.00,617.75,154.00,1,181.29
15557.00,5_301,2749.70,117.00,596.93,58.00,1,78.39
15558.00,5_143,2693.10,222.00,617.75,153.00,1,182.82
15558.00,5_189,2722.30,179.00,596.93,109.00,1,149.45
15559.00,5_159,2702.30,209.00,617.75,141.00,1,175.60
15563.00,5_1281,1791.70,787.00,596.93,686.00,4,756.07
15564.00,5_1359,2022.30,534.00,615.10,479.00,2,505.00
15565.00,5_989,1730.30,938.00,617.75,809.00,6,904.73
15565.00,5_1313,1993.10,578.00,596.93,489.00,3,548.54
15565.00,5_1351,2020.70,539.00,615.10,479.00,2,504.27
15567.00,5_1376,2026.20,528.00,615.10,473.00,2,497.16
15568.00,5_1024,1742.80,918.00,617.75,805.00,5,890.13
15569.00,5_1392,2027.40,524.00,615.10,467.00,2,492.12
15570.00,5_1318,2005.60,569.00,596.93,484.00,2,533.47
15571.00,5_1321,2007.70,567.00,596.93,482.00,3,536.09
15571.00,5_1394,2029.80,523.00,615.10,467.00,2,489.66
15573.00,5_1004,1744.80,927.00,617.75,808.00,5,882.73
15573.00,5_1401,2033.70,519.00,615.10,461.00,2,490.38
15574.00,5_1332,2012.40,562.00,617.75,484.00,2,531.04
15575.00,5_1026,1746.20,921.00,617.75,802.00,7,891.23
15575.00,5_1409,2040.30,512.00,615.10,451.00,2,478.18
15575.00,6_34,69.00,562.00,586.83,480.00,3,527.28
15577.00,5_1343,2016.10,558.00,596.93,479.00,2,526.79
15577.00,5_1416,2048.20,504.00,615.10,444.00,2,473.41
15578.00,5_1033,1751.10,917.00,617.75,798.00,6,883.69
15578.00,5_1433,2049.10,499.00,615.10,439.00,2,467.73
15579.00,5_1050,1753.00,911.00,617.75,795.00,6,882.73
15579.00,5_1347,2018.90,556.00,596.93,479.00,2,524.09
15580.00,5_1364,2023.80,547.00,596.93,477.00,2,517.95
15580.00,5_1463,2050.10,491.00,615.10,430.00,2,458.26
15581.00,5_1056,1755.20,909.00,617.75,792.00,6,879.43
15581.00,5_1464,2052.80,489.00,615.10,428.00,2,462.19
15582.00,5_1470,2055.00,486.00,615.10,425.00,2,456.66
15584.00,5_1473,2057.10,485.00,615.10,423.00,2,457.44
15588.00,5_1058,1755.60,915.00,617.75,794.00,5,877.38
15589.00,5_1072,1756.40,911.00,617.75,794.00,5,878.93
15589.00,5_1368,2025.60,553.00,596.93,476.00,3,513.07
15593.00,5_285,2644.50,263.00,617.75,164.00,3,231.43
15594.00,5_367,2672.90,211.00,596.93,135.00,1,176.46
15594.00,5_421,2689.70,178.00,615.10,130.00,1,144.04
15595.00,5_293,2646.10,261.00,617.75,161.00,2,229.87
15595.00,5_433,2695.10,170.00,615.10,124.00,1,137.31
15596.00,5_383,2679.10,202.00,596.93,135.00,1,170.24
15597.00,5_410,2684.00,190.00,596.93,134.00,1,159.34
15598.00,5_436,2697.20,170.00,615.10,122.00,1,134.61
15600.00,5_455,2700.50,163.00,615.10,114.00,1,133.13
15601.00,5_478,2701.60,156.00,615.10,108.00,1,124.42
15602.00,5_338,2659.60,241.00,617.75,134.00,1,199.42
15602.00,5_412,2686.40,192.00,596.93,133.00,1,157.06
15603.00,5_365,2669.50,224.00,617.75,134.00,2,189.32
15603.00,5_489,2707.30,149.00,615.10,98.00,1,117.78
15604.00,5_381,2677.70,212.00,617.75,132.00,1,184.85
15604.00,5_417,2687.90,191.00,596.93,132.00,1,158.50
15604.00,5_508,2710.60,141.00,615.10,92.00,1,111.99
15606.00,5_507,2707.90,146.00,615.10,92.00,1,115.86
15607.00,5_389,2680.30,210.00,617.75,131.00,1,174.47
15607.00,5_424,2691.80,188.00,596.93,132.00,1,153.68
15608.00,5_528,2719.60,130.00,615.10,80.00,1,95.47
15609.00,5_406,2680.20,207.00,617.75,131.00,1,176.97
15609.00,5_482,2706.40,158.00,596.93,105.00,1,124.03
15610.00,5_543,2720.10,127.00,615.10,78.00,1,97.66
15611.00,5_493,2709.10,154.00,596.93,101.00,1,125.89
15613.00,5_431,2692.70,191.00,617.75,131.00,1,153.69
15613.00,5_512,2712.40,147.00,596.93,93.00,1,115.68
15614.00,5_442,2698.40,183.00,617.75,127.00,1,148.70
15614.00,5_520,2716.00,142.00,596.93,90.00,1,112.22
15614.00,5_549,2724.30,125.00,615.10,73.00,1,86.93
15615.00,5_581,2723.70,117.00,615.10,62.00,1,83.43
15616.00,5_444,2699.80,183.00,617.75,127.00,1,150.25
15617.00,5_599,2731.30,106.00,615.10,56.00,1,72.56
15618.00,5_547,2721.90,132.00,596.93,76.00,1,100.14
15618.00,5_602,2736.40,101.00,615.10,52.00,1,68.68
15619.00,5_453,2699.10,184.00,617.75,125.00,1,148.26
15620.00,5_466,2700.20,180.00,617.75,125.00,1,150.39
15620.00,5_615,2738.50,97.00,615.10,47.00,1,61.61
15621.00,5_625,2741.50,92.00,605.00,42.00,1,63.97
15622.00,5_474,2699.80,180.00,617.75,121.00,1,145.65
15622.00,5_553,2726.10,130.00,596.93,73.00,1,96.10
15623.00,5_628,2746.60,88.00,615.10,37.00,1,56.35
15624.00,5_480,2704.00,176.00,617.75,117.00,1,144.93
15624.00,5_572,2723.40,129.00,596.93,71.00,1,98.52
15626.00,5_636,2750.20,85.00,615.10,32.00,1,47.63
15627.00,5_514,2714.80,158.00,617.75,100.00,1,124.06
15628.00,5_609,2737.30,108.00,596.93,49.00,1,79.63
15628.00,5_637,2752.90,84.00,615.10,31.00,1,47.09
15629.00,5_527,2715.90,155.00,617.75,95.00,1,125.27
15629.00,5_649,2756.30,78.00,615.10,27.00,1,46.93
15630.00,5_674,2760.80,67.00,615.10,15.00,1,39.23
15631.00,5_590,2728.00,126.00,596.93,61.00,1,85.46
15632.00,5_705,2761.50,59.00,615.10,7.00,1,27.96
15633.00,5_616,2741.20,107.00,615.10,45.00,1,71.92
15634.00,5_583,2726.10,133.00,617.75,73.00,1,101.75
15634.00,5_706,2764.20,58.00,615.10,5.00,1,22.21
15635.00,5_626,2744.20,103.00,615.10,40.00,1,71.97
15635.00,5_732,2773.40,42.00,615.10,0.00,0,13.28
15636.00,5_542,2718.40,155.00,617.75,89.00,1,113.90
15636.00,5_632,2748.40,98.00,596.93,34.00,1,67.38
15636.00,5_709,2769.30,54.00,615.10,0.00,0,24.41
15637.00,5_588,2726.60,134.00,617.75,72.00,1,99.63
15637.00,5_743,2774.10,40.00,615.10,0.00,0,9.31
15638.00,5_639,2755.30,91.00,615.10,27.00,1,58.75
15639.00,5_592,2730.40,131.00,617.75,69.00,1,99.61
15639.00,5_721,2769.70,53.00,615.10,0.00,0,24.16
15640.00,5_597,2729.90,131.00,617.75,67.00,1,99.43
15640.00,5_656,2758.20,85.00,596.93,21.00,1,53.81
15642.00,5_707,2766.90,63.00,615.10,5.00,1,28.74
15644.00,5_662,2759.40,86.00,615.10,19.00,1,51.79
15644.00,5_685,2760.50,78.00,596.93,12.00,1,48.34
15644.00,5_745,2778.50,42.00,615.10,0.00,0,15.93
15645.00,5_600,2734.00,131.00,617.75,64.00,1,94.92
15645.00,5_747,2780.90,40.00,615.10,0.00,0,6.90
15646.00,5_601,2734.70,131.00,617.75,63.00,2,97.27
15652.00,5_2155,2073.50,332.00,615.10,275.00,2,302.47
15653.00,5_1985,2008.50,449.00,617.75,382.00,2,416.46
15653.00,5_2012,2020.40,429.00,596.93,364.00,2,394.33
15653.00,5_2146,2073.20,336.00,615.10,278.00,2,301.85
15654.00,5_2163,2074.10,331.00,615.10,273.00,2,301.56
15655.00,5_2017,2024.90,425.00,596.93,357.00,2,392.93
15657.00,5_1986,2011.20,450.00,617.75,379.00,2,415.36
15657.00,5_2033,2029.10,418.00,596.93,346.00,2,385.65
15658.00,5_2198,2081.60,317.00,615.10,258.00,2,281.84
15659.00,5_2035,2031.50,417.00,617.75,346.00,2,382.20
15659.00,5_2206,2082.20,315.00,615.10,253.00,2,285.40
15660.00,5_2045,2044.50,402.00,596.93,329.00,2,368.30
15661.00,5_2225,2080.50,313.00,615.10,251.00,2,283.05
15662.00,5_2037,2032.90,418.00,617.75,343.00,2,381.88
15663.00,5_2068,2052.60,390.00,617.75,315.00,2,357.94
15664.00,5_2046,2047.20,403.00,596.93,326.00,2,366.28
15665.00,5_2089,2051.30,387.00,615.10,309.00,2,352.52
15666.00,5_2047,2049.90,402.00,596.93,323.00,2,368.53
15667.00,5_2090,2054.00,386.00,596.93,309.00,2,357.37
15669.00,5_2189,2078.30,334.00,596.93,267.00,3,306.72
15670.00,5_2100,2060.00,380.00,617.75,300.00,2,342.34
15671.00,5_2102,2061.40,379.00,617.75,297.00,2,345.25
15672.00,5_2248,2200.60,197.00,615.10,145.00,2,166.49
15673.00,5_2095,2058.50,386.00,596.93,310.00,3,351.84
15673.00,5_2112,2066.40,373.00,617.75,293.00,2,337.01
15674.00,5_2255,2202.50,195.00,615.10,144.00,1,165.23
15675.00,5_2135,2072.50,362.00,617.75,279.00,2,331.25
15676.00,5_2173,2076.10,348.00,615.10,264.00,3,317.40
15676.00,5_2228,2083.60,324.00,596.93,252.00,3,289.02
15677.00,5_2256,2205.20,195.00,615.10,140.00,1,163.14
15678.00,5_2265,2211.50,187.00,615.10,135.00,1,156.41
15679.00,5_2202,2082.40,336.00,617.75,254.00,3,305.14
15679.00,5_2240,2087.00,320.00,596.93,247.00,3,285.78
15680.00,5_2111,2063.70,383.00,596.93,302.00,5,352.97
15681.00,5_2303,2212.10,178.00,615.10,125.00,1,142.98
15682.00,5_2120,2065.00,381.00,596.93,298.00,3,351.44
15683.00,5_2212,2083.40,336.00,617.75,251.00,2,299.77
15684.00,5_2332,2222.40,162.00,615.10,108.00,1,124.44
15686.00,5_2336,2227.20,158.00,615.10,104.00,1,127.36
15687.00,5_2125,2066.50,383.00,596.93,296.00,3,348.09
15687.00,5_2226,2083.20,336.00,617.75,247.00,2,297.81
15687.00,5_2333,2225.10,162.00,615.10,102.00,1,131.36
15689.00,5_2131,2067.70,382.00,596.93,290.00,2,347.54
15689.00,5_2235,2084.50,334.00,617.75,246.00,2,298.45
15689.00,5_2351,2232.70,151.00,615.10,96.00,1,117.49
15690.00,5_2352,2235.40,149.00,615.10,96.00,1,122.14
15691.00,5_2275,2209.50,199.00,617.75,137.00,1,167.59
15692.00,5_2132,2070.40,382.00,586.83,289.00,2,346.98
15692.00,5_2357,2241.90,143.00,615.10,89.00,1,111.80
15694.00,5_2364,2245.80,139.00,615.10,83.00,1,106.81
15695.00,5_2164,2076.80,369.00,596.93,273.00,4,335.16
15695.00,5_2276,2212.20,200.00,617.75,136.00,1,164.56
15696.00,5_2144,2070.80,382.00,596.93,288.00,3,354.87
15696.00,5_2277,2214.90,198.00,617.75,135.00,1,166.46
15696.00,5_2365,2248.50,138.00,615.10,82.00,1,101.66
15698.00,5_2182,2077.40,366.00,596.93,267.00,4,335.08
15698.00,5_2305,2214.50,192.00,617.75,127.00,1,161.08
15698.00,5_2368,2250.60,137.00,615.10,81.00,1,110.04
15699.00,5_2385,2248.50,135.00,615.10,80.00,1,105.94
15700.00,5_2196,2079.20,362.00,596.93,260.00,2,332.84
15700.00,5_2317,2215.90,189.00,617.75,125.00,1,157.35
15700.00,5_2401,2256.70,123.00,615.10,69.00,1,94.12
15702.00,5_2340,2229.00,171.00,617.75,106.00,1,138.48
15702.00,5_2410,2266.00,113.00,615.10,57.00,1,81.09
15705.00,5_2347,2231.90,169.00,617.75,103.00,1,134.59
15707.00,5_2236,2085.20,351.00,596.93,244.00,3,311.82
15708.00,5_2241,2089.70,346.00,596.93,241.00,3,313.83
15708.00,5_2355,2237.50,164.00,617.75,97.00,1,130.33
15709.00,5_2398,2256.60,133.00,617.75,66.00,1,100.94
15710.00,5_2356,2239.20,164.00,596.93,109.00,1,129.67
15712.00,5_2242,2194.40,245.00,596.93,141.00,1,215.12
15714.00,5_2409,2265.30,126.00,617.75,57.00,1,90.32
15715.00,5_2419,2274.30,115.00,615.10,45.00,1,81.04
15716.00,5_2386,2251.20,149.00,596.93,93.00,2,117.54
15719.00,5_2403,2258.10,140.00,615.10,69.00,2,107.78
15720.00,5_2391,2255.70,147.00,596.93,85.00,2,111.92
15720.00,5_2429,2339.30,52.00,615.10,0.00,0,11.67
15721.00,5_2412,2267.40,130.00,615.10,58.00,2,95.29
15722.00,5_2245,2198.50,250.00,596.93,144.00,3,219.24
15723.00,5_2435,2340.50,52.00,617.75,0.00,0,12.34
15724.00,5_2438,2341.60,51.00,617.75,0.00,0,16.25
15724.00,5_2449,2346.30,43.00,615.10,0.00,0,10.41
15725.00,5_2257,2207.90,240.00,596.93,141.00,2,206.74
15728.00,5_2262,2209.40,240.00,596.93,141.00,2,206.19
15728.00,5_2450,2348.00,45.00,617.75,0.00,0,10.95
15729.00,5_2296,2211.20,229.00,596.93,141.00,2,198.83
15729.00,5_2454,2349.80,43.00,615.10,0.00,0,10.74
15731.00,5_2459,2351.30,42.00,617.75,0.00,0,12.94
15732.00,5_2474,2352.80,37.00,615.10,0.00,0,9.46
15736.00,5_2310,2215.00,228.00,596.93,140.00,2,189.63
15738.00,5_2322,2216.40,225.00,596.93,136.00,1,193.11
15739.00,5_2327,2217.90,223.00,596.93,135.00,1,191.12
15741.00,5_2331,2219.70,222.00,596.93,134.00,1,190.62
15744.00,5_2342,2230.40,211.00,596.93,123.00,1,177.20
15746.00,5_2476,2354.20,49.00,617.75,0.00,0,7.98
15746.00,5_2489,2357.30,42.00,615.10,0.00,0,9.46
15747.00,5_2360,2244.00,195.00,596.93,104.00,1,161.13
15747.00,5_2479,2357.30,46.00,617.75,0.00,0,15.30
15752.00,5_2406,2263.20,167.00,596.93,73.00,1,128.60
15753.00,5_195,2726.50,368.00,596.93,295.00,2,339.99
15755.00,5_397,2790.90,245.00,615.10,188.00,2,216.36
15757.00,5_239,2743.30,342.00,617.75,280.00,2,307.51
15757.00,5_351,2762.70,289.00,596.93,226.00,2,258.58
15757.00,5_415,2795.50,237.00,615.10,185.00,1,207.40
15759.00,5_166,2707.20,402.00,617.75,329.00,2,370.92
15760.00,5_368,2766.60,283.00,596.93,216.00,2,251.81
15761.00,5_214,2733.80,363.00,617.75,288.00,2,331.95
15762.00,5_422,2796.40,239.00,615.10,183.00,1,201.39
15764.00,5_198,2728.60,376.00,596.93,295.00,4,342.23
15764.00,5_227,2736.90,359.00,617.75,282.00,2,324.84
15764.00,5_427,2799.90,236.00,615.10,182.00,1,206.14
15769.00,5_1475,2060.50,666.00,615.10,599.00,3,637.13
15770.00,5_1400,2031.00,719.00,596.93,646.00,3,685.38
15771.00,5_1402,2036.40,714.00,596.93,637.00,3,685.67
15774.00,5_1074,1756.80,1095.00,617.75,963.00,8,1054.98
15775.00,5_1403,2039.10,715.00,596.93,635.00,3,680.00
15775.00,5_1479,2062.30,669.00,615.10,594.00,3,630.88
15776.00,5_1092,1756.40,1092.00,617.75,965.00,7,1060.94
15776.00,5_1497,2069.90,657.00,615.10,583.00,3,624.24
15777.00,5_1303,1988.10,798.00,617.75,673.00,5,763.63
15777.00,5_1413,2043.10,710.00,596.93,628.00,3,681.00
15778.00,5_1501,2074.70,653.00,615.10,576.00,3,621.29
15779.00,5_1098,1761.60,1088.00,617.75,953.00,6,1057.85
15780.00,5_1415,2045.50,710.00,596.93,627.00,3,676.02
15780.00,5_1504,2076.80,652.00,615.10,574.00,3,617.69
15781.00,5_1103,1761.10,1089.00,617.75,952.00,6,1056.74
15782.00,5_1443,2050.10,699.00,596.93,613.00,3,671.09
15782.00,5_1526,2080.20,644.00,615.10,566.00,3,606.78
15783.00,5_1133,1758.10,1085.00,617.75,946.00,6,1050.98
15783.00,5_1460,2048.00,697.00,596.93,611.00,4,667.01
15783.00,5_1530,2082.00,642.00,615.10,561.00,3,608.61
15787.00,5_1544,2087.80,636.00,615.10,556.00,3,595.94
15788.00,5_1342,2015.40,770.00,617.75,648.00,4,732.18
15788.00,5_1553,2089.10,633.00,615.10,552.00,3,603.39
15789.00,5_1344,2018.80,767.00,617.75,648.00,5,730.52
15790.00,5_1578,2098.60,618.00,615.10,544.00,4,586.67
15791.00,5_1357,2021.90,762.00,617.75,645.00,4,728.87
15791.00,5_1480,2065.00,682.00,596.93,587.00,3,641.49
15791.00,5_1490,2066.00,678.00,596.93,586.00,3,645.83
15791.00,5_1603,2104.10,606.00,615.10,532.00,4,573.62
15793.00,5_1379,2028.30,751.00,617.75,645.00,3,722.40
15793.00,5_1492,2068.40,677.00,596.93,584.00,3,647.14
15794.00,5_1498,2072.60,672.00,596.93,578.00,3,643.82
15795.00,5_1559,2091.30,636.00,617.75,555.00,4,604.70
15796.00,5_1511,2077.70,665.00,596.93,571.00,3,637.82
15797.00,5_1385,2027.50,754.00,617.75,647.00,3,724.36
15804.00,5_701,2759.70,234.00,596.93,167.00,2,203.73
15805.00,5_774,2788.80,184.00,615.10,139.00,1,151.25
15806.00,5_727,2771.90,216.00,596.93,152.00,1,185.59
15808.00,5_645,2756.50,258.00,617.75,186.00,2,220.00
15808.00,5_763,2783.10,196.00,596.93,152.00,1,165.59
15808.00,5_846,2812.20,142.00,615.10,93.00,1,106.93
15809.00,5_654,2757.80,255.00,617.75,181.00,2,221.92
15809.00,5_868,2817.60,131.00,615.10,83.00,1,101.10
15811.00,5_672,2759.40,250.00,617.75,174.00,2,213.78
15811.00,5_766,2785.20,196.00,596.93,149.00,1,167.35
15811.00,5_890,2821.00,123.00,615.10,75.00,1,92.68
15813.00,5_694,2760.80,244.00,617.75,168.00,2,213.35
15813.00,5_892,2823.40,122.00,615.10,74.00,1,94.36
15815.00,5_713,2771.10,230.00,617.75,154.00,2,195.43
15816.00,5_769,2787.30,198.00,596.93,146.00,1,164.17
15816.00,5_870,2820.00,135.00,615.10,81.00,1,91.51
15816.00,5_893,2826.10,122.00,615.10,73.00,1,91.36
15817.00,5_787,2792.90,188.00,596.93,138.00,1,155.54
15818.00,5_910,2829.00,116.00,615.10,67.00,1,82.60
15819.00,5_738,2774.60,223.00,617.75,149.00,1,193.33
15819.00,5_796,2797.20,183.00,596.93,133.00,1,154.82
15820.00,5_914,2830.80,115.00,615.10,64.00,1,79.67
15822.00,5_723,2771.10,234.00,617.75,151.00,1,192.66
15822.00,5_801,2798.70,183.00,596.93,130.00,1,150.35
15822.00,5_933,2835.10,107.00,615.10,56.00,1,72.14
15823.00,5_744,2776.80,223.00,617.75,149.00,1,195.63
15823.00,5_944,2835.80,104.00,615.10,54.00,1,73.09
15825.00,5_826,2799.20,178.00,596.93,124.00,1,146.04
15825.00,5_984,2841.80,88.00,615.10,38.00,1,59.70
15826.00,5_750,2783.00,218.00,617.75,148.00,1,184.73
15827.00,5_838,2803.60,172.00,596.93,118.00,1,140.09
15827.00,5_988,2847.60,83.00,615.10,33.00,1,47.90
15829.00,5_753,2784.10,219.00,617.75,148.00,1,182.74
15829.00,5_1014,2852.80,72.00,615.10,21.00,1,37.76
15830.00,5_1040,2850.00,68.00,615.10,18.00,1,38.76
15831.00,5_776,2791.20,207.00,617.75,148.00,2,176.96
15832.00,5_844,2809.80,169.00,596.93,113.00,1,140.21
15832.00,5_1046,2852.20,66.00,615.10,16.00,1,40.01
15833.00,5_1051,2856.70,61.00,615.10,10.00,1,30.51
15834.00,5_840,2806.00,176.00,596.93,116.00,1,137.19
15835.00,5_783,2792.10,208.00,617.75,148.00,1,171.88
15835.00,5_1063,2859.10,57.00,615.10,7.00,1,26.91
15836.00,5_855,2812.50,167.00,596.93,109.00,1,136.50
15838.00,5_856,2815.20,166.00,596.93,107.00,1,133.51
15838.00,5_1065,2861.50,57.00,615.10,5.00,1,21.92
15839.00,5_792,2796.40,205.00,617.75,142.00,1,171.05
15839.00,5_1067,2863.90,55.00,615.10,5.00,1,27.56
15842.00,5_788,2795.60,210.00,617.75,144.00,1,164.61
15842.00,5_802,2801.40,200.00,617.75,139.00,1,167.69
15842.00,5_865,2815.50,167.00,596.93,105.00,1,132.49
15844.00,5_903,2828.10,145.00,596.93,83.00,1,113.85
15844.00,5_1084,2865.80,53.00,615.10,0.00,0,17.88
15845.00,5_916,2833.20,137.00,596.93,76.00,1,106.70
15845.00,5_1086,2868.20,51.00,615.10,0.00,0,18.59
15846.00,5_820,2799.00,201.00,617.75,138.00,1,161.01
15846.00,5_828,2801.60,196.00,617.75,134.00,1,164.04
15847.00,5_952,2836.40,125.00,596.93,63.00,1,96.14
15849.00,5_1087,2870.90,52.00,615.10,0.00,0,13.44
15850.00,5_956,2838.20,125.00,596.93,62.00,1,94.03
15851.00,5_833,2802.10,199.00,617.75,133.00,1,159.05
15852.00,5_843,2808.10,191.00,617.75,126.00,1,153.12
15852.00,5_973,2837.10,123.00,596.93,59.00,1,94.48
15854.00,5_871,2822.70,170.00,617.75,104.00,1,133.81
15856.00,5_882,2821.40,170.00,617.75,102.00,1,133.86
15856.00,5_1112,2873.40,49.00,615.10,0.00,0,11.05
15857.00,5_1106,2869.20,56.00,617.75,0.00,0,23.69
15857.00,5_1108,2871.60,53.00,615.10,0.00,0,20.29
15858.00,5_986,2845.20,117.00,596.93,48.00,1,81.05
15859.00,5_998,2847.60,112.00,596.93,43.00,1,78.80
15859.00,5_1080,2866.00,69.00,617.75,2.00,1,40.41
15859.00,5_1117,2875.90,48.00,615.10,0.00,0,14.50
15860.00,5_898,2827.60,163.00,617.75,96.00,2,135.28
15861.00,5_1048,2854.60,92.00,596.93,24.00,1,60.17
15863.00,5_1061,2856.70,88.00,596.93,21.00,1,57.58
15866.00,5_919,2835.30,155.00,617.75,84.00,1,116.58
15867.00,5_1078,2863.60,80.00,596.93,9.00,1,46.64
15868.00,5_923,2836.10,155.00,617.75,81.00,1,124.35
15868.00,5_1121,2877.70,54.00,596.93,0.00,0,29.79
15868.00,5_1132,2884.40,44.00,605.00,0.00,0,11.15
15873.00,5_1099,2870.30,73.00,617.75,0.00,0,30.87
15873.00,5_1124,2880.80,55.00,596.93,0.00,0,20.21
15873.00,5_1143,2890.10,40.00,615.10,0.00,0,8.13
15874.00,5_1010,2853.00,118.00,617.75,48.00,1,82.93
15874.00,5_1129,2882.30,53.00,596.93,0.00,0,21.59
15876.00,5_1140,2885.00,49.00,596.93,0.00,0,19.66
15877.00,5_985,2844.50,137.00,617.75,60.00,1,99.80
15878.00,5_981,2840.70,143.00,617.75,67.00,1,114.02
15878.00,5_1142,2887.40,48.00,596.93,0.00,0,19.25
15878.00,5_1145,2892.50,42.00,615.10,0.00,0,7.06
15879.00,5_1147,2894.90,40.00,615.10,0.00,0,9.99
15880.00,5_1116,2875.20,70.00,617.75,0.00,0,38.09
15881.00,5_1148,2897.60,39.00,615.10,0.00,0,8.66
15883.00,5_1031,2851.70,122.00,617.75,44.00,1,87.87
15885.00,5_939,2836.30,167.00,617.75,85.00,2,134.28
15886.00,5_971,2836.70,158.00,617.75,76.00,2,131.90
15889.00,5_1162,2902.40,38.00,615.10,0.00,0,8.17
15891.00,5_979,2838.30,159.00,617.75,71.00,1,122.87
15891.00,5_1152,2899.40,46.00,615.10,0.00,0,5.24
15892.00,5_1158,2900.60,44.00,596.93,0.00,0,10.69
15892.00,5_1163,2905.10,38.00,615.10,0.00,0,6.75
15893.00,5_980,2839.00,160.00,617.75,69.00,1,127.75
15894.00,5_1001,2849.70,144.00,617.75,52.00,1,111.70
15898.00,5_1003,2850.10,147.00,617.75,50.00,1,111.30
15900.00,5_1007,2850.90,147.00,617.75,49.00,1,116.35
15902.00,5_1008,2852.60,147.00,617.75,49.00,1,113.25
15906.00,5_1030,2851.00,146.00,617.75,48.00,1,109.34
15906.00,5_1184,2908.80,42.00,596.93,0.00,0,9.23
15908.00,5_1186,2911.20,41.00,596.93,0.00,0,11.84
15909.00,5_1045,2851.50,144.00,617.75,43.00,1,105.74
15910.00,5_1122,2880.40,93.00,617.75,0.00,0,59.02
15910.00,5_1191,2912.70,40.00,596.93,0.00,0,11.60
15912.00,5_1167,2906.90,55.00,617.75,0.00,0,23.55
15914.00,5_1170,2909.00,54.00,617.75,0.00,0,19.07
15919.00,5_2494,2361.80,209.00,615.10,162.00,1,175.58
15919.00,5_2499,2364.30,205.00,615.10,156.00,1,172.59
15920.00,5_2418,2271.60,323.00,596.93,227.00,2,286.05
15921.00,5_2389,2253.30,351.00,596.93,256.00,5,322.73
15921.00,5_2517,2367.90,198.00,615.10,152.00,1,168.49
15923.00,5_2510,2367.00,203.00,615.10,151.00,1,165.16
15923.00,5_2526,2368.20,197.00,617.75,150.00,1,165.91
15924.00,5_2535,2377.50,186.00,615.10,136.00,1,155.28
15926.00,5_2615,2391.50,150.00,615.10,100.00,1,116.44
15927.00,5_2531,2369.70,198.00,617.75,148.00,1,162.10
15928.00,5_2405,2260.50,346.00,596.93,241.00,4,303.26
15928.00,5_2415,2269.50,334.00,596.93,227.00,2,298.95
15928.00,5_2619,2393.30,149.00,615.10,98.00,1,111.97
15929.00,5_2534,2374.80,194.00,617.75,145.00,1,163.82
15930.00,5_2428,2272.60,329.00,596.93,222.00,2,293.98
15930.00,5_2626,2399.20,143.00,615.10,92.00,1,112.84
15931.00,5_2639,2405.30,134.00,615.10,83.00,1,106.23
15932.00,5_2548,2379.60,188.00,617.75,136.00,1,152.14
15934.00,5_2440,2343.00,259.00,596.93,160.00,1,222.47
15934.00,5_2553,2381.10,187.00,617.75,134.00,1,155.09
15934.00,5_2651,2406.70,132.00,615.10,80.00,1,93.34
15935.00,5_2554,2383.80,185.00,617.75,132.00,1,155.76
15935.00,5_2661,2409.70,127.00,615.10,77.00,1,92.53
15936.00,5_2443,2345.10,258.00,596.93,159.00,1,227.00
15937.00,5_2462,2353.40,245.00,596.93,157.00,1,213.59
15937.00,5_2672,2409.40,126.00,615.10,76.00,1,93.80
15939.00,5_2562,2387.40,183.00,617.75,129.00,1,149.79
15940.00,5_2490,2360.00,233.00,596.93,157.00,1,198.12
15940.00,5_2570,2391.00,178.00,617.75,123.00,1,148.12
15942.00,5_2685,2416.50,120.00,615.10,64.00,1,76.59
15942.00,5_2698,2428.60,104.00,615.10,51.00,1,69.35
15944.00,5_2703,2435.10,98.00,615.10,45.00,1,63.40
15945.00,5_208,2732.60,550.00,596.93,465.00,3,521.12
15948.00,5_218,2733.60,549.00,596.93,460.00,3,518.10
15948.00,5_414,2792.80,431.00,615.10,361.00,3,397.84
15948.00,5_434,2805.80,412.00,615.10,359.00,2,382.29
15949.00,5_230,2737.00,543.00,596.93,454.00,3,515.35
15949.00,5_235,2741.50,537.00,617.75,454.00,3,500.57
15950.00,5_274,2743.80,524.00,617.75,443.00,3,492.75
15952.00,5_439,2807.30,413.00,615.10,355.00,2,377.99
15954.00,5_470,2826.00,387.00,615.10,329.00,2,358.83
15955.00,5_236,2742.20,542.00,617.75,451.00,4,503.47
15956.00,5_246,2743.20,539.00,596.93,445.00,4,502.84
15956.00,5_290,2743.00,526.00,617.75,436.00,3,493.63
15957.00,5_504,2828.80,377.00,615.10,319.00,2,348.79
15958.00,5_232,2739.40,549.00,596.93,455.00,4,517.17
15958.00,5_347,2762.90,491.00,617.75,397.00,3,458.90
15958.00,5_440,2810.00,416.00,615.10,352.00,2,372.10
15959.00,5_267,2738.90,540.00,596.93,440.00,4,512.60
15960.00,5_363,2765.10,486.00,617.75,393.00,3,452.55
15961.00,5_302,2752.40,518.00,596.93,414.00,3,487.28
15962.00,5_364,2765.80,487.00,617.75,391.00,3,456.67
15962.00,5_531,2841.70,361.00,615.10,297.00,2,321.67
15963.00,5_536,2847.20,355.00,615.10,293.00,2,322.59
15964.00,5_382,2771.40,478.00,617.75,383.00,3,446.88
15965.00,5_540,2852.00,351.00,615.10,286.00,2,320.70
15966.00,5_552,2857.40,343.00,615.10,281.00,2,311.93
15967.00,5_314,2760.80,512.00,596.93,403.00,4,474.81
15968.00,5_313,2758.10,516.00,596.93,409.00,4,482.04
15968.00,5_556,2859.20,342.00,615.10,277.00,2,308.53
15971.00,5_375,2770.50,488.00,596.93,378.00,3,453.90
15971.00,5_404,2792.80,457.00,617.75,362.00,2,417.01
15973.00,5_385,2774.50,483.00,617.75,380.00,4,449.86
15973.00,5_604,2991.80,200.00,615.10,154.00,1,171.03
15974.00,5_387,2774.90,483.00,617.75,378.00,3,450.11
15974.00,5_393,2777.10,479.00,596.93,369.00,3,443.71
15976.00,5_330,2762.00,515.00,596.93,408.00,7,485.21
15976.00,5_399,2793.30,463.00,617.75,360.00,2,430.63
15977.00,5_617,2995.90,196.00,615.10,146.00,1,163.68
15978.00,5_505,2831.50,395.00,596.93,332.00,2,362.79
15978.00,5_634,2997.80,190.00,615.10,143.00,1,163.47
15980.00,5_432,2805.40,445.00,617.75,359.00,2,408.95
15980.00,5_646,2998.20,188.00,615.10,139.00,1,159.98
15982.00,5_354,2764.80,511.00,596.93,393.00,4,476.81
15983.00,5_515,2836.50,392.00,586.83,326.00,2,359.93
15985.00,5_450,2816.00,434.00,617.75,357.00,2,392.01
15985.00,5_461,2817.70,429.00,617.75,354.00,2,395.59
15986.00,5_562,2860.40,357.00,596.93,285.00,2,322.40
15987.00,5_485,2827.50,414.00,617.75,338.00,2,378.20
15987.00,5_648,3003.60,189.00,615.10,136.00,1,148.54
15988.00,5_369,2769.30,508.00,596.93,386.00,6,477.60
15989.00,5_486,2829.20,414.00,617.75,337.00,2,385.32
15989.00,5_659,3009.30,182.00,615.10,127.00,1,146.76
15990.00,5_664,3010.80,180.00,615.10,126.00,1,153.65
15991.00,5_384,2771.80,504.00,596.93,381.00,4,470.43
15993.00,5_487,2830.90,416.00,617.75,334.00,2,377.48
15994.00,5_423,2799.10,468.00,596.93,358.00,2,434.30
15995.00,5_492,2830.40,417.00,617.75,332.00,2,385.33
15996.00,5_607,2993.90,220.00,617.75,163.00,1,189.06
15997.00,5_428,2802.60,466.00,596.93,358.00,2,431.89
15999.00,5_443,2812.10,454.00,596.93,357.00,2,425.72
16000.00,5_612,2996.40,220.00,617.75,160.00,1,183.94
16002.00,5_638,2999.60,211.00,617.75,153.00,1,179.25
16005.00,5_1521,2077.70,871.00,596.93,770.00,4,840.03
16007.00,5_1543,2085.10,859.00,617.75,760.00,5,824.64
16009.00,5_1531,2084.70,865.00,596.93,765.00,4,830.31
16009.00,5_1647,2275.90,639.00,617.75,556.00,6,605.24
16011.00,5_1557,2090.90,853.00,617.75,758.00,4,820.76
16013.00,5_1564,2092.80,851.00,596.93,748.00,4,814.75
16013.00,5_1658,2284.60,631.00,615.10,540.00,6,598.37
16015.00,5_1573,2094.10,849.00,596.93,742.00,4,820.14
16015.00,5_1654,2278.80,640.00,615.10,563.00,3,608.62
16015.00,5_1656,2281.20,637.00,617.75,550.00,6,601.67
16016.00,5_1575,2096.50,847.00,596.93,740.00,4,816.64
16017.00,5_1684,2466.80,445.00,615.10,364.00,3,412.03
16018.00,5_1590,2099.00,842.00,617.75,747.00,10,806.08
16018.00,5_1601,2100.70,837.00,596.93,727.00,5,810.17
16019.00,5_1638,2275.60,652.00,615.10,557.00,4,618.71
16020.00,5_1609,2106.30,831.00,617.75,733.00,6,800.24
16022.00,5_1419,2049.30,947.00,617.75,840.00,9,915.71
16022.00,5_1614,2110.80,827.00,596.93,722.00,4,793.56
16022.00,5_1694,2470.80,443.00,615.10,370.00,3,408.05
16024.00,5_1621,2260.70,677.00,596.93,576.00,3,650.56
16024.00,5_1696,2484.20,431.00,615.10,365.00,3,402.83
16025.00,5_1629,2266.30,670.00,596.93,577.00,4,641.01
16026.00,5_1426,2049.20,949.00,617.75,836.00,7,911.42
16026.00,5_1703,2495.10,420.00,615.10,360.00,2,389.30
16027.00,5_1591,2100.70,849.00,617.75,748.00,7,815.67
16027.00,5_1632,2268.40,669.00,596.93,575.00,4,640.63
16029.00,5_1710,2499.00,417.00,615.10,355.00,2,383.30
16030.00,5_1625,2263.50,679.00,617.75,595.00,4,645.10
16032.00,5_1719,2500.30,416.00,615.10,352.00,2,381.30
16033.00,5_1734,2501.80,411.00,615.10,347.00,2,380.83
16034.00,5_1698,2488.60,436.00,617.75,366.00,2,398.18
16035.00,5_1602,2103.40,851.00,617.75,754.00,8,820.95
16035.00,5_1634,2270.80,674.00,596.93,572.00,3,634.31
16035.00,5_1741,2506.70,406.00,615.10,339.00,2,375.80
16036.00,5_1648,2276.60,665.00,596.93,561.00,4,629.53
16036.00,5_1754,2509.80,400.00,615.10,334.00,2,371.71
16037.00,5_1622,2263.40,687.00,617.75,591.00,7,654.89
16038.00,5_1657,2281.90,659.00,596.93,555.00,4,631.02
16039.00,5_1653,2278.10,665.00,617.75,571.00,7,632.15
16039.00,5_1763,2514.10,396.00,615.10,328.00,2,361.25
16040.00,5_1663,2284.10,657.00,596.93,541.00,5,625.09
16041.00,5_1435,2051.50,959.00,617.75,845.00,10,927.99
16041.00,5_1666,2286.20,655.00,596.93,544.00,4,624.62
16043.00,5_1467,2054.90,948.00,617.75,829.00,9,916.47
16043.00,5_1695,2481.50,453.00,596.93,353.00,2,426.07
16044.00,5_1699,2490.30,444.00,596.93,355.00,3,417.27
16047.00,5_1474,2059.80,945.00,617.75,824.00,10,911.75
16047.00,5_1814,2668.80,234.00,615.10,183.00,1,206.97
16051.00,5_1583,2100.10,876.00,617.75,749.00,10,838.48
16051.00,5_1701,2492.70,448.00,596.93,353.00,2,412.23
16051.00,5_1786,2518.20,397.00,615.10,312.00,2,364.71
16053.00,5_1610,2109.00,861.00,617.75,734.00,10,829.53
16053.00,5_1797,2660.90,253.00,615.10,182.00,1,220.18
16054.00,5_1481,2067.70,942.00,617.75,808.00,13,908.69
16054.00,5_1725,2501.50,435.00,596.93,339.00,2,397.84
16055.00,5_1736,2505.20,429.00,586.83,334.00,2,397.73
16055.00,5_1796,2656.20,260.00,615.10,181.00,1,225.70
16057.00,5_1749,2507.30,425.00,596.93,331.00,3,394.09
16057.00,5_1772,2514.40,411.00,617.75,337.00,2,376.05
16057.00,5_1780,2517.00,406.00,615.10,319.00,3,375.81
16058.00,5_1832,2676.40,232.00,615.10,181.00,1,200.41
16059.00,5_1756,2513.20,419.00,596.93,324.00,2,388.84
16059.00,5_1777,2516.90,409.00,617.75,335.00,2,374.70
16060.00,5_1774,2514.80,413.00,615.10,320.00,2,381.47
16062.00,5_1524,2079.80,925.00,617.75,786.00,15,891.15
16063.00,5_1795,2636.50,288.00,596.93,189.00,3,255.94
16065.00,5_1536,2086.20,918.00,617.75,767.00,12,882.07
16065.00,5_1800,2663.00,262.00,596.93,173.00,2,235.13
16066.00,5_1545,2090.50,912.00,617.75,759.00,12,882.92
16067.00,5_1790,2520.00,410.00,596.93,314.00,3,380.64
16068.00,5_1567,2094.90,903.00,617.75,741.00,10,874.36
16069.00,5_1804,2664.80,263.00,596.93,171.00,1,237.10
16069.00,5_1886,2691.20,212.00,615.10,161.00,1,182.68
16070.00,5_1882,2686.40,219.00,615.10,164.00,1,183.00
16073.00,5_1808,2667.60,263.00,596.93,171.00,1,230.98
16073.00,5_1880,2686.00,223.00,617.75,166.00,1,187.56
16075.00,5_1822,2670.40,258.00,596.93,171.00,1,226.60
16075.00,5_1892,2696.40,211.00,615.10,156.00,1,182.24
16076.00,5_1692,2469.40,499.00,617.75,395.00,5,460.77
16077.00,5_1605,2106.50,889.00,617.75,733.00,11,858.13
16077.00,5_1823,2673.10,257.00,596.93,171.00,1,225.92
16079.00,5_1830,2674.00,256.00,596.93,170.00,1,228.47
16080.00,5_1890,2696.00,217.00,617.75,158.00,1,179.42
16081.00,5_1904,2695.80,214.00,615.10,154.00,1,177.87
16082.00,5_1855,2674.50,251.00,617.75,177.00,1,221.91
16083.00,5_1873,2682.10,239.00,607.65,168.00,1,208.79
16084.00,5_1858,2674.60,252.00,596.93,170.00,1,218.06
16088.00,5_1195,2922.50,207.00,615.10,163.00,1,177.19
16089.00,5_1194,2919.80,211.00,615.10,166.00,1,179.32
16089.00,5_1196,2925.20,205.00,596.93,160.00,1,175.13
16090.00,5_1209,2928.30,199.00,615.10,155.00,1,170.43
16091.00,5_1192,2915.40,218.00,617.75,169.00,1,187.14
16093.00,5_1205,2926.50,205.00,615.10,156.00,2,170.39
16093.00,5_1210,2931.00,199.00,615.10,153.00,1,167.41
16094.00,5_1171,2910.70,232.00,617.75,171.00,1,190.44
16095.00,5_1212,2933.40,198.00,615.10,149.00,1,169.38
16095.00,5_1221,2945.70,183.00,615.10,133.00,2,150.68
16096.00,5_1213,2936.10,196.00,615.10,143.00,1,162.07
16097.00,5_1193,2917.10,222.00,617.75,169.00,1,184.49
16099.00,5_1219,2943.30,190.00,615.10,133.00,1,153.43
16100.00,5_1234,2953.80,176.00,596.93,125.00,1,138.13
16101.00,5_1245,2953.50,174.00,615.10,121.00,1,139.30
16101.00,5_1257,2957.90,166.00,596.93,117.00,1,133.21
16102.00,5_1273,2969.10,151.00,615.10,98.00,1,118.57
16103.00,5_1214,2938.80,200.00,617.75,143.00,1,160.61
16104.00,5_1216,2941.20,198.00,617.75,143.00,1,166.65
16104.00,5_1286,2973.20,145.00,615.10,95.00,1,113.99
16105.00,5_1275,2971.50,151.00,605.00,97.00,2,122.66
16106.00,5_1258,2960.60,168.00,596.93,113.00,1,129.48
16107.00,5_1223,2948.10,192.00,617.75,136.00,1,154.57
16107.00,5_1302,2982.40,134.00,615.10,82.00,1,98.43
16108.00,5_1224,2950.80,190.00,617.75,135.00,1,159.12
16108.00,5_1266,2965.20,163.00,596.93,109.00,1,131.56
16109.00,5_1267,2967.90,161.00,596.93,108.00,1,129.58
16109.00,5_1308,2983.60,133.00,615.10,82.00,1,101.40
16110.00,5_1229,2952.30,189.00,617.75,135.00,1,159.50
16110.00,5_1312,2985.40,131.00,615.10,80.00,1,102.61
16111.00,5_1251,2954.70,181.00,617.75,128.00,1,150.30
16112.00,5_1314,2987.80,130.00,615.10,76.00,1,98.06
16113.00,5_1333,2989.10,124.00,615.10,71.00,1,94.42
16114.00,5_1288,2975.60,152.00,596.93,95.00,1,113.88
16115.00,5_1291,2977.70,150.00,596.93,93.00,1,120.16
16115.00,5_1365,2993.50,112.00,615.10,60.00,1,78.85
16116.00,5_1252,2956.40,184.00,617.75,126.00,1,148.82
16117.00,5_1298,2978.60,149.00,596.93,92.00,1,115.38
16117.00,5_1370,2998.00,108.00,615.10,58.00,1,76.25
16118.00,5_1406,2998.20,98.00,615.10,47.00,1,64.10
16119.00,5_1261,2962.70,178.00,617.75,120.00,1,142.09
16120.00,5_1265,2963.50,177.00,617.75,117.00,1,146.53
16120.00,5_1328,2988.60,133.00,596.93,74.00,1,99.04
16120.00,5_1423,3000.10,93.00,615.10,42.00,1,62.55
16121.00,5_1430,3004.00,88.00,615.10,38.00,1,55.83
16122.00,5_1279,2973.30,165.00,617.75,103.00,2,132.79
16122.00,5_1355,2991.50,124.00,615.10,61.00,2,91.05
16123.00,5_1434,3008.80,84.00,615.10,33.00,1,50.79
16124.00,5_1367,2995.90,118.00,615.10,58.00,1,82.74
16125.00,5_1299,2981.30,154.00,617.75,94.00,1,120.42
16125.00,5_1452,3009.40,80.00,615.10,28.00,1,48.65
16126.00,5_1381,2997.70,114.00,615.10,53.00,1,83.91
16127.00,5_1324,2987.80,142.00,617.75,80.00,1,110.62
16127.00,5_1399,2997.30,110.00,596.93,52.00,1,78.97
16131.00,5_2503,2366.10,414.00,596.93,343.00,2,384.37
16134.00,5_2532,2372.40,402.00,596.93,342.00,2,372.30
16134.00,5_2580,2393.00,367.00,617.75,306.00,2,334.48
16134.00,5_2739,2442.30,270.00,615.10,216.00,2,240.21
16135.00,5_2717,2436.90,283.00,615.10,225.00,2,247.58
16136.00,5_2585,2393.50,367.00,617.75,306.00,2,332.84
16138.00,5_2547,2376.90,397.00,596.93,334.00,2,363.90
16138.00,5_2752,2445.40,267.00,615.10,209.00,2,232.22
16140.00,5_2612,2390.40,366.00,617.75,302.00,2,331.24
16141.00,5_2559,2385.30,388.00,596.93,323.00,2,354.53
16141.00,5_2621,2395.70,359.00,617.75,294.00,2,325.67
16141.00,5_2774,2446.80,262.00,615.10,202.00,2,225.34
16142.00,5_2567,2388.90,383.00,596.93,318.00,2,353.36
16142.00,5_2778,2451.60,257.00,615.10,197.00,2,228.16
16144.00,5_2572,2392.40,380.00,596.93,314.00,2,351.37
16144.00,5_2779,2454.30,256.00,615.10,196.00,2,226.71
16145.00,5_2632,2400.40,355.00,617.75,288.00,2,318.95
16146.00,5_2635,2401.50,354.00,617.75,287.00,2,324.49
16146.00,5_2782,2459.40,252.00,615.10,190.00,2,217.71
16147.00,5_2789,2463.30,247.00,615.10,184.00,2,219.59
16149.00,5_2605,2389.50,378.00,596.93,308.00,2,343.59
16149.00,5_2636,2403.20,355.00,617.75,284.00,2,323.94
16150.00,5_2624,2396.80,366.00,596.93,296.00,2,336.85
16150.00,5_2647,2405.90,350.00,617.75,280.00,2,319.77
16150.00,5_2797,2466.90,244.00,615.10,180.00,1,207.16
16151.00,5_2813,2475.10,232.00,615.10,179.00,1,203.48
16152.00,5_2658,2407.60,347.00,596.93,275.00,2,318.08
16153.00,5_2850,2483.00,215.00,615.10,165.00,1,181.02
16154.00,5_2673,2412.10,340.00,596.93,269.00,2,311.37
16154.00,5_2878,2481.60,209.00,615.10,158.00,1,178.05
16155.00,5_2676,2414.20,338.00,596.93,267.00,2,310.87
16155.00,5_2684,2414.80,335.00,617.75,261.00,2,299.20
16156.00,5_2895,2491.50,196.00,615.10,144.00,1,165.06
16157.00,5_2689,2424.30,326.00,617.75,253.00,2,297.07
16158.00,5_2898,2495.60,193.00,615.10,142.00,1,155.95
16160.00,5_2697,2426.90,324.00,617.75,249.00,2,287.53
16160.00,5_2914,2499.80,186.00,615.10,135.00,1,154.98
16161.00,5_2925,2499.50,184.00,615.10,133.00,1,151.67
16162.00,5_2686,2419.20,337.00,596.93,260.00,2,300.09
16162.00,5_2700,2431.00,321.00,617.75,246.00,2,291.40
16163.00,5_2932,2500.40,183.00,615.10,132.00,1,151.27
16164.00,5_2687,2421.90,336.00,596.93,257.00,2,306.35
16164.00,5_2727,2439.90,306.00,617.75,230.00,2,272.25
16164.00,5_2938,2502.60,180.00,615.10,130.00,1,148.13
16165.00,5_2732,2443.40,302.00,617.75,226.00,2,269.00
16165.00,5_2942,2508.40,174.00,615.10,125.00,1,145.25
16167.00,5_2695,2424.50,334.00,596.93,254.00,2,297.76
16167.00,5_2745,2443.50,300.00,617.75,224.00,2,267.15
16169.00,5_2749,2444.30,300.00,617.75,221.00,2,269.84
16169.00,5_2941,2505.70,181.00,615.10,127.00,1,140.63
16170.00,5_2955,2507.50,176.00,615.10,126.00,1,141.24
16171.00,5_2701,2432.70,328.00,596.93,244.00,2,288.14
16171.00,5_2772,2445.40,294.00,617.75,213.00,2,265.28
16172.00,5_2956,2510.20,175.00,615.10,124.00,1,141.89
16173.00,5_2713,2435.10,324.00,596.93,241.00,2,290.22
16173.00,5_2794,2465.80,269.00,617.75,187.00,2,237.90
16173.00,5_2984,2511.80,166.00,615.10,116.00,1,132.19
16175.00,5_2996,2514.20,162.00,615.10,111.00,1,132.23
16177.00,5_2724,2437.80,322.00,596.93,236.00,2,284.12
16178.00,5_445,2814.50,630.00,596.93,532.00,3,600.72
16184.00,5_513,2836.10,594.00,617.75,501.00,4,560.57
16185.00,5_569,2864.30,550.00,596.93,470.00,3,519.65
16186.00,5_535,2846.50,579.00,617.75,484.00,3,546.83
16186.00,5_568,2861.60,554.00,596.93,470.00,4,515.06
16187.00,5_506,2834.20,601.00,617.75,505.00,5,555.75
16188.00,5_546,2856.20,568.00,617.75,471.00,4,539.29
16188.00,5_673,3159.10,227.00,615.10,171.00,1,198.24
16189.00,5_623,2998.10,404.00,596.93,339.00,2,370.43
16190.00,5_551,2855.70,569.00,617.75,470.00,3,535.17
16192.00,5_457,2815.90,639.00,596.93,531.00,4,605.01
16196.00,5_1864,2675.80,361.00,596.93,278.00,2,330.82
16196.00,5_1923,2699.10,320.00,615.10,255.00,2,291.39
16197.00,5_1876,2682.20,352.00,617.75,280.00,2,320.31
16198.00,5_1915,2695.50,328.00,617.75,263.00,2,299.76
16201.00,5_1943,2853.10,165.00,615.10,103.00,1,127.57
16202.00,5_1921,2696.70,329.00,617.75,262.00,2,297.99
16203.00,5_1869,2677.30,365.00,596.93,275.00,2,324.62
16203.00,5_1941,2850.70,170.00,615.10,102.00,1,138.96
16204.00,5_1871,2679.70,363.00,596.93,275.00,2,327.54
16205.00,5_1879,2683.30,358.00,596.93,277.00,2,325.69
16205.00,5_1970,2854.00,160.00,615.10,101.00,1,122.65
16206.00,5_1635,2273.50,842.00,617.75,679.00,10,805.75
16206.00,5_1987,2855.90,154.00,615.10,100.00,1,121.95
16208.00,5_1636,2274.20,843.00,617.75,678.00,12,812.63
16208.00,5_1884,2688.80,354.00,596.93,273.00,2,319.25
16208.00,5_1974,2855.80,160.00,615.10,98.00,1,132.42
16209.00,5_2014,2854.80,150.00,615.10,98.00,1,119.93
16210.00,5_1927,2700.90,331.00,596.93,246.00,3,299.22
16211.00,5_1935,2846.50,184.00,596.93,104.00,1,153.22
16211.00,5_2019,2856.30,149.00,615.10,98.00,1,115.22
16212.00,5_1686,2468.20,638.00,617.75,486.00,7,599.79
16213.00,5_1929,2836.30,198.00,596.93,118.00,3,167.51
16213.00,5_2024,2857.80,148.00,615.10,98.00,1,120.27
16214.00,5_1938,2850.60,182.00,617.75,113.00,2,147.87
16214.00,5_2049,2859.30,140.00,615.10,90.00,1,107.31
16215.00,5_1697,2487.90,618.00,617.75,485.00,5,586.05
16216.00,5_2051,2862.70,138.00,615.10,88.00,1,104.75
16216.00,5_2056,2869.20,130.00,615.10,83.00,1,98.08
16217.00,5_1705,2497.50,608.00,617.75,483.00,5,576.80
16218.00,5_2072,2876.40,120.00,615.10,73.00,1,91.38
16219.00,5_1887,2693.90,359.00,596.93,273.00,3,321.79
16219.00,5_2078,2877.60,118.00,615.10,69.00,1,86.36
16220.00,5_1945,2855.50,181.00,596.93,103.00,1,150.69
16221.00,5_2081,2879.70,117.00,615.10,68.00,1,86.37
16222.00,5_2005,2854.50,166.00,596.93,103.00,1,135.06
16222.00,5_2092,2885.40,109.00,615.10,60.00,1,79.17
16223.00,5_1706,2498.20,613.00,617.75,483.00,5,574.38
16225.00,5_1718,2499.60,610.00,617.75,479.00,6,574.99
16225.00,5_2107,2891.90,101.00,615.10,50.00,1,67.99
16226.00,5_1735,2504.50,601.00,617.75,471.00,5,567.75
16226.00,5_2028,2859.60,158.00,596.93,99.00,1,122.20
16228.00,5_1745,2507.50,597.00,617.75,465.00,5,564.17
16233.00,5_1334,2991.80,241.00,617.75,176.00,2,208.32
16233.00,5_1432,3006.40,197.00,596.93,133.00,2,166.23
16234.00,5_1338,2992.60,240.00,617.75,173.00,2,213.50
16234.00,5_1505,3016.50,166.00,615.10,106.00,2,130.34
16235.00,5_1428,3001.60,205.00,615.10,137.00,2,166.65
16236.00,5_1515,3022.50,159.00,615.10,99.00,1,122.51
16237.00,5_1346,2992.20,241.00,617.75,173.00,2,210.77
16237.00,5_1436,3011.20,195.00,596.93,127.00,2,162.07
16237.00,5_1516,3025.20,157.00,615.10,99.00,1,121.92
16239.00,5_1462,3009.40,191.00,615.10,123.00,2,159.63
16239.00,5_1522,3029.40,153.00,615.10,97.00,1,123.44
16240.00,5_1468,3010.60,189.00,596.93,118.00,2,158.73
16240.00,5_1519,3027.30,157.00,615.10,93.00,1,127.35
16241.00,5_1360,2993.00,240.00,617.75,169.00,2,205.47
16242.00,5_1532,3032.40,150.00,615.10,92.00,1,121.68
16243.00,5_1387,2998.90,228.00,617.75,156.00,2,194.42
16244.00,5_1593,3048.10,118.00,615.10,68.00,1,87.94
16245.00,5_1412,2999.40,222.00,617.75,148.00,2,190.69
16245.00,5_1594,3050.80,116.00,615.10,61.00,1,87.95
16247.00,5_1477,3010.90,193.00,596.93,118.00,2,154.51
16247.00,5_1600,3057.00,110.00,615.10,56.00,2,85.27
16248.00,5_1420,2999.00,223.00,617.75,148.00,2,189.09
16248.00,5_1615,3061.50,102.00,615.10,54.00,1,71.78
16249.00,5_1485,3011.50,192.00,596.93,116.00,2,161.86
16250.00,5_1486,3014.20,190.00,596.93,113.00,2,155.06
16250.00,5_1491,3015.70,187.00,617.75,112.00,2,154.40
16250.00,5_1641,3065.70,92.00,615.10,42.00,1,58.67
16252.00,5_1493,3017.10,187.00,596.93,111.00,2,158.11
16252.00,5_1538,3033.60,157.00,617.75,95.00,1,124.84
16252.00,5_1652,3071.40,85.00,615.10,36.00,1,57.60
16255.00,5_1539,3035.30,158.00,617.75,95.00,1,123.71
16257.00,5_1509,3021.30,183.00,596.93,104.00,2,152.08
16257.00,5_1571,3036.70,149.00,617.75,93.00,1,116.27
16258.00,5_1665,3073.50,85.00,615.10,28.00,1,42.85
16259.00,5_1506,3019.20,188.00,596.93,105.00,2,147.15
16259.00,5_1682,3083.40,71.00,615.10,18.00,1,38.41
16260.00,5_1525,3031.50,171.00,586.83,93.00,1,142.08
16260.00,5_1577,3039.90,147.00,617.75,89.00,1,113.02
16261.00,5_1702,3084.40,66.00,615.10,11.00,1,28.50
16263.00,5_1548,3034.60,164.00,596.93,92.00,1,130.10
16263.00,5_1704,3086.80,65.00,615.10,10.00,1,33.25
16264.00,5_1579,3041.30,149.00,617.75,88.00,1,111.22
16265.00,5_1558,3034.60,163.00,596.93,90.00,1,135.59
16265.00,5_1581,3045.70,145.00,617.75,85.00,1,114.79
16266.00,5_1563,3036.10,161.00,596.93,90.00,1,134.92
16269.00,5_1576,3037.20,159.00,596.93,91.00,1,127.38
16269.00,5_1607,3057.90,129.00,617.75,65.00,1,93.80
16270.00,5_1611,3058.70,128.00,617.75,64.00,1,96.75
16271.00,5_1667,3075.90,95.00,596.93,43.00,1,65.41
16273.00,5_1580,3043.00,156.00,596.93,90.00,1,125.02
16274.00,5_1613,3060.10,130.00,617.75,63.00,1,91.68
16274.00,5_1676,3079.20,92.00,596.93,38.00,1,64.70
16275.00,5_1759,3107.30,40.00,615.10,0.00,0,7.25
16277.00,5_1747,3100.90,52.00,615.10,0.00,0,19.15
16278.00,5_1627,3062.90,127.00,617.75,59.00,1,87.81
16279.00,5_1592,3045.40,156.00,596.93,89.00,1,122.57
16279.00,5_1633,3066.10,123.00,617.75,57.00,1,92.10
16281.00,5_1643,3068.10,120.00,617.75,55.00,1,92.06
16282.00,5_1595,3053.50,150.00,596.93,82.00,1,115.58
16284.00,5_1650,3071.00,118.00,617.75,52.00,1,84.42
16285.00,5_1596,3055.20,151.00,596.93,80.00,1,115.60
16285.00,5_1661,3071.70,115.00,617.75,49.00,1,84.24
16287.00,5_1662,3072.40,116.00,617.75,47.00,1,83.60
16289.00,5_1628,3064.60,136.00,596.93,64.00,1,98.18
16289.00,5_1700,3084.00,95.00,617.75,28.00,1,67.74
16289.00,5_1779,3114.30,41.00,615.10,0.00,0,7.22
16291.00,5_1619,3062.30,143.00,596.93,68.00,1,107.19
16293.00,5_1646,3069.20,130.00,596.93,55.00,1,95.57
16294.00,5_1675,3076.50,115.00,596.93,39.00,1,84.83
16295.00,5_1753,3105.10,64.00,617.75,0.00,0,26.37
16296.00,5_1688,3084.60,105.00,596.93,31.00,1,73.17
16296.00,5_1757,3105.90,63.00,617.75,0.00,0,34.63
16298.00,5_1765,3110.50,58.00,617.75,0.00,0,25.34
16298.00,5_1793,3119.10,41.00,615.10,0.00,0,6.49
16299.00,5_1677,3081.90,114.00,596.93,38.00,2,83.13
16299.00,5_1769,3116.30,52.00,617.75,0.00,0,23.18
16300.00,5_1792,3117.40,45.00,615.10,0.00,0,11.36
16302.00,5_1711,3087.70,101.00,596.93,22.00,2,67.92
16303.00,5_1798,3120.60,43.00,615.10,0.00,0,11.50
16304.00,5_1712,3090.40,100.00,596.93,21.00,2,71.62
16304.00,5_1788,3117.60,50.00,617.75,0.00,0,11.94
16306.00,5_1817,3120.90,40.00,617.75,0.00,0,10.91
16308.00,5_1819,3125.30,37.00,615.10,0.00,0,5.16
16310.00,5_1715,3092.50,103.00,596.93,16.00,1,64.23
16310.00,5_1717,3094.90,100.00,596.93,15.00,1,69.45
16311.00,5_1820,3128.00,37.00,615.10,0.00,0,5.45
16314.00,5_1729,3094.30,101.00,596.93,15.00,1,64.45
16318.00,5_3005,2514.50,302.00,615.10,245.00,2,271.42
16321.00,5_2729,2441.30,461.00,596.93,369.00,3,421.50
16321.00,5_2768,2443.60,447.00,596.93,355.00,3,412.37
16321.00,5_2802,2471.40,409.00,617.75,320.00,4,371.41
16322.00,5_3010,2519.00,300.00,615.10,241.00,2,263.41
16323.00,5_2775,2449.50,441.00,596.93,349.00,3,412.21
16323.00,5_2809,2474.30,406.00,617.75,315.00,2,366.95
16324.00,5_3014,2520.80,299.00,615.10,238.00,2,268.26
16325.00,5_2821,2478.70,400.00,617.75,314.00,2,363.72
16325.00,5_3027,2525.90,291.00,615.10,230.00,2,262.18
16326.00,5_2833,2479.10,397.00,617.75,312.00,2,363.23
16327.00,5_2780,2457.00,436.00,596.93,342.00,4,399.49
16328.00,5_2845,2479.50,395.00,617.75,312.00,2,363.22
16329.00,5_2785,2461.50,432.00,596.93,336.00,4,399.72
16331.00,5_2860,2482.00,391.00,617.75,310.00,2,357.02
16332.00,5_2867,2481.90,390.00,617.75,309.00,2,357.28
16332.00,5_3034,2629.80,192.00,615.10,125.00,1,152.14
16333.00,5_3021,2524.70,302.00,596.93,228.00,3,265.32
16334.00,5_2869,2483.30,390.00,617.75,310.00,3,357.53
16334.00,5_3046,2629.20,191.00,615.10,123.00,1,158.69
16335.00,5_2798,2469.60,426.00,596.93,327.00,3,390.03
16335.00,5_3072,2631.40,182.00,615.10,122.00,1,144.69
16335.00,5_3089,2631.30,177.00,615.10,121.00,1,144.15
16337.00,5_2803,2473.10,423.00,596.93,322.00,4,388.53
16337.00,5_3128,2631.60,167.00,615.10,115.00,1,132.97
16338.00,5_2817,2476.90,416.00,596.93,313.00,3,389.49
16338.00,5_2896,2494.20,375.00,617.75,296.00,2,341.29
16339.00,5_3125,2630.50,171.00,615.10,113.00,1,137.51
16339.00,5_3143,2634.10,162.00,615.10,111.00,1,130.72
16341.00,5_2826,2478.20,415.00,596.93,311.00,2,382.02
16342.00,5_3159,2639.30,155.00,615.10,97.00,1,119.96
16343.00,5_2903,2500.10,372.00,617.75,292.00,2,332.49
16344.00,5_2906,2500.20,372.00,617.75,291.00,2,340.15
16344.00,5_3183,2652.10,137.00,615.10,86.00,1,103.57
16346.00,5_2844,2476.80,416.00,596.93,309.00,2,378.47
16346.00,5_2937,2501.90,363.00,617.75,280.00,2,331.54
16346.00,5_3187,2655.90,134.00,615.10,81.00,1,101.61
16348.00,5_2847,2480.90,413.00,596.93,308.00,2,381.80
16348.00,5_2939,2505.30,361.00,617.75,278.00,2,325.07
16348.00,5_3200,2659.00,129.00,615.10,77.00,1,93.36
16349.00,5_2881,2483.70,401.00,596.93,308.00,3,371.39
16349.00,5_3202,2661.40,127.00,615.10,75.00,1,91.95
16350.00,5_2982,2511.40,344.00,617.75,261.00,2,310.73
16351.00,5_2882,2486.40,400.00,596.93,304.00,3,367.79
16351.00,5_3217,2665.90,120.00,615.10,67.00,1,86.16
16352.00,5_2985,2513.50,343.00,617.75,257.00,2,308.55
16352.00,5_3221,2669.70,116.00,615.10,64.00,1,90.78
16353.00,5_2987,2514.90,342.00,617.75,256.00,2,311.62
16353.00,5_3241,2678.70,102.00,615.10,53.00,1,72.81
16354.00,5_3224,2671.80,115.00,615.10,61.00,1,81.74
16355.00,5_2890,2490.00,398.00,596.93,298.00,3,363.27
16357.00,5_3032,2525.40,322.00,617.75,232.00,2,288.52
16357.00,5_3244,2678.80,105.00,615.10,49.00,1,70.77
16359.00,5_3009,2516.30,340.00,596.93,244.00,3,302.34
16359.00,5_3251,2679.70,104.00,615.10,48.00,1,73.20
16360.00,5_2888,2487.60,406.00,596.93,300.00,5,373.92
16360.00,5_3253,2682.10,102.00,615.10,47.00,1,71.58
16362.00,5_2967,2509.90,362.00,596.93,260.00,4,330.14
16362.00,5_3257,2683.90,101.00,615.10,48.00,1,72.01
16363.00,5_3069,2628.30,214.00,617.75,129.00,1,172.04
16363.00,5_3099,2630.30,203.00,617.75,128.00,2,168.97
16365.00,5_3129,2634.30,192.00,617.75,126.00,1,159.07
16366.00,5_2899,2498.30,398.00,596.93,294.00,4,362.43
16367.00,5_3133,2635.10,192.00,617.75,126.00,2,161.20
16368.00,5_2969,2512.30,365.00,596.93,256.00,2,330.85
16369.00,5_3149,2635.30,189.00,617.75,123.00,1,156.36
16371.00,5_3182,2651.40,165.00,617.75,99.00,1,132.70
16372.00,5_3161,2642.70,181.00,596.93,125.00,1,145.04
16376.00,5_3020,2522.00,348.00,596.93,232.00,2,308.64
16376.00,5_3190,2658.00,161.00,617.75,92.00,1,125.64
16377.00,5_3176,2650.20,174.00,596.93,115.00,1,140.84
16378.00,5_3207,2662.90,153.00,617.75,83.00,1,120.00
16379.00,5_3033,2528.10,341.00,596.93,231.00,4,308.20
16379.00,5_3211,2662.70,153.00,617.75,81.00,1,124.35
16381.00,5_3212,2665.40,152.00,617.75,81.00,1,123.50
16382.00,5_3196,2657.20,166.00,596.93,103.00,1,131.45
16385.00,5_3234,2676.80,138.00,596.93,73.00,1,102.38
16387.00,5_3228,2673.60,145.00,617.75,73.00,1,110.34
16391.00,5_680,3165.00,422.00,596.93,362.00,3,391.40
16393.00,5_570,2993.00,629.00,617.75,535.00,3,595.02
16393.00,5_695,3182.50,402.00,615.10,339.00,2,368.11
16393.00,5_710,3186.00,394.00,615.10,336.00,2,364.46
16394.00,5_585,2994.50,624.00,617.75,532.00,3,593.84
16395.00,5_463,2819.10,837.00,596.93,730.00,6,803.33
16396.00,5_465,2821.50,835.00,596.93,724.00,4,806.81
16396.00,5_719,3189.30,391.00,615.10,333.00,2,358.64
16397.00,5_589,2994.30,626.00,617.75,531.00,3,593.93
16398.00,5_714,3187.80,396.00,615.10,329.00,3,362.82
16400.00,5_606,2993.20,625.00,617.75,533.00,3,591.14
16400.00,5_720,3192.00,392.00,615.10,323.00,3,358.97
16401.00,5_737,3198.90,381.00,615.10,320.00,2,350.22
16402.00,5_469,2823.30,838.00,596.93,724.00,4,799.32
16402.00,5_610,2995.00,624.00,617.75,522.00,3,592.15
16403.00,5_483,2825.10,833.00,596.93,724.00,4,800.20
16403.00,5_739,3201.30,380.00,615.10,318.00,3,347.69
16404.00,5_622,2997.40,620.00,617.75,517.00,3,587.91
16404.00,5_728,3192.60,393.00,615.10,322.00,3,363.55
16405.00,5_510,2834.00,818.00,596.93,706.00,4,789.32
16406.00,5_663,3010.10,597.00,617.75,493.00,3,569.07
16407.00,5_529,2838.30,810.00,596.93,693.00,4,777.41
16407.00,5_765,3209.50,368.00,615.10,306.00,3,333.87
16408.00,5_683,3174.10,429.00,617.75,358.00,2,398.75
16409.00,5_768,3211.60,367.00,615.10,304.00,2,334.44
16410.00,5_537,2849.90,799.00,596.93,680.00,4,766.01
16410.00,5_684,3176.80,428.00,617.75,357.00,2,397.70
16411.00,5_777,3211.90,366.00,615.10,303.00,2,331.45
16413.00,5_521,2837.70,819.00,596.93,701.00,5,784.69
16413.00,5_779,3214.30,365.00,615.10,301.00,2,332.31
16415.00,5_532,2844.40,811.00,596.93,688.00,6,777.84
16415.00,5_780,3217.00,364.00,615.10,299.00,2,327.89
16416.00,5_699,3184.30,422.00,617.75,350.00,2,386.83
16417.00,5_703,3186.10,420.00,617.75,352.00,3,391.25
16417.00,5_800,3225.00,352.00,615.10,283.00,2,322.11
16418.00,5_545,2853.50,801.00,596.93,674.00,9,768.55
16418.00,5_812,3232.40,342.00,615.10,274.00,2,309.92
16422.00,5_2055,2866.50,339.00,596.93,279.00,2,308.06
16424.00,5_2127,2901.90,284.00,615.10,228.00,2,251.97
16426.00,5_2057,2871.90,337.00,596.93,274.00,2,305.02
16427.00,5_1953,2856.10,385.00,617.75,294.00,2,347.94
16427.00,5_2061,2876.70,332.00,596.93,268.00,2,304.42
16428.00,5_1750,2510.00,793.00,617.75,650.00,6,758.33
16429.00,5_2096,2888.20,312.00,596.93,248.00,2,284.03
16430.00,5_1755,2512.50,791.00,617.75,652.00,7,758.70
16431.00,5_2138,2910.60,279.00,615.10,217.00,2,244.28
16432.00,5_1806,2667.20,623.00,617.75,491.00,5,591.21
16432.00,5_2101,2889.70,312.00,596.93,245.00,2,282.61
16432.00,5_2129,2904.30,289.00,615.10,224.00,2,244.90
16432.00,5_2145,2914.50,274.00,615.10,214.00,2,240.91
16434.00,5_1816,2671.20,618.00,617.75,489.00,4,586.80
16434.00,5_2150,2916.00,273.00,615.10,210.00,2,240.60
16435.00,5_2165,2915.50,270.00,615.10,206.00,2,241.38
16437.00,5_1833,2678.10,609.00,617.75,487.00,4,577.37
16437.00,5_2108,2894.60,310.00,615.10,238.00,2,275.82
16437.00,5_2171,2919.70,266.00,615.10,202.00,2,229.73
16438.00,5_2109,2897.30,308.00,596.93,237.00,2,274.95
16438.00,5_2184,2925.80,257.00,615.10,194.00,2,228.65
16441.00,5_2122,2897.40,307.00,596.93,234.00,3,273.64
16442.00,5_1853,2673.10,613.00,617.75,490.00,5,574.74
16443.00,5_2130,2907.00,297.00,596.93,224.00,2,267.81
16444.00,5_1978,2857.60,393.00,617.75,288.00,2,357.34
16445.00,5_2137,2907.90,296.00,596.93,221.00,2,265.05
16446.00,5_2141,2912.70,291.00,596.93,219.00,2,264.19
16447.00,5_1993,2857.10,392.00,617.75,286.00,2,354.29
16448.00,5_2203,2927.10,260.00,617.75,195.00,2,227.37
16449.00,5_2166,2918.20,281.00,596.93,206.00,2,251.03
16450.00,5_2085,2882.50,342.00,617.75,270.00,2,307.61
16452.00,5_2126,2900.20,314.00,617.75,246.00,2,281.52
16454.00,5_2218,2937.60,251.00,617.75,189.00,1,220.71
16455.00,5_2227,2938.90,248.00,615.10,187.00,1,216.15
16456.00,5_2220,2938.00,252.00,617.75,189.00,1,222.57
16457.00,5_2178,2921.60,282.00,596.93,203.00,2,242.07
16457.00,5_2213,2936.10,257.00,615.10,185.00,1,229.37
16458.00,5_2179,2924.30,280.00,596.93,202.00,2,247.50
16459.00,5_2204,2928.80,269.00,596.93,190.00,2,237.26
16460.00,5_2209,2934.30,263.00,615.10,186.00,1,229.96
16462.00,5_2205,2931.50,269.00,615.10,188.00,1,234.88
16463.00,5_2230,2942.00,252.00,617.75,189.00,1,211.88
16464.00,5_2238,2941.60,251.00,596.93,185.00,1,219.30
16465.00,5_2032,2861.40,394.00,617.75,294.00,4,365.12
16465.00,5_2239,2944.30,249.00,615.10,196.00,1,212.90
16466.00,5_2036,2861.20,394.00,617.75,293.00,4,365.53
16468.00,5_1731,3096.70,252.00,596.93,166.00,2,225.94
16473.00,5_1738,3097.60,254.00,596.93,165.00,2,221.56
16473.00,5_1838,3133.60,188.00,617.75,140.00,1,152.70
16473.00,5_1856,3146.20,170.00,615.10,122.00,1,132.93
16475.00,5_1839,3136.30,187.00,617.75,140.00,1,154.88
16475.00,5_1859,3148.30,169.00,615.10,118.00,1,139.85
16476.00,5_1742,3099.40,254.00,596.93,162.00,2,221.33
16476.00,5_1863,3150.10,167.00,615.10,115.00,2,133.75
16477.00,5_1840,3139.00,186.00,617.75,137.00,1,152.56
16477.00,5_1895,3158.50,150.00,605.00,101.00,1,118.07
16478.00,5_1752,3102.40,250.00,596.93,158.00,2,218.22
16479.00,5_1849,3145.30,179.00,617.75,130.00,1,144.23
16479.00,5_1891,3156.70,155.00,615.10,101.00,2,121.75
16480.00,5_1764,3107.80,243.00,596.93,149.00,1,213.96
16481.00,5_1903,3162.10,148.00,615.10,97.00,1,117.52
16482.00,5_1768,3110.60,241.00,596.93,148.00,1,210.96
16482.00,5_1907,3163.90,146.00,615.10,93.00,2,115.50
16483.00,5_1867,3151.90,171.00,617.75,118.00,1,135.85
16484.00,5_1917,3172.90,136.00,605.00,84.00,1,103.04
16486.00,5_1933,3177.10,129.00,615.10,77.00,1,98.16
16487.00,5_1787,3114.90,236.00,596.93,148.00,1,201.50
16487.00,5_1870,3154.00,172.00,617.75,117.00,1,133.83
16488.00,5_1878,3154.60,170.00,617.75,116.00,1,135.81
16489.00,5_1940,3183.00,124.00,615.10,74.00,1,87.61
16490.00,5_1897,3160.90,160.00,617.75,105.00,1,129.12
16490.00,5_1948,3186.60,119.00,615.10,66.00,1,83.53
16491.00,5_1805,3121.50,228.00,596.93,148.00,1,190.56
16492.00,5_1960,3193.00,111.00,615.10,61.00,1,81.96
16493.00,5_1818,3122.60,225.00,596.93,147.00,1,191.33
16493.00,5_1908,3166.60,154.00,617.75,97.00,1,118.49
16493.00,5_1963,3195.10,109.00,615.10,58.00,1,82.04
16494.00,5_1824,3129.80,217.00,596.93,147.00,1,189.54
16494.00,5_1912,3171.40,149.00,617.75,92.00,1,114.87
16495.00,5_1982,3200.40,100.00,615.10,47.00,1,67.01
16496.00,5_1826,3132.20,216.00,596.93,145.00,1,186.90
16498.00,5_1934,3179.80,138.00,617.75,81.00,1,103.26
16499.00,5_1836,3132.20,216.00,596.93,145.00,1,184.30
16499.00,5_1937,3180.90,137.00,617.75,78.00,1,107.22
16499.00,5_2015,3205.50,89.00,615.10,35.00,1,49.63
16500.00,5_2016,3208.20,87.00,615.10,32.00,1,58.51
16501.00,5_2088,3226.60,48.00,615.10,0.00,0,18.39
16502.00,5_1942,3185.40,134.00,617.75,76.00,1,99.63
16502.00,5_2052,3213.40,73.00,615.10,20.00,1,40.16
16503.00,5_1842,3141.40,209.00,596.93,145.00,1,173.88
16503.00,5_2070,3216.00,66.00,615.10,11.00,1,34.74
16505.00,5_1847,3142.90,208.00,596.93,145.00,1,177.34
16505.00,5_1950,3189.00,131.00,617.75,71.00,1,93.88
16505.00,5_2099,3226.30,49.00,615.10,0.00,0,17.88
16507.00,5_1958,3191.60,128.00,617.75,67.00,1,97.20
16509.00,5_1885,3155.50,188.00,596.93,125.00,1,152.83
16509.00,5_1964,3197.80,122.00,617.75,62.00,1,88.31
16510.00,5_1909,3169.30,168.00,596.93,106.00,1,134.99
16514.00,5_1928,3172.60,163.00,596.93,99.00,1,127.48
16515.00,5_1989,3201.30,117.00,617.75,51.00,1,77.52
16515.00,5_2006,3203.20,110.00,617.75,46.00,1,77.13
16516.00,5_1932,3174.40,162.00,596.93,98.00,1,127.25
16517.00,5_2021,3209.70,101.00,617.75,36.00,1,70.44
16520.00,5_3056,2629.20,374.00,596.93,266.00,5,343.50
16521.00,5_3274,2749.80,189.00,615.10,129.00,1,158.04
16522.00,5_3263,2688.10,255.00,596.93,187.00,2,224.68
16523.00,5_3071,2628.70,373.00,596.93,265.00,5,346.32
16523.00,5_3230,2674.00,280.00,617.75,202.00,2,244.35
16526.00,5_3309,2763.30,170.00,615.10,119.00,1,131.26
16527.00,5_3238,2678.60,277.00,617.75,197.00,2,243.40
16528.00,5_3232,2675.40,283.00,617.75,200.00,2,241.58
16528.00,5_3312,2765.40,169.00,615.10,116.00,1,136.39
16529.00,5_3084,2629.80,374.00,596.93,264.00,5,338.48
16529.00,5_3267,2746.90,202.00,617.75,128.00,1,170.25
16529.00,5_3327,2775.90,155.00,615.10,104.00,1,122.05
16531.00,5_3108,2628.60,370.00,596.93,261.00,5,336.61
16531.00,5_3268,2749.60,201.00,617.75,127.00,1,169.14
16531.00,5_3330,2778.00,154.00,615.10,99.00,1,119.44
16532.00,5_3364,2779.80,143.00,615.10,90.00,1,110.02
16533.00,5_3118,2627.60,370.00,596.93,257.00,2,339.08
16533.00,5_3281,2753.70,195.00,617.75,127.00,1,162.27
16535.00,5_3153,2636.10,353.00,596.93,258.00,3,321.16
16535.00,5_3287,2753.90,195.00,617.75,127.00,1,162.81
16536.00,5_3366,2785.20,141.00,615.10,86.00,1,100.66
16537.00,5_3157,2637.90,352.00,596.93,256.00,2,320.33
16537.00,5_3376,2788.20,136.00,615.10,82.00,1,103.99
16539.00,5_3392,2792.40,129.00,615.10,73.00,1,97.03
16539.00,5_3418,2805.60,108.00,615.10,55.00,1,77.83
16540.00,5_3306,2762.20,186.00,617.75,126.00,1,148.86
16540.00,5_3417,2802.90,112.00,605.00,58.00,1,78.05
16541.00,5_3167,2643.90,347.00,596.93,251.00,3,313.61
16542.00,5_3314,2770.80,177.00,617.75,122.00,1,141.19
16542.00,5_3424,2813.80,101.00,615.10,51.00,1,67.70
16543.00,5_3322,2774.40,172.00,617.75,119.00,1,141.42
16544.00,5_3173,2645.10,347.00,586.83,245.00,2,312.86
16544.00,5_3468,2827.60,76.00,615.10,26.00,1,42.68
16545.00,5_3475,2829.50,73.00,615.10,21.00,1,39.95
16546.00,5_3347,2775.90,166.00,617.75,109.00,1,132.14
16548.00,5_3175,2647.50,348.00,596.93,248.00,3,310.33
16548.00,5_3484,2833.80,69.00,615.10,19.00,1,32.60
16551.00,5_3394,2794.80,138.00,617.75,79.00,1,97.60
16553.00,5_665,3013.50,740.00,596.93,629.00,4,706.88
16553.00,5_733,3194.10,539.00,617.75,463.00,5,508.48
16553.00,5_813,3235.10,474.00,615.10,399.00,3,441.06
16555.00,5_584,2991.80,788.00,596.93,660.00,6,754.93
16555.00,5_815,3237.50,473.00,615.10,398.00,4,441.07
16556.00,5_647,3000.90,761.00,596.93,648.00,5,731.92
16556.00,5_817,3239.90,471.00,615.10,396.00,3,443.47
16557.00,5_734,3197.80,539.00,617.75,459.00,4,505.46
16558.00,5_742,3206.40,529.00,617.75,452.00,3,499.45
16558.00,5_819,3242.30,470.00,615.10,393.00,3,439.54
16559.00,5_827,3242.90,468.00,615.10,391.00,3,438.63
16560.00,5_651,3005.70,759.00,586.83,641.00,6,726.18
16560.00,5_759,3203.30,529.00,617.75,449.00,3,496.97
16562.00,5_653,3008.10,758.00,596.93,639.00,6,726.05
16563.00,5_839,3246.30,465.00,615.10,384.00,3,429.65
16564.00,5_877,3250.90,450.00,615.10,371.00,3,416.37
16565.00,5_666,3016.20,749.00,596.93,625.00,6,717.13
16565.00,5_762,3205.40,531.00,617.75,447.00,3,495.86
16566.00,5_797,3220.90,506.00,617.75,424.00,3,478.26
16566.00,5_883,3258.10,443.00,615.10,363.00,3,414.67
16567.00,5_888,3261.60,439.00,615.10,360.00,3,406.33
16568.00,5_803,3227.10,500.00,617.75,417.00,3,468.38
16571.00,5_678,3159.60,608.00,596.93,485.00,4,569.31
16571.00,5_905,3263.50,436.00,605.00,357.00,3,397.27
16572.00,5_679,3162.30,606.00,596.93,483.00,4,572.91
16572.00,5_808,3229.60,500.00,617.75,413.00,3,464.82
16573.00,5_913,3267.10,432.00,615.10,348.00,3,399.75
16574.00,5_687,3178.90,589.00,596.93,481.00,4,561.03
16575.00,5_921,3335.70,363.00,615.10,297.00,2,331.56
16576.00,5_829,3245.30,482.00,617.75,389.00,3,443.65
16576.00,5_886,3259.20,451.00,615.10,362.00,3,419.08
16576.00,5_945,3512.50,180.00,605.00,121.00,1,145.48
16577.00,5_688,3181.60,589.00,596.93,480.00,4,554.97
16578.00,5_740,3204.00,552.00,596.93,457.00,4,525.34
16578.00,5_866,3250.20,468.00,617.75,373.00,3,432.54
16578.00,5_975,3524.50,161.00,615.10,112.00,1,128.18
16579.00,5_972,3523.40,164.00,615.10,112.00,1,135.16
16580.00,5_896,3262.20,449.00,617.75,359.00,4,418.00
16584.00,5_785,3218.50,530.00,596.93,433.00,3,498.94
16585.00,5_899,3262.30,453.00,617.75,355.00,3,414.73
16586.00,5_764,3206.80,550.00,596.93,449.00,4,509.19
16587.00,5_902,3263.40,453.00,617.75,351.00,3,418.68
16590.00,5_2244,2945.80,371.00,596.93,305.00,2,338.69
16591.00,5_2246,2948.20,369.00,615.10,313.00,2,337.44
16593.00,5_2050,2862.00,516.00,617.75,412.00,4,480.33
16594.00,5_2186,2928.20,410.00,617.75,318.00,5,379.65
16594.00,5_2247,2950.90,369.00,596.93,305.00,2,334.57
16596.00,5_2200,2925.00,411.00,617.75,316.00,6,379.98
16596.00,5_2270,2947.00,368.00,596.93,301.00,2,337.82
16596.00,5_2274,2950.80,363.00,615.10,303.00,2,324.11
16597.00,5_2286,2959.20,352.00,615.10,293.00,2,321.43
16598.00,5_2053,2865.10,517.00,617.75,412.00,6,485.35
16598.00,5_2279,2952.30,362.00,596.93,296.00,2,330.70
16599.00,5_2288,2961.60,351.00,615.10,291.00,2,321.98
16600.00,5_2282,2954.40,361.00,596.93,292.00,2,330.10
16600.00,5_2290,2964.00,349.00,615.10,288.00,2,318.51
16601.00,5_2302,2970.40,340.00,615.10,282.00,2,312.50
16602.00,5_2283,2957.10,360.00,596.93,290.00,2,331.09
16602.00,5_2297,2965.90,347.00,615.10,286.00,2,313.32
16604.00,5_2058,2874.60,512.00,617.75,414.00,6,474.67
16604.00,5_2320,2971.00,337.00,615.10,274.00,2,311.61
16605.00,5_2299,2968.30,347.00,596.93,277.00,2,315.35
16606.00,5_2123,2900.10,469.00,617.75,380.00,5,433.39
16606.00,5_2328,2971.60,336.00,615.10,274.00,2,301.81
16608.00,5_2060,2875.00,515.00,617.75,420.00,7,481.86
16608.00,5_2338,2975.60,331.00,615.10,268.00,2,301.63
16609.00,5_2082,2882.40,502.00,617.75,405.00,5,471.89
16609.00,5_2309,2971.30,345.00,596.93,274.00,2,310.46
16610.00,5_2343,2978.10,329.00,615.10,265.00,2,294.46
16613.00,5_2091,2882.70,503.00,617.75,405.00,5,468.22
16613.00,5_2330,2974.00,340.00,596.93,266.00,2,303.93
16614.00,5_2093,2888.10,498.00,617.75,398.00,6,469.75
16614.00,5_2345,2980.50,330.00,596.93,257.00,2,298.83
16615.00,5_2370,2980.00,324.00,615.10,257.00,2,283.13
16617.00,5_2104,2891.80,494.00,617.75,391.00,5,460.54
16617.00,5_2346,2983.20,330.00,596.93,256.00,2,296.32
16617.00,5_2374,2984.80,320.00,615.10,252.00,2,289.70
16618.00,5_2117,2897.90,485.00,617.75,380.00,6,453.79
16618.00,5_2378,2989.60,315.00,615.10,247.00,2,279.28
16619.00,5_2373,2982.10,325.00,596.93,249.00,2,294.83
16620.00,5_2399,2996.30,304.00,615.10,236.00,2,272.65
16621.00,5_2436,2992.20,298.00,615.10,230.00,2,262.43
16622.00,5_2377,2986.90,322.00,596.93,244.00,2,288.20
16623.00,5_2153,2918.10,459.00,617.75,348.00,5,424.02
16623.00,5_2390,2990.00,316.00,596.93,238.00,2,285.61
16623.00,5_2451,2994.70,293.00,615.10,222.00,3,261.49
16624.00,5_2176,2921.20,450.00,617.75,337.00,4,416.84
16626.00,5_2208,2933.60,430.00,617.75,317.00,5,402.28
16626.00,5_2392,2992.40,316.00,596.93,235.00,2,283.83
16626.00,5_2470,2999.00,286.00,615.10,230.00,2,256.46
16628.00,6_120,1.00,307.00,586.83,229.00,2,282.72
16629.00,5_2229,2941.30,419.00,617.75,313.00,4,385.73
16630.00,5_2444,2992.80,304.00,596.93,223.00,2,274.41
16631.00,5_2273,2949.10,400.00,617.75,309.00,3,366.81
16632.00,5_2295,2965.50,378.00,617.75,293.00,2,353.38
16634.00,5_2498,3111.60,173.00,615.10,118.00,1,137.90
16635.00,5_2457,2995.90,302.00,596.93,219.00,2,268.12
16635.00,5_2506,3112.20,171.00,615.10,117.00,1,138.70
16636.00,5_2495,3111.50,176.00,617.75,119.00,1,141.84
16638.00,5_2464,2997.80,301.00,596.93,216.00,2,267.32
16638.00,5_2509,3114.30,171.00,615.10,116.00,1,133.71
16639.00,5_2481,3081.70,213.00,596.93,130.00,2,182.37
16640.00,5_2455,2995.50,308.00,617.75,225.00,2,272.08
16640.00,5_2525,3118.50,164.00,615.10,112.00,1,132.60
16641.00,5_2537,3121.90,158.00,615.10,106.00,1,127.64
16642.00,5_2461,2997.70,306.00,617.75,232.00,2,272.27
16642.00,5_2486,3104.20,192.00,596.93,113.00,1,160.77
16643.00,5_2335,2975.50,367.00,617.75,274.00,3,336.84
16643.00,5_2541,3126.70,154.00,615.10,100.00,1,126.28
16644.00,5_2552,3130.40,148.00,615.10,97.00,1,121.45
16645.00,5_2341,2977.70,365.00,617.75,279.00,2,333.76
16645.00,5_2488,3107.60,191.00,615.10,113.00,1,158.74
16646.00,5_2565,3133.50,143.00,615.10,90.00,1,114.95
16647.00,5_2354,2983.80,357.00,617.75,272.00,3,324.17
16647.00,5_2491,3109.70,190.00,615.10,114.00,2,159.26
16647.00,5_2593,3136.10,133.00,615.10,81.00,1,105.77
16651.00,5_1951,3190.70,275.00,596.93,209.00,2,246.16
16651.00,5_2139,3232.30,177.00,615.10,133.00,1,148.52
16654.00,5_2026,3214.20,232.00,617.75,164.00,2,198.41
16655.00,5_1968,3198.60,266.00,596.93,196.00,2,234.96
16655.00,5_2048,3212.60,228.00,617.75,159.00,2,197.84
16655.00,5_2147,3232.90,178.00,615.10,130.00,1,145.81
16657.00,5_2148,3235.60,177.00,615.10,129.00,1,144.32
16659.00,5_2066,3212.20,227.00,617.75,157.00,2,190.96
16662.00,5_1980,3198.00,270.00,596.93,193.00,2,229.70
16665.00,5_3185,2653.50,456.00,596.93,349.00,3,419.42
16665.00,5_3409,2798.30,244.00,617.75,186.00,2,210.54
16665.00,5_3486,2836.20,183.00,615.10,127.00,2,148.65
16666.00,5_3414,2798.80,243.00,617.75,182.00,2,213.06
16667.00,5_3219,2667.30,434.00,596.93,325.00,3,408.02
16667.00,5_3506,2836.20,179.00,615.10,122.00,2,144.14
16668.00,5_3420,2811.00,231.00,617.75,169.00,2,202.25
16669.00,5_3510,2838.00,178.00,615.10,119.00,2,141.86
16672.00,5_3260,2686.00,408.00,596.93,294.00,3,368.96
16672.00,5_3421,2812.70,233.00,617.75,166.00,2,198.77
16674.00,5_3278,2751.60,339.00,596.93,236.00,2,305.02
16675.00,5_3386,2791.20,268.00,596.93,210.00,2,235.68
16675.00,5_3428,2815.60,231.00,617.75,164.00,2,196.39
16677.00,5_3288,2755.60,335.00,596.93,238.00,2,307.50
16678.00,5_3407,2795.90,260.00,596.93,203.00,2,233.11
16678.00,5_3431,2821.70,227.00,617.75,157.00,2,193.44
16679.00,5_3434,2825.80,223.00,617.75,153.00,2,195.24
16682.00,5_3437,2826.90,224.00,617.75,151.00,2,193.54
16684.00,5_3442,2827.40,224.00,617.75,150.00,2,193.27
16686.00,5_3419,2808.30,252.00,596.93,189.00,2,217.92
16686.00,5_3464,2822.80,224.00,617.75,149.00,2,195.68
16687.00,5_3298,2755.60,342.00,596.93,239.00,2,300.58
16688.00,5_3465,2824.50,224.00,617.75,147.00,2,193.47
16690.00,5_3299,2758.30,342.00,596.93,241.00,2,303.65
16692.00,5_3478,2832.60,216.00,596.93,151.00,2,179.95
16693.00,5_3303,2760.10,342.00,596.93,244.00,2,313.94
16695.00,5_3467,2825.90,229.00,617.75,147.00,2,190.16
16695.00,5_3522,2838.40,200.00,596.93,135.00,3,168.30
16695.00,5_3550,2858.00,172.00,615.10,115.00,2,138.66
16697.00,5_3313,2768.10,335.00,596.93,246.00,2,304.03
16698.00,5_3474,2827.80,228.00,617.75,144.00,3,187.05
16699.00,5_3546,2848.20,187.00,596.93,123.00,2,157.73
16699.00,5_3567,2863.90,165.00,615.10,113.00,1,128.31
16701.00,5_3511,2840.70,207.00,617.75,128.00,2,173.59
16701.00,5_3568,2865.60,165.00,615.10,111.00,1,129.18
16702.00,5_3316,2773.20,334.00,596.93,247.00,2,302.17
16702.00,5_3562,2861.40,172.00,615.10,114.00,2,141.89
16704.00,5_3579,2875.30,155.00,615.10,105.00,1,124.11
16705.00,5_3476,2832.20,230.00,617.75,145.00,2,183.55
16705.00,5_3523,2841.10,207.00,617.75,126.00,2,168.17
16707.00,5_786,3221.20,650.00,596.93,550.00,4,618.71
16708.00,5_908,3264.60,571.00,617.75,469.00,4,538.77
16708.00,5_991,3530.70,280.00,615.10,224.00,2,248.75
16709.00,5_942,3339.40,487.00,596.93,406.00,3,455.81
16710.00,5_937,3339.90,489.00,617.75,405.00,3,460.08
16710.00,5_990,3528.00,285.00,615.10,222.00,2,255.16
16711.00,5_798,3222.60,649.00,596.93,545.00,5,618.42
16711.00,5_1005,3532.50,277.00,615.10,220.00,2,250.49
16712.00,5_949,3514.30,313.00,617.75,238.00,2,281.11
16713.00,5_805,3227.50,644.00,596.93,541.00,5,617.50
16715.00,5_953,3514.10,315.00,617.75,238.00,2,284.08
16715.00,5_1012,3533.40,278.00,615.10,218.00,2,243.84
16716.00,5_1018,3535.60,275.00,615.10,216.00,2,242.86
16717.00,5_809,3230.30,644.00,596.93,536.00,4,611.99
16718.00,5_955,3515.50,316.00,617.75,235.00,2,281.24
16718.00,5_1035,3544.50,263.00,615.10,202.00,2,234.40
16719.00,5_982,3529.40,295.00,596.93,227.00,2,263.37
16719.00,5_1041,3545.70,261.00,615.10,198.00,2,230.59
16721.00,5_1043,3547.10,261.00,615.10,197.00,2,229.93
16722.00,5_873,3249.10,611.00,596.93,498.00,5,579.74
16722.00,5_961,3518.70,315.00,617.75,235.00,2,280.96
16723.00,5_835,3244.50,628.00,596.93,512.00,5,599.65
16723.00,5_977,3525.90,304.00,617.75,231.00,2,274.77
16726.00,5_1017,3534.90,286.00,617.75,215.00,2,252.77
16728.00,5_880,3256.00,608.00,596.93,486.00,7,574.72
16728.00,5_1034,3542.80,275.00,617.75,203.00,2,240.72
16732.00,5_2478,2997.60,391.00,596.93,302.00,4,359.85
16733.00,5_2595,3137.50,217.00,615.10,159.00,2,187.27
16734.00,5_2382,2991.40,428.00,617.75,337.00,4,397.31
16736.00,5_2394,2994.80,423.00,617.75,329.00,3,396.26
16736.00,5_2511,3116.70,266.00,596.93,192.00,2,233.09
16737.00,5_2522,3116.40,264.00,596.93,191.00,2,236.02
16737.00,5_2597,3139.90,218.00,615.10,156.00,2,184.07
16739.00,5_2397,2994.90,425.00,617.75,329.00,3,394.23
16740.00,5_2611,3144.70,212.00,615.10,151.00,2,175.61
16741.00,5_2422,2990.40,424.00,617.75,327.00,3,391.17
16741.00,5_2528,3120.60,262.00,596.93,185.00,2,229.87
16742.00,5_2614,3146.80,211.00,615.10,148.00,2,173.76
16744.00,5_2423,2992.10,425.00,617.75,324.00,3,393.26
16744.00,5_2631,3153.70,201.00,615.10,139.00,2,165.63
16745.00,5_2538,3124.60,259.00,596.93,180.00,2,222.82
16746.00,5_2550,3128.00,253.00,596.93,175.00,2,223.02
16746.00,5_2654,3157.80,192.00,615.10,130.00,3,160.30
16747.00,5_2668,3216.60,130.00,615.10,77.00,1,100.24
16748.00,5_2558,3132.60,248.00,596.93,168.00,2,217.62
16749.00,5_2426,2993.20,428.00,617.75,323.00,3,392.10
16750.00,5_2674,3219.80,128.00,615.10,77.00,1,98.22
16751.00,5_2652,3157.40,198.00,617.75,132.00,3,161.41
16751.00,5_2666,3199.20,152.00,615.10,86.00,2,122.53
16752.00,5_2586,3130.20,246.00,596.93,165.00,2,212.07
16753.00,5_2446,2995.20,424.00,617.75,320.00,3,393.59
16753.00,5_2678,3222.60,127.00,615.10,76.00,1,97.05
16754.00,5_2530,3123.00,272.00,617.75,189.00,2,241.24
16754.00,5_2634,3155.80,208.00,615.10,131.00,2,179.61
16754.00,5_2665,3161.50,193.00,596.93,124.00,3,160.35
16756.00,5_2588,3132.60,247.00,596.93,164.00,3,214.96
16757.00,5_2542,3129.40,265.00,617.75,178.00,2,233.96
16760.00,5_2741,3226.70,111.00,615.10,61.00,1,80.78
16761.00,5_2598,3142.60,239.00,615.10,151.00,2,199.98
16762.00,5_2555,3132.50,263.00,617.75,174.00,2,228.57
16763.00,5_2591,3134.70,251.00,617.75,163.00,3,219.27
16763.00,5_2755,3232.50,104.00,605.00,53.00,1,72.89
16764.00,5_2721,3222.70,125.00,615.10,69.00,1,81.23
16765.00,5_2607,3142.90,240.00,596.93,150.00,2,200.50
16766.00,5_2630,3151.00,226.00,596.93,134.00,2,197.60
16766.00,5_2756,3235.20,104.00,615.10,51.00,1,66.00
16767.00,5_2592,3135.40,254.00,617.75,160.00,3,217.91
16768.00,5_2643,3156.10,219.00,596.93,128.00,2,185.58
16768.00,5_2788,3231.60,100.00,615.10,48.00,1,69.35
16769.00,5_2622,3147.40,235.00,617.75,143.00,2,200.73
16769.00,5_2795,3241.50,89.00,615.10,38.00,1,59.19
16771.00,5_2627,3146.90,236.00,617.75,142.00,2,202.60
16771.00,5_2655,3160.50,214.00,596.93,121.00,2,179.85
16771.00,5_2808,3246.60,82.00,615.10,30.00,1,56.27
16772.00,5_2629,3148.30,235.00,617.75,142.00,3,205.32
16773.00,5_2693,3222.10,143.00,596.93,73.00,1,115.82
16773.00,5_2812,3248.40,81.00,615.10,29.00,1,42.60
16774.00,5_2699,3223.30,141.00,596.93,73.00,1,111.16
16775.00,5_2829,3252.30,74.00,615.10,21.00,1,40.24
16776.00,5_2645,3158.50,224.00,617.75,130.00,2,188.05
16776.00,5_2831,3254.70,72.00,615.10,19.00,1,40.31
16777.00,5_2669,3220.30,156.00,617.75,73.00,1,123.51
16777.00,5_2714,3221.80,141.00,596.93,72.00,1,109.44
16778.00,5_2837,3255.90,71.00,615.10,19.00,1,38.69
16780.00,5_2675,3222.50,155.00,617.75,71.00,1,121.53
16781.00,5_2841,3260.70,68.00,615.10,13.00,1,29.19
16782.00,5_2726,3226.20,138.00,596.93,72.00,1,101.64
16782.00,5_2842,3263.40,66.00,615.10,12.00,1,29.25
16783.00,5_2690,3222.00,154.00,617.75,72.00,1,120.48
16784.00,5_2723,3225.10,142.00,617.75,72.00,1,109.98
16784.00,5_2742,3229.40,132.00,596.93,66.00,1,97.69
16786.00,5_2863,3268.10,59.00,617.75,4.00,1,32.88
16788.00,5_2748,3231.60,132.00,596.93,62.00,1,94.22
16789.00,5_2873,3267.10,60.00,615.10,4.00,1,17.68
16790.00,5_2737,3225.90,143.00,617.75,72.00,1,110.53
16790.00,5_2791,3233.70,119.00,596.93,50.00,1,83.75
16792.00,5_2747,3230.90,137.00,617.75,67.00,1,104.19
16792.00,5_2792,3236.40,118.00,596.93,48.00,1,83.77
16793.00,5_2793,3239.10,116.00,596.93,47.00,1,85.69
16794.00,5_2783,3230.10,129.00,617.75,60.00,1,102.61
16795.00,5_2796,3244.20,112.00,596.93,43.00,1,80.07
16797.00,5_2784,3230.80,131.00,617.75,59.00,1,99.99
16798.00,5_2922,3281.40,40.00,615.10,0.00,0,7.55
16799.00,5_2804,3244.80,113.00,617.75,43.00,1,80.47
16799.00,5_2815,3250.50,104.00,596.93,33.00,1,71.62
16801.00,5_2823,3251.10,103.00,596.93,30.00,1,71.42
16802.00,5_2839,3258.30,92.00,596.93,20.00,1,62.47
16803.00,5_2807,3244.90,116.00,617.75,41.00,1,81.61
16803.00,5_2929,3284.30,40.00,615.10,0.00,0,9.58
16805.00,5_2853,3263.10,86.00,617.75,13.00,1,54.02
16806.00,5_2874,3269.80,74.00,596.93,4.00,1,41.26
16807.00,5_2933,3286.10,41.00,615.10,0.00,0,7.84
16808.00,5_2855,3264.50,87.00,617.75,11.00,1,54.25
16814.00,5_1995,3200.50,415.00,596.93,343.00,3,380.81
16815.00,5_2149,3238.30,332.00,615.10,276.00,2,296.88
16816.00,5_2076,3220.20,373.00,617.75,295.00,3,338.00
16817.00,5_2000,3202.00,415.00,596.93,340.00,3,381.58
16817.00,5_2080,3224.00,369.00,617.75,290.00,3,338.08
16817.00,5_2151,3240.70,331.00,615.10,272.00,2,299.02
16818.00,5_2185,3253.50,309.00,615.10,251.00,2,275.52
16819.00,5_2083,3224.10,370.00,617.75,287.00,3,341.67
16820.00,5_2009,3204.30,413.00,596.93,330.00,3,378.47
16820.00,5_2194,3255.80,306.00,615.10,248.00,2,271.37
16822.00,5_2022,3212.40,403.00,596.93,322.00,3,369.96
16822.00,5_2199,3257.30,305.00,615.10,246.00,2,273.54
16823.00,5_2219,3265.30,292.00,615.10,233.00,2,265.99
16825.00,5_2232,3270.40,285.00,615.10,226.00,2,252.97
16826.00,5_2040,3212.00,402.00,596.93,318.00,3,364.82
16826.00,5_2223,3270.10,289.00,615.10,225.00,3,259.54
16827.00,5_2086,3225.20,376.00,617.75,285.00,3,332.02
16828.00,5_2067,3213.90,394.00,596.93,308.00,3,358.63
16828.00,5_2113,3228.10,366.00,617.75,278.00,3,327.05
16829.00,5_2116,3232.20,362.00,617.75,271.00,2,330.06
16830.00,5_2075,3217.50,390.00,596.93,302.00,3,359.74
16830.00,5_2243,3273.10,284.00,615.10,223.00,2,247.03
16831.00,5_2133,3232.10,359.00,617.75,269.00,2,326.79
16832.00,5_2249,3274.30,283.00,615.10,219.00,2,252.47
16833.00,5_2077,3221.90,388.00,596.93,298.00,3,353.25
16833.00,5_2154,3242.80,344.00,617.75,269.00,3,310.81
16833.00,5_2252,3279.40,278.00,615.10,215.00,2,248.94
16836.00,5_2106,3227.20,377.00,596.93,286.00,3,342.99
16836.00,5_2169,3246.30,339.00,617.75,268.00,2,303.08
16836.00,5_2266,3281.20,275.00,615.10,209.00,2,238.07
16838.00,5_2115,3229.50,374.00,596.93,282.00,3,339.55
16839.00,5_2128,3230.60,370.00,596.93,279.00,3,340.63
16839.00,5_2172,3247.40,340.00,617.75,268.00,2,303.44
16839.00,5_2278,3284.60,271.00,615.10,203.00,2,231.42
16840.00,5_2316,3286.20,259.00,615.10,193.00,2,226.85
16841.00,5_2174,3248.80,340.00,617.75,267.00,2,308.57
16842.00,5_2192,3254.40,330.00,607.65,261.00,2,299.12
16842.00,5_2326,3289.20,255.00,615.10,190.00,2,228.14
16843.00,5_2362,3287.40,247.00,615.10,183.00,2,215.07
16844.00,5_2201,3259.70,324.00,617.75,256.00,3,294.53
16845.00,5_2367,3289.90,245.00,615.10,179.00,3,215.32
16846.00,5_2156,3244.20,355.00,596.93,272.00,3,316.24
16846.00,5_2371,3291.70,243.00,615.10,176.00,2,210.00
16847.00,5_2167,3243.90,353.00,596.93,271.00,2,319.37
16848.00,5_2175,3250.50,345.00,596.93,271.00,2,316.03
16848.00,5_2424,3303.80,217.00,615.10,151.00,2,185.00
16848.00,5_2430,3306.00,213.00,615.10,146.00,2,183.13
16849.00,5_2237,3271.90,306.00,617.75,231.00,2,270.87
16850.00,5_2267,3283.90,286.00,617.75,212.00,2,259.04
16850.00,5_2432,3308.40,212.00,615.10,146.00,2,179.11
16852.00,5_2284,3285.80,281.00,617.75,206.00,2,251.63
16852.00,5_2447,3306.90,211.00,615.10,144.00,2,178.43
16853.00,5_2183,3251.10,347.00,596.93,271.00,2,309.76
16853.00,5_2458,3310.60,205.00,615.10,140.00,1,176.46
16855.00,5_2207,3259.90,333.00,596.93,259.00,2,299.23
16855.00,5_2463,3312.10,204.00,615.10,140.00,1,174.37
16856.00,5_2210,3262.00,331.00,596.93,253.00,2,299.36
16856.00,5_2300,3283.00,283.00,617.75,204.00,2,251.33
16856.00,5_2468,3313.60,202.00,615.10,139.00,1,172.87
16857.00,5_2312,3284.40,279.00,617.75,203.00,2,252.50
16858.00,5_2211,3264.70,330.00,596.93,252.00,2,299.27
16859.00,5_2314,3284.80,280.00,617.75,200.00,2,250.87
16860.00,5_2221,3267.70,326.00,596.93,248.00,2,297.11
16861.00,5_2251,3276.70,309.00,596.93,234.00,2,281.48
16861.00,5_2482,3317.40,199.00,615.10,139.00,1,161.21
16862.00,5_2334,3289.80,272.00,617.75,193.00,2,239.64
16863.00,5_2483,3320.10,198.00,615.10,138.00,1,161.75
16863.00,5_2485,3325.50,192.00,615.10,138.00,1,161.63
16864.00,5_2259,3280.30,306.00,596.93,230.00,2,276.90
16865.00,5_2344,3288.80,273.00,617.75,191.00,2,241.52
16865.00,5_2496,3328.20,188.00,615.10,135.00,1,154.21
16868.00,5_2361,3285.70,274.00,617.75,192.00,2,239.54
16870.00,5_2271,3283.70,305.00,596.93,222.00,2,268.38
16870.00,5_2363,3290.10,271.00,617.75,188.00,2,240.68
16872.00,5_2372,3294.40,266.00,617.75,180.00,2,234.28
16873.00,5_2306,3283.20,298.00,596.93,213.00,2,261.50
16875.00,5_2325,3286.50,291.00,596.93,205.00,2,261.29
16876.00,5_2507,3330.90,193.00,617.75,125.00,1,159.81
16877.00,5_2388,3300.60,260.00,617.75,171.00,2,231.08
16879.00,5_2379,3294.30,271.00,596.93,183.00,2,232.75
16880.00,5_2393,3300.10,262.00,617.75,169.00,2,228.30
16881.00,5_2521,3338.70,186.00,596.93,118.00,1,153.84
16881.00,5_2551,3466.70,49.00,617.75,0.00,0,16.18
16882.00,5_2536,3340.20,181.00,596.93,114.00,1,147.71
16883.00,5_2400,3300.00,263.00,617.75,169.00,2,231.41
16884.00,5_2381,3296.70,273.00,596.93,185.00,3,240.88
16887.00,5_2387,3297.90,273.00,596.93,182.00,3,240.10
16888.00,5_2407,3301.90,264.00,617.75,170.00,3,234.10
16891.00,5_2563,3466.10,56.00,617.75,0.00,0,14.49
16892.00,5_2402,3300.40,271.00,596.93,176.00,3,232.94
16892.00,5_2564,3468.80,54.00,617.75,0.00,0,24.44
16893.00,5_2416,3302.20,266.00,596.93,172.00,3,235.98
16894.00,5_2453,3308.10,250.00,596.93,156.00,4,222.61
16895.00,5_2408,3302.60,270.00,617.75,172.00,4,234.64
16896.00,5_2484,3322.80,228.00,596.93,140.00,2,198.03
16896.00,5_2587,3477.90,42.00,615.10,0.00,0,8.64
16897.00,5_2568,3468.60,58.00,617.75,0.00,0,24.39
16899.00,5_2487,3327.90,225.00,596.93,140.00,1,194.00
16900.00,5_2456,3310.20,253.00,617.75,150.00,5,220.13
16900.00,5_2596,3479.20,42.00,615.10,0.00,0,6.61
16902.00,5_2473,3316.10,244.00,617.75,135.00,2,209.96
16903.00,5_2417,3304.90,273.00,617.75,172.00,2,244.00
16906.00,5_2505,3328.50,226.00,596.93,142.00,3,191.29
16906.00,5_2520,3336.00,214.00,596.93,129.00,1,173.97
16908.00,5_2427,3305.90,274.00,617.75,171.00,2,237.85
16908.00,5_2513,3332.10,222.00,596.93,136.00,1,193.08
16908.00,5_2604,3486.80,40.00,615.10,0.00,0,9.51
16909.00,5_2516,3334.20,220.00,596.93,135.00,1,190.34
16910.00,5_2471,3315.70,253.00,617.75,143.00,3,219.00
16911.00,5_2524,3340.80,213.00,596.93,122.00,2,183.85
16911.00,5_2544,3459.80,88.00,617.75,0.00,0,58.66
16915.00,5_2480,3316.00,255.00,617.75,139.00,5,219.65
16917.00,5_3593,2875.10,364.00,615.10,311.00,2,335.98
16920.00,5_3359,2778.30,534.00,596.93,452.00,3,496.43
16920.00,5_3525,2841.50,421.00,617.75,335.00,3,385.57
16920.00,5_3606,2882.20,356.00,615.10,298.00,2,323.80
16922.00,5_3355,2776.50,539.00,596.93,453.00,3,508.35
16922.00,5_3527,2842.90,421.00,617.75,332.00,3,386.93
16922.00,5_3608,2884.60,355.00,615.10,298.00,2,324.66
16923.00,5_3365,2782.50,531.00,596.93,447.00,3,500.67
16923.00,5_3534,2841.80,421.00,617.75,333.00,3,388.72
16924.00,5_3645,2883.50,347.00,615.10,288.00,2,316.13
16925.00,5_3369,2787.30,527.00,596.93,441.00,3,494.66
16925.00,5_3540,2845.00,418.00,617.75,329.00,3,388.10
16925.00,5_3649,2885.30,345.00,615.10,287.00,2,313.01
16927.00,5_3379,2790.30,523.00,586.83,437.00,4,491.07
16927.00,5_3543,2845.10,419.00,617.75,328.00,3,389.53
16928.00,5_3689,2889.30,332.00,615.10,272.00,2,298.93
16929.00,5_3696,2893.20,327.00,615.10,265.00,2,297.35
16930.00,5_3698,2895.60,325.00,615.10,264.00,2,296.88
16931.00,5_3403,2794.10,516.00,596.93,422.00,3,481.19
16932.00,5_3704,2896.80,324.00,615.10,259.00,2,297.57
16933.00,5_3545,2846.50,423.00,617.75,328.00,4,384.26
16934.00,5_3416,2800.20,509.00,596.93,414.00,4,475.19
16935.00,5_3556,2859.20,409.00,617.75,314.00,3,377.23
16936.00,5_3583,2877.10,384.00,617.75,309.00,2,351.59
16937.00,5_3430,2819.00,489.00,596.93,390.00,3,453.73
16937.00,5_3745,2898.50,315.00,615.10,244.00,3,277.02
16938.00,5_3429,2816.30,493.00,596.93,397.00,4,460.35
16939.00,5_3600,2876.00,383.00,617.75,306.00,2,348.96
16939.00,5_3707,2899.90,327.00,615.10,257.00,2,292.87
16941.00,5_3613,2886.10,371.00,617.75,293.00,2,337.10
16941.00,5_3731,2898.70,323.00,615.10,252.00,2,291.92
16942.00,5_3433,2823.10,489.00,596.93,388.00,4,453.78
16943.00,5_3624,2884.80,371.00,617.75,289.00,2,344.42
16944.00,5_3488,2838.60,459.00,596.93,361.00,4,427.28
16948.00,5_3537,2842.90,444.00,596.93,342.00,4,407.55
16948.00,5_3664,2886.80,362.00,617.75,279.00,3,327.22
16949.00,5_3662,2884.40,366.00,596.93,301.00,2,335.25
16950.00,5_3720,2899.00,335.00,617.75,250.00,3,304.06
16952.00,5_3560,2859.00,425.00,596.93,327.00,2,392.07
16953.00,5_3758,2904.60,321.00,617.75,232.00,3,288.81
16955.00,5_3678,2886.60,365.00,596.93,297.00,2,331.91
16955.00,5_3725,2898.50,339.00,617.75,249.00,4,306.58
16957.00,5_3772,2962.40,263.00,615.10,212.00,1,231.68
16958.00,5_3566,2861.20,427.00,596.93,329.00,2,392.16
16960.00,5_3691,2891.70,361.00,596.93,291.00,2,332.76
16960.00,5_3705,2899.50,349.00,617.75,257.00,4,311.00
16961.00,5_3739,2899.30,340.00,617.75,247.00,4,304.50
16961.00,5_3777,2964.90,263.00,615.10,212.00,1,228.42
16964.00,5_3574,2866.80,425.00,596.93,330.00,2,388.99
16964.00,5_3771,2961.70,271.00,615.10,211.00,1,234.06
16965.00,5_3757,2901.90,336.00,596.93,266.00,2,306.92
16965.00,5_3825,2981.50,236.00,615.10,186.00,1,207.10
16966.00,5_3756,2901.20,338.00,617.75,235.00,4,298.44
16967.00,5_3858,2985.60,224.00,615.10,173.00,1,192.26
16968.00,5_3760,2905.00,335.00,617.75,229.00,4,297.81
16968.00,5_3867,2985.90,222.00,615.10,172.00,1,190.31
16969.00,5_3577,2868.90,427.00,596.93,332.00,2,392.26
16969.00,5_3776,2964.20,272.00,617.75,198.00,1,242.85
16970.00,5_3882,2988.40,217.00,615.10,167.00,1,185.49
16971.00,5_3763,2909.10,333.00,596.93,263.00,2,303.92
16974.00,5_3783,2969.10,270.00,617.75,197.00,1,229.08
16975.00,5_3578,2872.60,429.00,596.93,334.00,2,393.06
16975.00,5_3785,2969.50,270.00,617.75,197.00,1,234.55
16976.00,5_3793,2973.10,265.00,617.75,197.00,1,230.67
16976.00,5_3888,2995.60,214.00,615.10,158.00,1,181.06
16977.00,5_3601,2877.70,419.00,596.93,333.00,2,382.93
16977.00,5_3886,2990.20,221.00,615.10,164.00,1,188.70
16978.00,5_3816,2980.20,253.00,617.75,182.00,1,220.11
16979.00,5_3834,2981.80,247.00,617.75,179.00,1,215.73
16980.00,5_3602,2880.40,419.00,596.93,333.00,2,383.78
16983.00,5_3627,2885.90,409.00,596.93,323.00,2,373.55
16984.00,5_3674,2884.80,397.00,596.93,307.00,2,366.16
16984.00,5_3843,2983.10,248.00,617.75,177.00,1,212.08
16985.00,5_3911,2994.70,217.00,615.10,157.00,2,188.25
16986.00,5_3680,2889.00,393.00,596.93,301.00,2,364.71
16986.00,5_3901,2996.70,219.00,617.75,149.00,1,182.80
16988.00,5_3878,2988.60,236.00,617.75,163.00,2,203.94
16990.00,5_3810,2979.00,268.00,596.93,203.00,1,233.81
16995.00,5_1039,3545.30,538.00,617.75,461.00,3,506.46
16996.00,5_958,3516.60,592.00,596.93,494.00,4,555.57
16996.00,5_1060,3552.00,526.00,615.10,449.00,3,491.03
16998.00,5_841,3248.70,897.00,596.93,775.00,8,867.27
16999.00,5_1096,3661.20,409.00,615.10,353.00,2,371.94
17000.00,5_1044,3549.80,537.00,617.75,454.00,3,501.90
17000.00,5_1093,3659.10,413.00,615.10,353.00,3,387.58
17001.00,5_970,3521.00,589.00,596.93,491.00,3,555.16
17002.00,5_1062,3552.40,531.00,617.75,447.00,4,501.46
17006.00,5_2858,3265.60,283.00,617.75,205.00,2,251.20
17006.00,5_2876,3272.20,271.00,596.93,195.00,2,237.59
17008.00,5_2859,3266.30,284.00,617.75,204.00,2,252.55
17008.00,5_2885,3273.50,269.00,596.93,193.00,1,239.46
17008.00,5_2951,3288.70,234.00,615.10,185.00,1,197.52
17010.00,5_2887,3275.90,268.00,596.93,192.00,1,236.73
17010.00,5_2952,3291.40,233.00,615.10,182.00,1,197.19
17011.00,5_2968,3294.60,226.00,615.10,178.00,1,193.54
17012.00,5_2862,3267.40,286.00,617.75,202.00,2,252.65
17013.00,5_2880,3274.00,275.00,617.75,194.00,2,242.57
17013.00,5_2900,3275.00,268.00,596.93,192.00,2,235.91
17013.00,5_2971,3296.70,225.00,615.10,177.00,1,192.56
17015.00,5_2994,3303.80,213.00,615.10,161.00,1,179.89
17020.00,5_2512,3330.40,336.00,617.75,230.00,5,305.10
17020.00,5_2633,3493.10,137.00,615.10,90.00,1,106.91
17021.00,5_2549,3464.30,192.00,596.93,102.00,1,157.03
17022.00,5_2569,3471.30,180.00,596.93,102.00,1,150.51
17023.00,5_2638,3496.60,135.00,615.10,85.00,1,100.92
17024.00,5_2540,3458.00,204.00,617.75,106.00,3,168.24
17024.00,5_2571,3473.70,179.00,596.93,100.00,1,150.69
17024.00,5_2653,3506.10,122.00,615.10,74.00,1,92.53
17026.00,5_2582,3475.40,176.00,596.93,100.00,1,144.44
17026.00,5_2677,3521.90,101.00,615.10,52.00,1,72.73
17028.00,5_2545,3462.50,202.00,617.75,102.00,2,170.21
17029.00,5_2546,3464.20,201.00,617.75,100.00,1,158.82
17029.00,5_2602,3481.40,167.00,596.93,100.00,1,134.72
17029.00,5_2671,3520.70,107.00,615.10,49.00,1,72.15
17030.00,5_2682,3526.40,99.00,615.10,44.00,1,65.89
17031.00,5_2557,3465.90,198.00,617.75,99.00,1,164.90
17032.00,5_2603,3484.10,167.00,596.93,99.00,2,134.75
17033.00,5_2704,3532.80,89.00,615.10,37.00,1,55.37
17034.00,5_2577,3474.90,186.00,617.75,98.00,1,151.56
17034.00,5_2738,3551.60,61.00,615.10,11.00,1,27.78
17035.00,5_2613,3487.10,164.00,596.93,99.00,1,131.23
17038.00,5_2583,3478.10,185.00,617.75,98.00,1,146.97
17038.00,5_2616,3489.20,164.00,596.93,97.00,1,128.85
17039.00,5_2743,3553.10,63.00,615.10,9.00,1,24.02
17040.00,5_2589,3480.30,183.00,617.75,99.00,1,153.73
17040.00,5_2746,3556.20,60.00,615.10,6.00,1,34.16
17041.00,5_2601,3480.70,180.00,617.75,97.00,1,150.72
17041.00,5_2618,3491.60,164.00,596.93,97.00,1,128.69
17042.00,5_2750,3558.00,59.00,615.10,5.00,1,27.19
17043.00,5_2637,3494.90,157.00,617.75,96.00,1,128.58
17044.00,5_2623,3493.10,164.00,596.93,96.00,1,128.26
17044.00,5_2761,3560.70,55.00,615.10,1.00,1,16.33
17045.00,5_2769,3568.30,46.00,615.10,0.00,0,11.30
17046.00,5_2640,3499.00,155.00,596.93,95.00,1,129.54
17047.00,5_2641,3501.70,153.00,596.93,96.00,1,123.87
17047.00,5_2644,3503.80,150.00,617.75,94.00,1,114.47
17047.00,5_2770,3571.00,45.00,615.10,0.00,0,16.68
17048.00,5_2773,3573.10,43.00,615.10,0.00,0,12.24
17049.00,5_2657,3510.90,141.00,617.75,84.00,1,106.70
17050.00,5_2650,3504.00,151.00,596.93,93.00,1,118.92
17050.00,5_2781,3576.70,39.00,615.10,0.00,0,12.16
17051.00,5_2659,3513.30,140.00,617.75,83.00,1,105.74
17053.00,5_2656,3508.20,148.00,596.93,89.00,1,114.78
17054.00,5_2660,3515.00,141.00,617.75,80.00,1,108.95
17054.00,5_2662,3517.40,138.00,596.93,77.00,1,109.12
17054.00,5_2786,3578.20,40.00,615.10,0.00,0,9.29
17055.00,5_2667,3518.90,136.00,617.75,77.00,1,107.05
17055.00,5_2800,3577.00,38.00,615.10,0.00,0,10.48
17056.00,5_2679,3524.30,128.00,596.93,70.00,1,100.02
17059.00,5_2691,3529.70,122.00,617.75,59.00,1,88.76
17061.00,5_2694,3531.80,121.00,617.75,58.00,1,91.08
17063.00,5_2702,3531.40,121.00,617.75,58.00,1,88.46
17063.00,5_2705,3535.50,116.00,596.93,55.00,1,86.00
17064.00,5_2683,3529.10,130.00,596.93,65.00,1,89.97
17066.00,5_2707,3537.90,116.00,596.93,52.00,1,82.28
17066.00,5_2810,3580.00,43.00,615.10,0.00,0,6.81
17067.00,5_2712,3546.40,107.00,617.75,41.00,1,70.82
17068.00,5_2709,3540.30,115.00,596.93,48.00,1,82.98
17070.00,5_2716,3547.20,108.00,617.75,40.00,1,71.87
17072.00,5_2710,3543.00,116.00,596.93,47.00,1,79.67
17073.00,5_2722,3548.40,108.00,617.75,40.00,1,72.40
17073.00,5_2751,3560.70,87.00,596.93,21.00,1,53.86
17075.00,5_2728,3548.60,108.00,617.75,40.00,1,72.23
17077.00,5_2730,3550.00,108.00,617.75,39.00,1,79.31
17079.00,5_2766,3565.20,84.00,596.93,13.00,1,46.26
17080.00,5_2806,3578.20,60.00,596.93,0.00,0,31.61
17080.00,5_2827,3587.90,44.00,615.10,0.00,0,4.91
17080.00,5_2828,3590.60,41.00,615.10,0.00,0,11.65
17082.00,5_2811,3582.70,56.00,596.93,0.00,0,23.22
17083.00,5_2733,3551.10,112.00,617.75,38.00,1,72.78
17084.00,5_2744,3555.80,105.00,617.75,32.00,1,68.43
17084.00,5_2816,3584.20,55.00,596.93,0.00,0,25.56
17085.00,5_2830,3593.00,43.00,596.93,0.00,0,17.21
17086.00,5_2762,3563.40,94.00,617.75,21.00,1,63.16
17088.00,5_2767,3567.90,90.00,617.75,18.00,2,62.45
17088.00,5_2838,3595.60,41.00,596.93,0.00,0,10.70
17093.00,5_2776,3575.20,85.00,617.75,11.00,2,53.75
17093.00,5_2852,3599.40,38.00,615.10,0.00,0,6.27
17094.00,5_2764,3563.80,101.00,617.75,19.00,1,55.63
17096.00,5_2777,3575.90,87.00,617.75,9.00,2,53.98
17096.00,5_2846,3596.20,46.00,596.93,0.00,0,8.54
17097.00,5_2820,3586.00,65.00,617.75,0.00,0,32.77
17098.00,5_2866,3601.20,37.00,615.10,0.00,0,8.25
17100.00,5_2861,3599.70,42.00,615.10,0.00,0,4.83
17101.00,5_2822,3587.40,67.00,617.75,0.00,0,32.34
17103.00,6_164,10.00,69.00,607.65,0.00,0,34.93
17104.00,5_2870,3603.00,40.00,596.93,0.00,0,8.50
17105.00,5_2835,3594.50,60.00,617.75,0.00,0,28.71
17107.00,5_2848,3598.60,54.00,617.75,0.00,0,21.38
17108.00,5_2871,3605.70,41.00,596.93,0.00,0,9.15
17109.00,5_2883,3605.10,39.00,615.10,0.00,0,5.55
17113.00,5_2894,3607.80,37.00,615.10,0.00,0,6.28
17115.00,5_2886,3607.20,42.00,596.93,0.00,0,8.30
17121.00,5_2907,3606.90,42.00,617.75,0.00,0,8.91
17122.00,5_3838,2981.60,389.00,596.93,323.00,2,359.38
17125.00,5_3940,3179.00,164.00,615.10,118.00,1,133.51
17126.00,5_3752,2899.40,501.00,596.93,404.00,6,467.85
17126.00,5_3923,3166.10,183.00,615.10,130.00,1,145.93
17126.00,5_3937,3174.90,170.00,615.10,119.00,1,135.54
17128.00,5_3935,3174.50,173.00,596.93,118.00,2,140.97
17129.00,5_3953,3181.10,162.00,617.75,116.00,1,130.32
17129.00,5_3961,3181.70,159.00,615.10,107.00,1,125.91
17130.00,5_3887,2992.90,371.00,596.93,302.00,2,339.69
17130.00,5_3979,3179.30,157.00,617.75,109.00,1,127.77
17132.00,5_3912,2996.40,362.00,596.93,294.00,3,332.28
17132.00,5_4007,3182.90,147.00,615.10,97.00,1,110.03
17134.00,5_4023,3200.10,127.00,615.10,74.00,1,95.24
17135.00,5_3761,2906.70,500.00,596.93,397.00,8,468.17
17135.00,5_4025,3202.50,125.00,615.10,71.00,2,95.48
17137.00,5_3986,3183.20,158.00,617.75,105.00,1,120.60
17137.00,5_4038,3217.60,108.00,615.10,53.00,1,74.80
17139.00,5_4041,3219.70,107.00,615.10,50.00,2,74.45
17140.00,5_3768,2959.60,450.00,596.93,338.00,5,413.50
17140.00,5_4004,3180.80,158.00,617.75,103.00,1,118.22
17140.00,5_4069,3231.30,88.00,615.10,36.00,1,56.64
17142.00,5_3792,2970.40,434.00,596.93,335.00,4,403.06
17142.00,5_4008,3185.60,154.00,617.75,98.00,1,118.49
17142.00,5_4009,3188.30,151.00,617.75,97.00,1,120.09
17142.00,5_4065,3229.50,93.00,615.10,35.00,2,58.24
17143.00,5_3800,2976.00,427.00,596.93,332.00,2,394.45
17144.00,5_4018,3191.60,147.00,617.75,95.00,1,115.25
17144.00,5_4088,3236.60,81.00,615.10,26.00,1,48.30
17145.00,5_4107,3242.90,70.00,615.10,17.00,1,42.67
17147.00,5_4120,3247.00,64.00,615.10,12.00,1,29.51
17148.00,5_3780,2967.00,447.00,596.93,336.00,3,411.47
17148.00,5_4124,3247.80,63.00,605.00,6.00,1,32.12
17149.00,5_4019,3194.30,149.00,617.75,92.00,1,110.62
17150.00,5_4020,3197.00,147.00,617.75,91.00,1,115.11
17152.00,5_3798,2973.60,439.00,596.93,332.00,2,401.33
17152.00,5_4021,3198.70,147.00,617.75,89.00,1,110.34
17153.00,5_3802,2978.40,434.00,596.93,335.00,3,400.87
17155.00,5_3818,2980.60,429.00,596.93,327.00,4,396.77
17156.00,5_3849,2982.30,419.00,596.93,315.00,3,388.35
17156.00,5_4027,3207.90,140.00,617.75,80.00,1,102.31
17158.00,5_4031,3211.70,137.00,617.75,77.00,1,100.35
17161.00,5_3852,2984.40,421.00,596.93,311.00,3,383.30
17161.00,5_4043,3222.10,126.00,617.75,62.00,1,88.32
17162.00,5_4064,3226.80,116.00,617.75,55.00,1,88.11
17164.00,5_3870,2988.00,415.00,596.93,302.00,3,379.19
17167.00,5_857,3246.90,1063.00,596.93,932.00,8,1032.40
17167.00,5_1085,3660.50,581.00,617.75,518.00,3,553.15
17167.00,5_4070,3234.00,112.00,617.75,48.00,1,72.07
17169.00,5_1111,3667.70,568.00,615.10,508.00,3,533.96
17169.00,5_1126,3672.20,559.00,615.10,495.00,3,528.66
17171.00,5_1101,3662.70,578.00,617.75,510.00,3,543.43
17171.00,5_1110,3665.00,573.00,615.10,505.00,3,542.16
17171.00,5_1131,3679.70,552.00,615.10,487.00,3,521.05
17173.00,5_1022,3540.40,726.00,596.93,644.00,4,687.74
17173.00,5_1151,3686.70,541.00,615.10,470.00,3,508.25
17174.00,5_1118,3671.60,567.00,617.75,496.00,3,538.32
17175.00,5_863,3248.10,1068.00,596.93,926.00,9,1032.41
17175.00,5_1173,3698.10,525.00,615.10,453.00,3,492.39
17176.00,5_1064,3554.80,702.00,596.93,622.00,4,669.24
17177.00,5_1168,3698.60,528.00,615.10,452.00,4,494.82
17178.00,5_1130,3677.00,562.00,615.10,486.00,3,527.06
17179.00,5_878,3253.60,1062.00,596.93,920.00,10,1027.87
17181.00,5_912,3264.40,1043.00,596.93,895.00,10,1010.47
17183.00,5_918,3267.60,1040.00,596.93,893.00,9,1008.65
17183.00,5_1136,3681.20,561.00,617.75,482.00,3,521.02
17184.00,5_1139,3682.30,560.00,617.75,479.00,3,526.63
17185.00,5_1127,3674.90,572.00,596.93,508.00,3,542.83
17186.00,5_1156,3688.20,551.00,617.75,470.00,3,517.46
17187.00,5_1198,3768.60,459.00,615.10,391.00,3,423.85
17188.00,5_1181,3701.70,532.00,617.75,450.00,3,499.00
17189.00,5_1202,3771.40,457.00,615.10,402.00,2,425.66
17191.00,5_1201,3770.70,460.00,617.75,388.00,2,424.35
17192.00,5_1149,3684.30,563.00,596.93,491.00,3,524.78
17193.00,5_1222,3768.40,458.00,617.75,388.00,2,424.05
17194.00,5_1102,3664.40,599.00,596.93,526.00,4,565.83
17195.00,5_1165,3696.50,549.00,596.93,480.00,3,513.68
17195.00,5_1239,3775.30,448.00,615.10,387.00,2,408.31
17197.00,5_931,3333.70,984.00,596.93,837.00,10,952.71
17197.00,5_1241,3780.70,444.00,615.10,381.00,2,408.26
17198.00,5_963,3520.10,789.00,596.93,663.00,6,760.62
17198.00,5_1227,3771.90,458.00,617.75,384.00,2,418.49
17198.00,5_1240,3778.00,448.00,615.10,380.00,3,417.81
17200.00,5_978,3527.60,779.00,596.93,659.00,6,751.54
17200.00,5_1230,3773.00,458.00,617.75,383.00,2,425.40
17200.00,5_1256,3788.20,435.00,615.10,369.00,2,403.37
17201.00,5_1231,3774.70,457.00,617.75,381.00,2,424.11
17201.00,5_1250,3787.00,439.00,615.10,367.00,2,407.48
17202.00,5_1323,3803.10,402.00,615.10,339.00,2,364.26
17203.00,5_994,3532.80,772.00,596.93,658.00,4,741.16
17203.00,5_1272,3792.40,429.00,617.75,353.00,2,400.98
17203.00,5_1336,4035.20,167.00,615.10,112.00,1,134.61
17205.00,5_1187,3700.90,548.00,596.93,477.00,4,517.85
17205.00,5_1285,3793.50,426.00,617.75,351.00,2,396.30
17205.00,5_1339,4035.30,168.00,615.10,110.00,1,138.93
17207.00,5_1021,3537.70,763.00,596.93,659.00,5,734.76
17207.00,5_1345,4036.50,167.00,615.10,110.00,1,138.59
17208.00,5_1348,4038.60,165.00,615.10,108.00,1,131.63
17209.00,5_1292,3794.40,427.00,617.75,349.00,2,397.47
17210.00,5_1350,4043.00,162.00,615.10,107.00,1,129.06
17211.00,5_1293,3796.10,427.00,617.75,347.00,2,397.05
17212.00,5_1049,3549.30,748.00,596.93,633.00,5,714.08
17213.00,5_1027,3541.90,763.00,596.93,655.00,6,734.09
17214.00,5_1295,3797.50,428.00,617.75,346.00,2,398.11
17216.00,5_1053,3551.10,749.00,596.93,633.00,6,718.26
17219.00,5_1071,3555.70,742.00,596.93,627.00,5,708.79
17220.00,5_1309,3798.30,429.00,617.75,344.00,2,391.49
17221.00,5_1073,3642.10,657.00,596.93,543.00,5,625.08
17221.00,5_1310,3799.00,429.00,617.75,343.00,2,396.98
17223.00,5_1335,4034.50,188.00,617.75,120.00,3,156.16
17225.00,5_1326,3803.20,424.00,617.75,335.00,3,393.44
17226.00,5_1249,3784.30,467.00,596.93,401.00,3,430.08
17226.00,5_1353,4176.10,44.00,615.10,1.00,1,17.16
17229.00,5_1075,3644.50,662.00,596.93,541.00,4,625.94
17231.00,5_1262,3792.40,460.00,596.93,391.00,3,432.98
17232.00,5_1349,4041.30,186.00,607.65,106.00,2,142.96
17233.00,5_1356,4181.20,45.00,617.75,0.00,0,17.40
17235.00,5_1082,3645.40,665.00,596.93,543.00,5,626.52
17236.00,5_1361,4180.70,47.00,617.75,0.00,0,15.58
17237.00,5_1300,3798.00,449.00,596.93,375.00,3,411.94
17238.00,5_1362,4183.40,46.00,615.10,0.00,0,8.88
17239.00,5_1322,3800.40,442.00,596.93,366.00,2,412.38
17242.00,5_1352,4044.40,192.00,596.93,129.00,1,157.66
17243.00,5_1083,3655.10,663.00,596.93,545.00,7,634.44
17247.00,5_1113,3670.10,643.00,596.93,536.00,5,608.07
17248.00,5_1374,4194.80,41.00,617.75,0.00,0,8.42
17249.00,5_1144,3682.80,623.00,596.93,516.00,6,591.47
17250.00,5_1157,3689.90,613.00,596.93,500.00,5,582.87
17254.00,5_1161,3691.70,614.00,596.93,497.00,5,580.07
17255.00,5_1164,3693.80,612.00,596.93,496.00,5,582.25
17255.00,5_1375,4197.50,45.00,617.75,0.00,0,7.41
17256.00,5_1380,4202.00,40.00,615.10,0.00,0,5.56
17259.00,5_1179,3699.30,606.00,596.93,488.00,5,572.51
17261.00,5_1378,4199.60,48.00,615.10,0.00,0,4.80
17261.00,5_1382,4204.40,42.00,617.75,0.00,0,7.10
17265.00,5_1226,3769.20,528.00,596.93,412.00,2,487.72
17265.00,5_1243,3783.10,509.00,596.93,405.00,2,475.37
17268.00,5_1259,3790.30,500.00,596.93,390.00,2,466.43
17268.00,5_1390,4208.00,43.00,615.10,0.00,0,4.75
17270.00,5_1284,3790.80,494.00,596.93,389.00,3,460.43
17270.00,5_1396,4212.20,39.00,617.75,0.00,0,7.55
17271.00,5_1320,3798.00,477.00,596.93,372.00,4,447.85
17271.00,5_1408,4214.60,34.00,615.10,0.00,0,6.64
17273.00,5_1330,3805.00,469.00,596.93,362.00,3,439.60
17276.00,5_1404,4212.80,42.00,615.10,0.00,0,5.12
17282.00,5_1354,4178.80,97.00,596.93,0.00,0,55.35
17282.00,5_1363,4186.10,87.00,596.93,0.00,0,52.89
17286.00,5_2901,3277.70,538.00,596.93,457.00,2,507.24
17288.00,5_3004,3312.80,474.00,615.10,419.00,2,441.49
17289.00,5_2911,3281.70,534.00,596.93,457.00,2,502.19
17290.00,5_3018,3315.60,469.00,615.10,413.00,2,435.66
17291.00,5_2910,3279.00,539.00,617.75,457.00,2,504.09
17291.00,5_2947,3286.90,520.00,596.93,456.00,2,489.42
17292.00,5_2909,3278.30,541.00,617.75,459.00,2,499.10
17292.00,5_3024,3316.80,468.00,615.10,410.00,2,433.31
17293.00,5_3026,3321.20,464.00,615.10,405.00,2,431.39
17294.00,5_2928,3282.60,533.00,617.75,456.00,3,498.32
17294.00,5_2960,3294.00,512.00,596.93,454.00,2,482.49
17295.00,5_2944,3285.80,526.00,617.75,454.00,2,491.46
17295.00,5_3054,3327.80,451.00,615.10,392.00,2,419.16
17296.00,5_2979,3297.30,505.00,596.93,448.00,2,474.63
17296.00,5_3048,3326.60,455.00,615.10,389.00,3,425.35
17298.00,5_3074,3326.80,449.00,615.10,387.00,2,419.85
17299.00,5_2957,3292.90,519.00,617.75,454.00,2,483.39
17300.00,5_2990,3300.00,503.00,617.75,442.00,2,474.77
17300.00,5_3083,3330.10,445.00,615.10,385.00,2,412.80
17301.00,5_3087,3331.90,443.00,615.10,383.00,2,417.22
17302.00,5_2991,3302.70,502.00,617.75,442.00,2,472.42
17303.00,5_2986,3298.20,509.00,596.93,443.00,2,469.98
17303.00,5_3092,3336.40,439.00,615.10,375.00,2,409.33
17304.00,5_2999,3307.30,497.00,596.93,432.00,2,464.67
17305.00,5_3039,3323.30,470.00,596.93,409.00,2,443.09
17305.00,5_3100,3340.00,435.00,615.10,375.00,3,402.21
17306.00,5_2997,3305.90,501.00,617.75,435.00,2,466.81
17307.00,5_3041,3325.70,469.00,596.93,404.00,2,436.83
17307.00,5_3134,3351.80,415.00,615.10,356.00,3,381.25
17309.00,5_3001,3309.70,499.00,617.75,431.00,2,463.11
17309.00,5_3080,3328.00,457.00,596.93,392.00,2,428.31
17309.00,5_3135,3354.50,414.00,615.10,355.00,3,388.20
17310.00,5_3002,3311.40,498.00,617.75,430.00,3,467.63
17311.00,5_3154,3362.80,402.00,615.10,340.00,3,366.76
17312.00,5_3091,3333.70,451.00,615.10,384.00,2,420.95
17312.00,5_3160,3370.00,394.00,615.10,331.00,2,360.69
17313.00,5_3008,3314.60,496.00,617.75,429.00,2,463.07
17314.00,5_3096,3338.20,447.00,615.10,379.00,2,416.71
17314.00,5_3166,3374.20,390.00,615.10,326.00,2,355.64
17315.00,5_3110,3340.00,442.00,596.93,375.00,2,412.76
17316.00,5_3168,3376.60,389.00,615.10,324.00,2,359.50
17317.00,5_3017,3313.90,498.00,617.75,426.00,2,463.34
17319.00,5_3025,3319.50,492.00,617.75,420.00,2,462.51
17319.00,5_3174,3380.80,386.00,615.10,320.00,2,348.06
17320.00,5_3121,3345.70,438.00,596.93,366.00,2,404.66
17321.00,5_3203,3387.10,373.00,615.10,307.00,2,338.68
17322.00,5_3038,3320.60,490.00,617.75,414.00,2,454.47
17322.00,5_3126,3349.20,435.00,596.93,360.00,2,401.81
17323.00,5_3210,3392.00,368.00,615.10,302.00,2,331.19
17324.00,5_3214,3396.80,363.00,615.10,297.00,2,327.27
17325.00,5_3063,3328.10,478.00,617.75,401.00,2,442.25
17325.00,5_3140,3355.00,428.00,596.93,351.00,2,393.75
17326.00,5_3145,3358.50,424.00,596.93,349.00,2,396.36
17326.00,5_3215,3399.50,362.00,615.10,294.00,2,328.77
17327.00,5_3111,3342.70,451.00,617.75,375.00,2,415.45
17327.00,5_3265,3412.50,335.00,615.10,269.00,2,307.39
17328.00,5_3146,3361.20,423.00,596.93,349.00,2,392.84
17328.00,5_3220,3401.00,361.00,615.10,291.00,2,331.54
17329.00,5_3113,3344.10,451.00,617.75,374.00,2,418.67
17329.00,5_3242,3406.40,350.00,615.10,283.00,2,319.06
17330.00,5_3119,3344.30,450.00,617.75,375.00,2,420.93
17330.00,5_3270,3415.00,334.00,615.10,272.00,2,303.99
17335.00,5_3158,3367.60,420.00,596.93,338.00,2,382.53
17336.00,5_2915,3610.50,251.00,615.10,208.00,1,222.52
17337.00,5_2908,3609.60,255.00,615.10,211.00,1,224.33
17338.00,5_2918,3615.60,247.00,617.75,202.00,1,212.81
17339.00,5_2936,3634.20,224.00,615.10,178.00,1,195.32
17340.00,5_2920,3618.00,246.00,615.10,199.00,1,212.23
17341.00,5_2916,3613.20,253.00,596.93,204.00,1,216.16
17341.00,5_2940,3636.00,223.00,615.10,177.00,1,195.46
17342.00,5_2930,3627.00,236.00,596.93,189.00,1,207.24
17344.00,5_2934,3628.80,235.00,596.93,187.00,1,205.02
17345.00,5_2921,3620.70,248.00,617.75,196.00,1,210.38
17345.00,5_2949,3636.30,224.00,596.93,177.00,1,196.60
17346.00,5_2950,3639.00,222.00,615.10,170.00,1,183.34
17347.00,5_2923,3623.10,247.00,617.75,194.00,1,214.67
17348.00,5_2973,3647.10,209.00,615.10,158.00,1,174.91
17349.00,5_2927,3624.90,246.00,617.75,193.00,1,211.71
17349.00,5_2954,3640.80,222.00,596.93,171.00,1,189.39
17349.00,5_2983,3665.10,189.00,615.10,134.00,1,157.66
17351.00,5_2935,3631.50,239.00,617.75,188.00,1,205.91
17351.00,5_2992,3665.40,188.00,615.10,132.00,1,154.78
17352.00,5_3000,3669.00,183.00,615.10,132.00,1,150.72
17353.00,5_2966,3643.20,220.00,596.93,167.00,1,191.54
17354.00,5_2970,3645.00,218.00,617.75,163.00,1,181.80
17354.00,5_3019,3673.30,175.00,615.10,120.00,1,143.69
17356.00,5_2961,3641.70,226.00,596.93,167.00,1,185.75
17356.00,5_3022,3675.40,174.00,615.10,117.00,2,142.49
17357.00,5_2974,3649.80,215.00,596.93,163.00,1,185.31
17357.00,5_3050,3685.00,157.00,615.10,107.00,1,129.83
17358.00,5_2975,3652.50,213.00,617.75,156.00,1,174.88
17359.00,5_3055,3689.50,153.00,615.10,103.00,1,119.43
17359.00,5_3060,3693.00,148.00,615.10,100.00,1,115.95
17360.00,5_2976,3655.20,212.00,617.75,154.00,1,174.86
17361.00,5_2993,3668.10,195.00,617.75,138.00,1,161.96
17362.00,5_2978,3657.60,211.00,596.93,154.00,1,174.00
17363.00,5_2980,3660.00,209.00,596.93,152.00,1,177.27
17363.00,5_3067,3697.90,145.00,615.10,94.00,1,107.34
17364.00,5_3012,3668.40,192.00,617.75,133.00,1,156.14
17365.00,5_2981,3662.70,208.00,596.93,150.00,1,176.78
17365.00,5_3068,3700.60,144.00,615.10,91.00,1,112.02
17366.00,5_3013,3670.10,192.00,617.75,132.00,1,156.15
17366.00,5_3079,3702.30,140.00,615.10,89.00,1,111.36
17367.00,5_3015,3671.50,191.00,596.93,135.00,1,161.15
17368.00,5_3085,3704.50,138.00,615.10,86.00,1,103.48
17369.00,5_3029,3676.30,184.00,617.75,124.00,2,149.08
17369.00,5_3090,3706.00,136.00,615.10,84.00,1,106.56
17370.00,5_3043,3678.10,179.00,617.75,120.00,1,150.25
17371.00,5_3031,3678.70,183.00,596.93,124.00,1,149.74
17371.00,5_3095,3708.50,134.00,615.10,81.00,1,105.37
17372.00,5_3045,3681.50,177.00,596.93,118.00,1,147.55
17372.00,5_3105,3715.50,125.00,615.10,76.00,1,93.29
17373.00,5_3044,3679.80,180.00,617.75,119.00,1,145.91
17374.00,5_3120,3726.00,112.00,615.10,60.00,1,82.32
17375.00,5_3049,3683.30,177.00,617.75,116.00,1,142.43
17375.00,5_3052,3687.40,172.00,596.93,112.00,1,139.59
17375.00,5_3171,3723.70,100.00,615.10,49.00,1,67.96
17377.00,5_3057,3691.90,168.00,617.75,105.00,1,138.14
17377.00,5_3061,3695.70,163.00,596.93,103.00,1,133.78
17377.00,5_3191,3730.70,89.00,615.10,37.00,1,59.64
17378.00,5_3101,3709.70,138.00,615.10,78.00,1,107.61
17381.00,5_3065,3697.50,164.00,617.75,101.00,1,128.59
17381.00,5_3194,3734.80,88.00,615.10,34.00,1,50.92
17382.00,5_3206,3737.20,83.00,615.10,29.00,1,52.30
17383.00,5_3076,3701.20,159.00,617.75,93.00,1,127.58
17384.00,5_3082,3704.40,155.00,617.75,91.00,1,125.27
17384.00,5_3102,3712.40,141.00,596.93,76.00,1,104.69
17384.00,5_3209,3739.30,82.00,615.10,28.00,1,46.11
17385.00,5_3106,3718.20,135.00,596.93,72.00,1,103.59
17386.00,5_3237,3737.90,77.00,615.10,22.00,1,46.53
17387.00,5_3112,3722.40,131.00,596.93,68.00,1,100.37
17388.00,5_3094,3707.80,152.00,617.75,85.00,1,115.78
17389.00,5_3104,3714.80,143.00,617.75,76.00,1,117.21
17389.00,5_3248,3741.60,73.00,615.10,16.00,1,33.60
17390.00,5_3114,3724.80,131.00,596.93,66.00,1,98.92
17391.00,5_3107,3720.90,138.00,617.75,71.00,1,107.46
17391.00,5_3271,3752.70,57.00,615.10,2.00,1,23.77
17392.00,5_3137,3724.90,126.00,596.93,59.00,1,98.77
17393.00,5_3272,3755.40,56.00,615.10,0.00,0,16.78
17394.00,5_3275,3758.50,53.00,615.10,0.00,0,27.11
17395.00,5_3138,3727.60,126.00,596.93,57.00,1,91.42
17396.00,5_3109,3721.30,142.00,617.75,71.00,1,105.26
17397.00,5_3124,3727.80,132.00,617.75,61.00,1,102.42
17397.00,5_3177,3724.90,119.00,596.93,50.00,1,87.33
17399.00,5_3150,3727.00,127.00,617.75,57.00,1,93.06
17399.00,5_3197,3736.90,103.00,615.10,35.00,1,65.55
17399.00,5_3223,3739.10,93.00,596.93,26.00,1,63.21
17404.00,5_3889,2997.30,640.00,596.93,526.00,4,607.50
17407.00,5_4029,3209.30,389.00,586.83,333.00,2,356.58
17407.00,5_4118,3245.60,326.00,617.75,260.00,2,289.33
17407.00,5_4164,3289.80,268.00,615.10,222.00,1,235.66
17409.00,5_4182,3296.40,258.00,615.10,214.00,1,228.86
17411.00,5_3918,3161.60,474.00,596.93,359.00,2,439.38
17411.00,5_4171,3291.70,268.00,617.75,219.00,1,232.39
17413.00,5_4143,3251.10,319.00,596.93,256.00,3,288.94
17414.00,5_4185,3300.50,258.00,617.75,211.00,1,226.97
17415.00,5_4167,3290.90,274.00,615.10,224.00,1,239.78
17416.00,5_4034,3215.80,390.00,596.93,328.00,3,357.94
17416.00,5_4183,3298.10,263.00,615.10,213.00,1,233.42
17418.00,5_4191,3301.70,259.00,615.10,206.00,2,228.10
17418.00,5_4198,3308.60,250.00,617.75,198.00,1,213.60
17419.00,5_3920,3164.00,479.00,596.93,359.00,3,446.70
17419.00,5_4199,3311.30,248.00,615.10,194.00,1,216.54
17420.00,5_3926,3166.20,476.00,596.93,357.00,3,445.44
17421.00,5_4200,3314.00,247.00,617.75,195.00,1,210.72
17422.00,5_4209,3320.30,239.00,615.10,187.00,1,204.86
17423.00,5_4203,3319.10,243.00,615.10,190.00,1,206.70
17424.00,5_4223,3322.10,235.00,617.75,182.00,1,203.86
17425.00,5_4201,3316.70,248.00,615.10,193.00,2,217.61
17426.00,5_4228,3323.60,234.00,617.75,181.00,1,204.11
17427.00,5_3931,3169.70,478.00,596.93,354.00,2,439.24
17428.00,5_4239,3327.30,229.00,615.10,173.00,1,190.70
17429.00,5_4241,3329.70,227.00,615.10,170.00,1,196.50
17430.00,5_3944,3180.80,466.00,596.93,354.00,2,426.78
17430.00,5_3982,3181.40,454.00,596.93,353.00,2,422.79
17430.00,5_4235,3324.50,235.00,617.75,179.00,1,200.48
17431.00,5_4257,3339.90,214.00,615.10,156.00,1,184.48
17432.00,5_4014,3189.80,438.00,596.93,353.00,2,406.38
17432.00,5_4238,3325.60,235.00,617.75,177.00,1,200.47
17432.00,5_4269,3345.30,206.00,615.10,151.00,1,173.84
17434.00,5_4026,3205.20,421.00,596.93,338.00,2,391.86
17434.00,5_4243,3332.10,229.00,617.75,172.00,1,197.08
17434.00,5_4266,3343.20,211.00,615.10,152.00,2,180.65
17435.00,5_4032,3213.40,412.00,596.93,326.00,2,384.44
17435.00,5_4285,3352.50,197.00,615.10,142.00,1,165.11
17437.00,5_4283,3350.10,202.00,615.10,143.00,2,169.44
17437.00,5_4315,3357.50,185.00,615.10,134.00,1,155.18
17438.00,5_4252,3338.40,224.00,617.75,166.00,1,189.11
17438.00,5_4296,3354.20,195.00,615.10,137.00,1,162.27
17439.00,5_4058,3222.60,399.00,596.93,311.00,3,367.16
17440.00,5_4076,3234.20,383.00,596.93,293.00,2,354.15
17440.00,5_4275,3346.50,211.00,617.75,152.00,1,177.16
17442.00,5_4337,3367.90,173.00,615.10,118.00,1,136.40
17443.00,5_4292,3353.40,202.00,617.75,142.00,1,166.54
17443.00,5_4303,3355.10,197.00,615.10,135.00,1,166.62
17444.00,5_4093,3238.10,378.00,596.93,284.00,2,345.87
17446.00,5_4132,3248.40,358.00,596.93,268.00,2,327.04
17447.00,5_4310,3357.00,197.00,617.75,135.00,1,161.34
17448.00,5_4333,3364.10,184.00,615.10,123.00,3,149.34
17448.00,5_4334,3365.80,182.00,617.75,115.00,2,148.55
17449.00,5_4046,3223.20,412.00,596.93,320.00,5,379.32
17456.00,5_4060,3225.00,413.00,596.93,306.00,4,372.70
17456.00,5_4101,3241.70,384.00,596.93,278.00,2,348.60
17458.00,5_4222,3319.40,272.00,596.93,220.00,1,237.79
17460.00,5_4082,3235.40,400.00,596.93,294.00,3,367.32
17461.00,5_4249,3336.30,250.00,596.93,196.00,1,219.56
17461.00,5_4343,3516.10,42.00,617.75,0.00,0,7.85
17463.00,5_4331,3358.70,205.00,596.93,153.00,1,177.45
17466.00,5_4351,3518.70,42.00,617.75,0.00,0,7.55
17467.00,5_4096,3240.20,398.00,596.93,287.00,4,364.53
17469.00,5_4339,3370.30,197.00,596.93,141.00,1,165.84
17469.00,5_4354,3520.80,42.00,617.75,0.00,0,7.48
17471.00,5_4355,3523.50,41.00,617.75,0.00,0,11.54
17471.00,5_4359,3528.30,35.00,615.10,0.00,0,4.79
17475.00,5_4109,3245.30,397.00,596.93,280.00,4,360.01
17476.00,5_4141,3248.70,385.00,596.93,269.00,4,354.00
17478.00,5_4145,3285.50,349.00,596.93,231.00,3,321.83
17481.00,5_4158,3284.60,349.00,596.93,230.00,2,315.19
17483.00,5_4161,3287.70,347.00,596.93,229.00,2,314.87
17484.00,5_4362,3533.40,42.00,615.10,0.00,0,5.05
17489.00,5_4180,3294.00,341.00,596.93,228.00,1,309.86
17490.00,5_4373,3536.10,42.00,615.10,0.00,0,10.54
17491.00,5_4173,3293.10,346.00,596.93,229.00,2,303.58
17491.00,5_4378,3537.60,40.00,615.10,0.00,0,9.57
17492.00,5_4370,3534.00,47.00,617.75,0.00,0,7.69
17493.00,5_4194,3303.80,331.00,596.93,229.00,1,297.11
17495.00,5_4195,3306.50,330.00,596.93,228.00,1,294.74
17497.00,5_4245,3334.50,289.00,596.93,199.00,1,259.63
17498.00,5_4380,3543.00,41.00,617.75,0.00,0,9.85
17500.00,5_4282,3347.40,268.00,596.93,177.00,1,233.59
17501.00,5_4258,3342.60,281.00,596.93,191.00,3,253.48
17503.00,5_4316,3360.20,248.00,596.93,156.00,3,218.62
17504.00,5_4383,3548.10,41.00,615.10,0.00,0,5.98
17505.00,5_4332,3361.40,244.00,596.93,150.00,1,215.86
17505.00,5_4386,3550.20,39.00,615.10,0.00,0,6.32
17506.00,5_4382,3545.40,46.00,617.75,0.00,0,8.08
17510.00,5_4342,3372.40,235.00,596.93,138.00,1,201.03
17511.00,5_4391,3551.70,42.00,615.10,1.00,1,6.54
17512.00,5_4347,3516.90,91.00,596.93,0.00,0,57.83
17516.00,5_4358,3525.60,83.00,596.93,0.00,0,46.67
17519.00,5_4361,3529.70,81.00,596.93,0.00,0,44.52
17519.00,5_4407,3553.90,43.00,617.75,0.00,0,7.06
17523.00,5_1438,4229.60,262.00,615.10,217.00,1,232.71
17525.00,5_1445,4233.50,258.00,615.10,210.00,1,227.44
17525.00,5_1451,4236.70,253.00,615.10,210.00,1,227.28
17526.00,5_1366,4188.20,328.00,596.93,237.00,1,290.29
17527.00,5_1371,4189.70,326.00,596.93,237.00,1,292.33
17527.00,5_1417,4220.90,281.00,617.75,230.00,1,242.63
17528.00,5_1431,4228.70,270.00,617.75,223.00,1,237.30
17529.00,5_1373,4192.10,325.00,596.93,237.00,1,293.08
17531.00,5_1389,4205.30,309.00,596.93,236.00,1,278.11
17532.00,5_1455,4239.50,256.00,617.75,207.00,1,221.33
17532.00,5_1461,4246.70,247.00,615.10,200.00,1,217.69
17533.00,5_1458,4241.60,254.00,615.10,198.00,1,210.27
17534.00,5_1391,4210.70,306.00,596.93,234.00,1,273.38
17534.00,5_1459,4244.30,252.00,615.10,198.00,1,212.60
17536.00,5_1411,4216.70,296.00,596.93,234.00,2,268.35
17536.00,5_1537,4255.90,219.00,615.10,166.00,1,180.64
17537.00,5_1547,4261.90,211.00,615.10,160.00,1,180.90
17538.00,5_1510,4249.00,236.00,617.75,182.00,1,199.93
17539.00,5_1414,4218.80,296.00,596.93,233.00,1,263.83
17539.00,5_1512,4252.40,233.00,617.75,181.00,1,198.14
17539.00,5_1542,4260.40,216.00,615.10,157.00,1,179.34
17540.00,5_1552,4268.40,206.00,615.10,156.00,1,175.97
17541.00,5_1421,4222.70,292.00,596.93,233.00,1,261.20
17541.00,5_1518,4253.60,232.00,617.75,180.00,1,199.66
17542.00,5_1556,4275.20,200.00,615.10,147.00,1,169.08
17543.00,5_1424,4224.80,291.00,596.93,233.00,1,260.30
17543.00,5_1584,4282.80,185.00,615.10,134.00,1,151.27
17545.00,5_1585,4285.50,184.00,615.10,130.00,1,152.60
17546.00,5_1527,4253.90,234.00,617.75,178.00,1,196.07
17547.00,5_1535,4254.50,232.00,617.75,176.00,1,203.82
17547.00,5_1604,4291.80,174.00,615.10,122.00,1,141.84
17548.00,5_1427,4226.90,293.00,596.93,233.00,1,258.99
17549.00,5_1620,4297.00,166.00,615.10,113.00,1,129.04
17550.00,5_1541,4257.70,230.00,617.75,173.00,1,193.28
17551.00,5_1442,4231.40,287.00,596.93,228.00,1,251.77
17551.00,5_1640,4297.00,162.00,615.10,107.00,1,122.21
17552.00,5_1446,4236.20,282.00,596.93,226.00,1,252.94
17552.00,5_1551,4266.70,220.00,617.75,162.00,1,188.72
17552.00,5_1642,4299.40,160.00,615.10,107.00,1,125.92
17553.00,5_1555,4273.50,213.00,617.75,158.00,1,182.84
17554.00,5_1483,4243.10,266.00,596.93,208.00,1,234.52
17554.00,5_1672,4311.40,141.00,615.10,89.00,1,113.85
17555.00,5_1562,4279.40,207.00,617.75,150.00,1,175.34
17556.00,5_1709,4321.30,122.00,615.10,68.00,1,88.09
17557.00,5_1713,4323.10,120.00,615.10,67.00,1,88.74
17563.00,5_3236,3402.20,590.00,615.10,512.00,3,555.17
17564.00,5_3122,3348.40,679.00,617.75,594.00,3,643.10
17564.00,5_3162,3372.40,643.00,596.93,558.00,4,607.48
17564.00,5_3284,3417.80,561.00,615.10,490.00,3,529.18
17566.00,5_3188,3382.60,627.00,596.93,542.00,4,594.30
17566.00,5_3282,3415.40,566.00,615.10,491.00,3,533.82
17567.00,5_3130,3351.00,677.00,617.75,593.00,4,642.70
17569.00,5_3189,3385.30,627.00,596.93,536.00,3,590.50
17570.00,5_3141,3358.70,669.00,617.75,581.00,3,633.79
17570.00,5_3317,3436.90,538.00,615.10,473.00,2,507.52
17571.00,5_3151,3362.70,663.00,617.75,573.00,3,632.69
17571.00,5_3208,3389.60,619.00,596.93,533.00,4,585.14
17573.00,5_3294,3424.80,560.00,617.75,492.00,3,530.21
17574.00,5_3213,3394.10,616.00,596.93,525.00,4,580.29
17575.00,5_3332,3442.40,533.00,615.10,469.00,2,501.35
17576.00,5_3240,3404.00,600.00,596.93,508.00,3,569.06
17577.00,5_3155,3365.50,665.00,617.75,576.00,4,632.39
17577.00,5_3342,3449.40,525.00,615.10,464.00,2,498.63
17578.00,5_3246,3409.20,595.00,596.93,503.00,4,561.88
17580.00,5_3250,3411.00,594.00,596.93,502.00,3,564.38
17580.00,5_3331,3441.70,539.00,617.75,471.00,2,503.24
17581.00,5_3354,3698.80,276.00,615.10,219.00,1,243.48
17583.00,5_3262,3410.40,594.00,596.93,500.00,3,560.39
17584.00,5_3170,3379.00,654.00,617.75,563.00,5,622.88
17585.00,5_3156,3366.20,672.00,617.75,575.00,4,632.56
17586.00,5_3352,3691.40,289.00,596.93,223.00,2,254.27
17587.00,5_3341,3446.70,538.00,596.93,466.00,3,512.58
17589.00,5_3290,3420.00,582.00,596.93,489.00,5,552.72
17590.00,5_3276,3416.20,591.00,617.75,495.00,4,550.52
17592.00,5_3172,3379.40,661.00,617.75,558.00,4,628.16
17592.00,5_3427,3708.90,255.00,615.10,207.00,1,225.82
17593.00,5_3269,3414.30,598.00,617.75,496.00,4,563.60
17593.00,5_3293,3422.10,583.00,596.93,485.00,3,549.02
17594.00,5_3435,3709.50,254.00,615.10,207.00,1,224.96
17597.00,5_3186,3381.20,660.00,617.75,557.00,5,628.48
17597.00,5_3300,3424.00,583.00,596.93,484.00,3,545.87
17597.00,5_3455,3712.50,248.00,615.10,200.00,1,215.07
17599.00,5_3307,3424.90,582.00,596.93,482.00,4,547.84
17599.00,5_3456,3715.20,247.00,615.10,197.00,1,213.18
17600.00,5_3363,3701.10,290.00,617.75,225.00,1,260.79
17601.00,5_3184,3380.80,665.00,617.75,554.00,5,620.04
17601.00,5_3311,3426.70,581.00,596.93,480.00,3,548.52
17601.00,5_3458,3717.60,246.00,615.10,195.00,1,212.91
17603.00,5_3329,3439.30,565.00,596.93,473.00,3,532.65
17603.00,5_3377,3704.90,285.00,617.75,224.00,1,255.71
17603.00,5_3466,3724.20,239.00,615.10,187.00,1,204.60
17605.00,5_3325,3437.50,570.00,596.93,479.00,2,539.32
17606.00,5_3193,3387.10,661.00,617.75,552.00,5,625.17
17607.00,5_3199,3386.30,661.00,607.65,549.00,5,631.58
17609.00,5_3204,3389.80,658.00,617.75,548.00,4,626.80
17609.00,5_3497,3734.90,225.00,615.10,174.00,1,191.41
17610.00,5_3336,3444.20,565.00,596.93,471.00,5,528.65
17611.00,5_3350,3448.00,558.00,596.93,464.00,4,525.41
17611.00,5_3498,3737.60,224.00,615.10,172.00,1,190.54
17612.00,5_3531,3739.70,213.00,615.10,163.00,1,182.66
17613.00,5_3351,3688.70,319.00,596.93,228.00,2,287.53
17613.00,5_3491,3730.70,235.00,617.75,180.00,1,201.56
17614.00,5_3289,3419.30,608.00,617.75,501.00,4,580.37
17616.00,5_3399,3701.30,295.00,596.93,220.00,1,263.47
17617.00,5_3538,3741.60,214.00,615.10,161.00,1,178.52
17618.00,5_3401,3704.70,293.00,596.93,219.00,1,263.20
17620.00,5_3225,3402.50,650.00,617.75,539.00,5,612.29
17621.00,5_3231,3401.70,650.00,617.75,537.00,4,623.65
17621.00,5_3405,3706.50,293.00,596.93,219.00,1,260.79
17622.00,5_3443,3710.10,279.00,596.93,212.00,1,249.25
17622.00,5_3547,3745.90,212.00,615.10,159.00,1,181.46
17623.00,5_3535,3741.50,221.00,617.75,162.00,1,186.60
17624.00,5_3549,3748.30,211.00,615.10,157.00,1,180.49
17625.00,5_3541,3743.70,219.00,617.75,160.00,1,186.62
17625.00,5_3554,3755.80,203.00,615.10,149.00,1,174.53
17627.00,5_3542,3744.40,220.00,617.75,159.00,1,189.40
17628.00,5_3460,3720.00,270.00,596.93,198.00,1,233.18
17630.00,5_3243,3409.10,648.00,617.75,530.00,5,619.56
17630.00,5_3461,3722.70,269.00,596.93,197.00,1,233.81
17630.00,5_3559,3757.30,205.00,615.10,148.00,1,168.41
17632.00,5_3470,3727.00,264.00,596.93,191.00,1,230.82
17632.00,5_3563,3762.10,201.00,615.10,145.00,1,166.55
17633.00,5_3472,3729.40,262.00,596.93,190.00,1,233.18
17633.00,5_3588,3767.60,189.00,615.10,134.00,1,157.52
17635.00,5_3337,3446.90,587.00,617.75,473.00,2,551.53
17635.00,5_3496,3732.20,254.00,596.93,183.00,1,224.93
17637.00,5_3360,3700.00,329.00,617.75,221.00,1,295.23
17637.00,5_3519,3737.30,244.00,596.93,172.00,2,215.68
17640.00,5_3368,3702.60,327.00,617.75,220.00,1,291.61
17642.00,5_3552,3750.40,226.00,596.93,151.00,1,193.59
17643.00,5_3553,3753.10,224.00,596.93,150.00,1,195.93
17644.00,5_3374,3702.80,329.00,617.75,221.00,1,289.96
17644.00,5_3569,3764.30,209.00,615.10,138.00,1,177.48
17645.00,5_3614,3894.80,66.00,615.10,6.00,1,37.34
17647.00,5_3561,3759.70,219.00,596.93,142.00,1,184.66
17647.00,5_3565,3764.50,213.00,617.75,143.00,1,172.47
17647.00,5_3575,3765.50,209.00,615.10,138.00,1,178.72
17647.00,5_3590,3769.00,201.00,617.75,134.00,1,168.18
17650.00,5_3609,3778.30,189.00,596.93,124.00,2,157.89
17652.00,5_3591,3769.70,205.00,617.75,135.00,2,163.46
17653.00,5_3594,3770.80,204.00,617.75,133.00,1,168.60
17655.00,5_3252,3746.40,333.00,596.93,265.00,2,303.65
17657.00,5_3247,3738.90,344.00,615.10,272.00,2,310.32
17658.00,5_3218,3739.60,353.00,617.75,288.00,2,320.51
17659.00,5_3152,3727.40,386.00,617.75,308.00,2,356.67
17659.00,5_3249,3744.30,340.00,615.10,267.00,2,308.30
17660.00,5_3255,3749.50,334.00,596.93,261.00,2,299.43
17661.00,5_3258,3751.60,332.00,596.93,256.00,2,299.41
17661.00,5_3297,3764.90,307.00,615.10,248.00,1,275.30
17662.00,5_3292,3760.40,314.00,617.75,251.00,1,281.38
17663.00,5_3318,3764.60,303.00,615.10,248.00,1,274.34
17664.00,5_3279,3760.30,320.00,596.93,245.00,1,288.23
17667.00,5_3296,3764.20,314.00,617.75,250.00,1,276.35
17667.00,5_3319,3767.30,304.00,615.10,247.00,1,265.99
17668.00,5_4379,3540.30,214.00,596.93,149.00,1,185.55
17673.00,5_4409,3556.30,194.00,617.75,146.00,1,159.88
17674.00,5_4399,3553.30,201.00,596.93,148.00,1,166.69
17674.00,5_4419,3562.30,186.00,615.10,135.00,1,147.31
17675.00,5_4412,3558.40,193.00,596.93,146.00,1,161.24
17676.00,5_4435,3564.50,181.00,615.10,130.00,1,143.91
17677.00,5_4417,3559.90,192.00,596.93,144.00,1,162.78
17677.00,5_4443,3571.10,173.00,617.75,120.00,1,134.49
17677.00,5_4450,3575.00,167.00,615.10,118.00,1,135.59
17678.00,5_4441,3568.70,177.00,615.10,127.00,1,138.30
17679.00,5_4432,3562.40,187.00,596.93,140.00,1,157.11
17680.00,5_4444,3573.80,173.00,615.10,120.00,1,134.44
17680.00,5_4459,3578.30,164.00,615.10,115.00,1,130.80
17682.00,5_4440,3566.00,184.00,596.93,135.00,1,152.75
17682.00,5_4465,3579.50,163.00,615.10,114.00,1,134.44
17682.00,5_4468,3581.60,160.00,615.10,106.00,1,125.92
17683.00,5_4469,3584.30,158.00,615.10,107.00,1,126.47
17683.00,5_4476,3585.20,155.00,615.10,102.00,1,124.69
17685.00,5_4454,3576.80,172.00,596.93,121.00,1,139.70
17685.00,5_4480,3590.00,151.00,615.10,99.00,1,112.62
17687.00,5_4510,3599.00,135.00,615.10,85.00,1,104.74
17688.00,5_4479,3587.30,157.00,617.75,103.00,1,118.67
17688.00,5_4502,3595.40,142.00,596.93,90.00,1,109.11
17688.00,5_4505,3597.50,139.00,615.10,82.00,1,104.09
17689.00,5_4489,3590.30,152.00,617.75,99.00,1,121.36
17690.00,5_4529,3605.30,126.00,615.10,72.00,1,91.67
17691.00,5_4515,3600.50,136.00,615.10,81.00,1,101.61
17691.00,5_4563,3613.10,109.00,615.10,58.00,1,76.93
17691.00,5_4570,3621.00,99.00,615.10,46.00,1,65.95
17693.00,5_4592,3636.40,79.00,615.10,30.00,1,47.16
17694.00,5_4490,3593.00,154.00,617.75,96.00,1,116.18
17694.00,5_4519,3602.30,136.00,615.10,78.00,1,98.09
17694.00,5_4527,3602.90,133.00,596.93,77.00,1,101.04
17695.00,5_4533,3607.10,128.00,615.10,72.00,1,95.94
17695.00,5_4598,3638.60,77.00,615.10,27.00,1,45.51
17696.00,5_4500,3593.00,153.00,617.75,96.00,1,123.78
17696.00,5_4599,3641.30,75.00,615.10,25.00,1,45.00
17698.00,5_4534,3609.80,128.00,596.93,70.00,1,93.84
17698.00,5_4630,3646.00,63.00,615.10,13.00,1,32.43
17700.00,5_4549,3610.30,125.00,596.93,69.00,1,93.53
17700.00,5_4641,3652.70,55.00,615.10,5.00,1,20.20
17701.00,5_4568,3618.60,112.00,596.93,56.00,1,84.11
17702.00,5_4536,3612.20,129.00,617.75,68.00,1,88.09
17702.00,5_4560,3610.00,124.00,617.75,66.00,1,88.39
17702.00,5_4646,3657.20,51.00,615.10,0.00,0,21.63
17704.00,5_4659,3662.30,44.00,615.10,0.00,0,9.20
17705.00,5_4561,3611.70,125.00,617.75,64.00,1,89.22
17705.00,5_4574,3622.80,110.00,596.93,53.00,1,75.82
17707.00,5_4564,3615.80,122.00,617.75,61.00,1,90.82
17707.00,5_4577,3624.90,109.00,596.93,52.00,1,75.94
17709.00,5_4579,3627.30,108.00,596.93,50.00,1,76.53
17710.00,5_4671,3670.70,38.00,615.10,0.00,0,10.15
17711.00,5_4585,3628.50,107.00,596.93,48.00,1,81.24
17711.00,5_4587,3630.90,104.00,617.75,43.00,1,71.97
17713.00,5_4591,3633.70,102.00,596.93,43.00,1,72.55
17714.00,5_4567,3616.90,127.00,617.75,60.00,1,83.55
17714.00,5_4672,3673.40,39.00,615.10,0.00,0,8.38
17715.00,5_4590,3632.00,106.00,617.75,41.00,1,73.13
17716.00,5_4624,3641.80,87.00,596.93,26.00,1,56.39
17718.00,5_4610,3641.00,94.00,617.75,32.00,1,63.83
17719.00,5_4629,3643.30,87.00,596.93,23.00,1,54.77
17720.00,5_4595,3638.50,103.00,617.75,35.00,1,61.39
17721.00,5_4614,3640.80,96.00,617.75,30.00,1,67.35
17726.00,5_1744,4327.80,275.00,615.10,216.00,2,245.12
17729.00,5_1484,4245.80,438.00,596.93,371.00,2,399.93
17729.00,5_1762,4329.40,271.00,615.10,213.00,2,239.90
17730.00,5_1771,4329.70,269.00,615.10,210.00,2,241.66
17731.00,5_1487,4247.90,437.00,596.93,370.00,2,405.55
17731.00,5_1568,4281.60,379.00,617.75,309.00,2,343.76
17732.00,5_1778,4330.60,268.00,615.10,208.00,2,239.75
17733.00,5_1565,4280.50,383.00,617.75,314.00,2,339.57
17734.00,5_1499,4247.30,437.00,596.93,369.00,2,399.41
17734.00,5_1570,4283.00,380.00,617.75,308.00,2,345.02
17735.00,5_1781,4332.70,268.00,615.10,207.00,2,234.95
17736.00,5_1502,4249.40,436.00,596.93,368.00,2,404.89
17736.00,5_1589,4293.30,366.00,617.75,299.00,2,338.40
17736.00,5_1785,4335.50,265.00,615.10,202.00,2,233.81
17737.00,5_1549,4264.30,408.00,596.93,338.00,2,376.24
17738.00,5_1794,4341.80,258.00,615.10,195.00,2,229.26
17739.00,5_1554,4270.80,402.00,596.93,333.00,2,374.81
17741.00,5_1561,4276.70,396.00,596.93,325.00,2,365.68
17741.00,5_1574,4283.80,385.00,617.75,308.00,2,340.07
17741.00,5_1811,4337.70,260.00,615.10,193.00,2,224.73
17742.00,5_1597,4291.90,371.00,617.75,297.00,2,334.70
17743.00,5_1586,4288.20,379.00,596.93,306.00,2,350.75
17743.00,5_1612,4292.40,367.00,617.75,292.00,2,335.03
17747.00,5_1644,4301.80,352.00,617.75,276.00,2,312.71
17749.00,5_1668,4305.60,343.00,617.75,268.00,2,305.67
17750.00,5_1846,4393.20,203.00,615.10,150.00,1,167.23
17751.00,5_1588,4290.60,384.00,596.93,306.00,2,344.42
17751.00,5_1670,4310.00,340.00,617.75,264.00,2,305.72
17752.00,5_1760,4327.00,297.00,596.93,227.00,4,262.90
17753.00,5_1681,4320.70,328.00,617.75,249.00,2,292.34
17754.00,5_1616,4292.20,377.00,596.93,302.00,2,342.95
17754.00,5_1691,4319.70,327.00,617.75,247.00,3,296.84
17754.00,5_1881,4397.70,192.00,615.10,145.00,1,159.94
17757.00,5_1791,4339.70,280.00,596.93,208.00,3,244.53
17758.00,5_1716,4325.20,318.00,617.75,237.00,4,281.55
17760.00,5_3587,3764.90,319.00,596.93,242.00,3,289.56
17762.00,5_3621,3913.70,162.00,615.10,102.00,1,130.55
17763.00,5_3400,3704.00,439.00,617.75,332.00,4,406.19
17764.00,5_3595,3773.50,312.00,596.93,230.00,2,277.70
17765.00,5_3618,3911.60,168.00,617.75,106.00,1,136.51
17765.00,5_3640,3917.00,156.00,615.10,100.00,1,120.95
17766.00,5_3596,3776.20,311.00,596.93,228.00,2,278.98
17767.00,5_3669,3918.30,148.00,615.10,97.00,1,117.50
17768.00,5_3619,3912.30,170.00,617.75,105.00,1,137.51
17769.00,5_3408,3708.60,438.00,617.75,329.00,4,410.98
17769.00,5_3604,3776.80,311.00,596.93,227.00,2,278.68
17770.00,5_3681,3925.70,140.00,615.10,89.00,1,101.79
17771.00,5_3617,3907.90,178.00,596.93,102.00,1,148.99
17771.00,5_3684,3928.80,137.00,615.10,86.00,1,103.43
17773.00,5_3628,3915.60,169.00,617.75,105.00,1,135.18
17773.00,5_3636,3915.20,167.00,596.93,101.00,1,138.56
17773.00,5_3690,3930.00,136.00,615.10,85.00,1,108.64
17774.00,5_3701,3934.70,129.00,615.10,80.00,1,98.46
17775.00,5_3660,3914.00,163.00,596.93,101.00,1,133.07
17776.00,5_3714,3942.80,119.00,615.10,70.00,1,86.53
17777.00,5_3666,3915.20,162.00,596.93,101.00,1,132.13
17778.00,5_3410,3710.00,445.00,617.75,329.00,4,407.20
17778.00,5_3717,3944.90,118.00,615.10,68.00,1,86.39
17779.00,5_3411,3711.70,444.00,617.75,327.00,3,411.06
17779.00,5_3718,3947.60,116.00,615.10,67.00,1,84.44
17780.00,5_3765,3948.50,102.00,615.10,55.00,1,74.59
17781.00,5_3447,3711.90,435.00,617.75,321.00,3,401.13
17781.00,5_3721,3949.70,115.00,615.10,66.00,1,85.27
17783.00,5_3453,3711.10,436.00,617.75,321.00,5,407.18
17783.00,5_3769,3953.30,99.00,615.10,49.00,1,66.63
17784.00,5_3677,3923.90,157.00,596.93,99.00,1,119.83
17785.00,5_3706,3936.20,137.00,596.93,82.00,1,107.03
17786.00,5_3469,3726.30,419.00,617.75,301.00,4,384.98
17786.00,5_3807,3965.90,78.00,615.10,27.00,1,45.16
17788.00,5_3711,3940.70,134.00,596.93,77.00,1,98.60
17789.00,5_3482,3729.40,415.00,617.75,297.00,5,381.32
17789.00,5_3828,3970.60,70.00,615.10,20.00,1,33.66
17790.00,5_3730,3950.00,121.00,596.93,65.00,1,91.98
17791.00,5_3741,3949.70,119.00,596.93,64.00,1,92.69
17793.00,5_3483,3730.10,418.00,617.75,295.00,2,380.19
17795.00,5_3489,3730.30,418.00,617.75,293.00,3,381.75
17796.00,5_3492,3732.40,416.00,617.75,293.00,3,385.15
17796.00,5_3766,3951.20,115.00,596.93,56.00,1,79.34
17797.00,5_3846,3984.20,59.00,615.10,9.00,1,22.05
17798.00,5_3502,3739.40,408.00,617.75,285.00,3,378.33
17798.00,5_3773,3955.10,111.00,596.93,51.00,1,78.79
17801.00,5_3504,3739.80,410.00,617.75,284.00,2,378.39
17801.00,5_3775,3957.50,111.00,596.93,50.00,1,76.41
17803.00,5_3778,3959.60,110.00,596.93,46.00,1,81.33
17804.00,5_3851,3986.70,62.00,615.10,11.00,1,29.89
17804.00,6_208,4.00,72.00,607.65,15.00,1,39.13
17806.00,5_3842,3979.40,74.00,617.75,13.00,1,43.28
17807.00,5_3797,3961.90,106.00,596.93,41.00,1,69.89
17809.00,5_3801,3963.70,105.00,596.93,41.00,1,70.27
17811.00,5_3524,3738.80,415.00,617.75,287.00,3,376.92
17811.00,5_3815,3967.50,99.00,596.93,34.00,1,66.09
17812.00,5_3859,3992.30,62.00,615.10,5.00,1,27.55
17813.00,5_3530,3738.00,416.00,617.75,282.00,2,382.86
17813.00,5_3826,3968.20,97.00,596.93,31.00,1,64.92
17814.00,5_3612,3891.40,239.00,617.75,109.00,2,208.27
17815.00,5_3866,3994.20,61.00,615.10,14.00,1,33.07
17816.00,5_3623,3916.10,213.00,617.75,99.00,1,178.28
17816.00,5_3830,3973.00,94.00,596.93,26.00,1,62.16
17817.00,5_3831,3975.70,92.00,596.93,24.00,1,61.95
17818.00,5_3848,3986.60,77.00,617.75,14.00,2,42.76
17819.00,5_3883,4002.10,52.00,615.10,4.00,1,22.43
17820.00,5_3893,4005.10,47.00,615.10,0.00,0,18.09
17822.00,5_3836,3977.20,94.00,596.93,23.00,1,59.35
17823.00,5_3861,3994.70,70.00,617.75,15.00,1,32.85
17825.00,5_3668,3917.60,207.00,617.75,100.00,2,172.42
17825.00,5_3845,3981.50,90.00,596.93,18.00,1,53.98
17830.00,5_3178,3727.60,549.00,617.75,464.00,4,517.48
17830.00,5_3321,3769.70,464.00,615.10,405.00,2,431.88
17831.00,5_3179,3728.30,549.00,617.75,460.00,3,518.54
17832.00,5_3295,3761.50,482.00,596.93,404.00,2,444.93
17833.00,5_3334,3773.80,459.00,615.10,401.00,2,424.33
17834.00,5_3345,3776.50,454.00,615.10,397.00,2,423.20
17835.00,5_3310,3764.00,478.00,596.93,403.00,2,440.38
17836.00,5_3348,3781.60,450.00,615.10,392.00,2,421.02
17837.00,5_3180,3730.00,553.00,617.75,459.00,3,516.44
17837.00,5_3349,3784.30,448.00,615.10,390.00,2,419.77
17838.00,5_3326,3771.20,469.00,596.93,403.00,2,430.97
17839.00,5_3343,3774.10,462.00,596.93,401.00,2,429.38
17839.00,5_3382,3791.40,433.00,615.10,374.00,3,401.60
17840.00,5_3192,3733.40,549.00,617.75,452.00,3,516.80
17842.00,5_3181,3731.70,556.00,617.75,456.00,3,513.60
17842.00,5_3390,3797.00,428.00,615.10,367.00,2,392.18
17843.00,5_3346,3779.20,460.00,596.93,396.00,2,423.22
17843.00,5_3393,3802.10,423.00,615.10,362.00,2,390.09
17844.00,5_3285,3761.50,497.00,617.75,404.00,2,466.19
17845.00,5_3239,3740.30,533.00,617.75,436.00,4,501.94
17846.00,5_3370,3786.00,449.00,615.10,383.00,3,410.81
17846.00,5_3373,3788.10,446.00,596.93,382.00,2,412.69
17846.00,5_3396,3808.20,419.00,615.10,355.00,2,381.87
17847.00,5_3254,3748.80,522.00,617.75,424.00,4,492.56
17847.00,5_3380,3789.00,444.00,596.93,380.00,2,415.59
17847.00,5_3402,3812.40,414.00,615.10,352.00,2,383.69
17849.00,5_3412,3814.40,411.00,615.10,348.00,2,379.52
17850.00,5_3384,3793.80,441.00,596.93,376.00,2,410.66
17850.00,5_3439,3819.30,399.00,605.00,336.00,2,364.01
17851.00,5_3261,3753.70,519.00,617.75,417.00,3,482.93
17852.00,5_3266,3753.20,519.00,617.75,415.00,3,489.38
17852.00,5_3445,3822.50,396.00,615.10,331.00,2,361.30
17854.00,5_3273,3758.10,514.00,617.75,411.00,3,483.22
17854.00,5_3462,3827.40,388.00,615.10,323.00,2,355.77
17855.00,5_3391,3799.70,438.00,596.93,366.00,2,402.65
17855.00,5_3479,3828.30,383.00,615.10,320.00,2,353.96
17857.00,5_3395,3805.50,433.00,596.93,363.00,2,399.30
17858.00,5_3397,3810.90,428.00,596.93,359.00,2,398.69
17858.00,5_3480,3831.00,383.00,615.10,318.00,2,346.57
17859.00,5_3487,3833.90,379.00,615.10,315.00,2,345.61
17860.00,5_3328,3773.60,488.00,617.75,400.00,2,451.12
17861.00,5_3358,3784.60,469.00,617.75,396.00,2,433.68
17861.00,5_3436,3814.20,416.00,596.93,346.00,2,384.78
17861.00,5_3505,3839.50,370.00,615.10,305.00,2,338.63
17863.00,5_3362,3785.40,469.00,617.75,395.00,2,436.69
17863.00,5_3514,3845.80,363.00,615.10,297.00,2,327.21
17864.00,5_3387,3795.90,452.00,617.75,381.00,2,421.67
17864.00,5_3528,3854.60,351.00,615.10,285.00,2,319.43
17864.00,5_3544,3858.80,342.00,615.10,278.00,2,315.79
17865.00,5_3438,3816.60,417.00,596.93,343.00,3,382.45
17866.00,5_3533,3859.10,347.00,615.10,282.00,4,316.57
17867.00,5_3581,3851.70,341.00,615.10,275.00,2,312.12
17869.00,5_3459,3825.30,406.00,596.93,332.00,2,373.53
17870.00,5_3404,3814.80,434.00,617.75,357.00,2,395.97
17870.00,5_3451,3823.70,411.00,615.10,334.00,2,370.80
17871.00,5_3413,3817.10,430.00,617.75,352.00,2,399.05
17873.00,5_3463,3830.10,404.00,596.93,325.00,2,367.95
17873.00,5_3589,3856.30,340.00,615.10,270.00,2,301.36
17874.00,5_3432,3813.40,431.00,617.75,350.00,2,395.12
17874.00,5_3494,3836.80,389.00,596.93,311.00,2,358.72
17875.00,5_3592,3858.40,339.00,615.10,269.00,2,309.85
17876.00,5_3440,3822.00,422.00,617.75,342.00,2,388.89
17876.00,5_3651,3871.70,309.00,615.10,240.00,3,273.20
17877.00,5_3500,3838.00,389.00,615.10,309.00,2,356.55
17878.00,5_3454,3825.80,416.00,617.75,336.00,2,382.48
17878.00,5_3509,3841.30,384.00,615.10,305.00,2,348.20
17880.00,5_3481,3833.70,402.00,617.75,322.00,3,368.05
17881.00,5_3665,3977.50,204.00,605.00,148.00,1,168.27
17882.00,5_3493,3835.10,399.00,617.75,321.00,2,367.34
17883.00,5_3658,3971.60,214.00,615.10,147.00,1,187.07
17884.00,5_3526,3854.20,372.00,617.75,292.00,3,339.67
17885.00,5_3512,3843.40,388.00,596.93,300.00,2,345.31
17885.00,5_3683,3988.10,192.00,615.10,137.00,1,160.78
17886.00,5_3515,3848.50,383.00,596.93,298.00,2,345.15
17886.00,5_3570,3854.00,361.00,617.75,279.00,2,328.36
17886.00,5_3687,3991.90,188.00,615.10,137.00,1,157.25
17887.00,5_3655,3876.50,314.00,596.93,240.00,3,278.25
17888.00,5_3695,3995.50,184.00,615.10,132.00,1,152.25
17889.00,5_3520,3850.00,383.00,596.93,297.00,2,350.49
17891.00,5_3521,3852.70,382.00,586.83,295.00,3,349.80
17891.00,5_3585,3853.50,362.00,617.75,275.00,2,326.26
17893.00,5_3529,3857.30,377.00,596.93,290.00,3,346.67
17893.00,5_3603,3861.10,351.00,617.75,266.00,3,318.11
17894.00,5_3610,3860.00,351.00,617.75,263.00,2,321.86
17898.00,5_3632,3860.40,348.00,617.75,261.00,2,313.58
17898.00,5_3663,3975.10,224.00,596.93,142.00,2,187.15
17898.00,5_3727,4122.90,57.00,615.10,0.00,0,25.89
17900.00,5_3652,3872.40,332.00,617.75,243.00,3,301.90
17901.00,5_3586,3854.20,371.00,596.93,276.00,3,334.20
17901.00,5_3729,4127.30,55.00,615.10,0.00,0,21.43
17902.00,5_3654,3874.80,331.00,617.75,239.00,2,297.67
17902.00,5_3659,3973.30,231.00,615.10,148.00,1,200.10
17903.00,5_3679,3985.30,214.00,596.93,140.00,2,186.90
17903.00,5_3738,4128.60,53.00,615.10,0.00,0,24.77
17907.00,5_3641,3861.70,353.00,596.93,257.00,3,314.33
17909.00,5_4621,3640.70,282.00,617.75,213.00,2,252.39
17909.00,5_4689,3676.30,226.00,615.10,181.00,1,198.24
17910.00,5_4634,3647.80,272.00,596.93,205.00,2,237.57
17912.00,5_4694,3679.80,224.00,615.10,178.00,1,194.02
17913.00,5_4655,3660.50,256.00,596.93,186.00,2,222.17
17916.00,5_4635,3650.50,275.00,617.75,200.00,2,237.96
17916.00,5_4747,3684.90,207.00,615.10,157.00,1,170.24
17917.00,5_4663,3666.10,252.00,596.93,183.00,1,214.31
17918.00,5_4752,3691.40,201.00,615.10,151.00,1,166.97
17919.00,5_4638,3650.60,277.00,617.75,198.00,2,238.75
17919.00,5_4682,3675.40,239.00,596.93,183.00,1,208.87
17919.00,5_4754,3696.80,196.00,615.10,148.00,1,165.53
17920.00,5_4642,3655.40,272.00,617.75,195.00,2,235.57
17920.00,5_4704,3683.80,225.00,596.93,175.00,1,193.06
17921.00,5_4763,3703.10,189.00,615.10,133.00,1,155.43
17922.00,5_4643,3656.10,273.00,617.75,193.00,2,239.25
17923.00,5_4772,3708.40,183.00,615.10,132.00,1,148.80
17924.00,5_4648,3659.60,270.00,617.75,191.00,2,236.96
17924.00,5_4715,3683.50,226.00,596.93,172.00,1,190.78
17924.00,5_4779,3709.30,181.00,615.10,132.00,1,145.31
17925.00,5_4784,3710.80,179.00,615.10,130.00,1,148.56
17926.00,5_4652,3659.40,271.00,617.75,191.00,2,239.95
17926.00,5_4737,3681.90,223.00,596.93,171.00,1,194.37
17927.00,5_4662,3664.40,264.00,617.75,184.00,2,234.42
17928.00,5_4818,3715.60,167.00,615.10,116.00,1,129.59
17929.00,5_4823,3717.10,165.00,615.10,115.00,1,135.04
17930.00,5_4740,3684.00,224.00,596.93,167.00,1,187.78
17931.00,5_4844,3720.80,157.00,615.10,107.00,1,122.66
17932.00,5_4669,3667.30,264.00,617.75,181.00,2,231.19
17932.00,5_4749,3687.30,220.00,596.93,164.00,1,187.82
17932.00,5_4855,3723.50,152.00,615.10,101.00,1,120.53
17933.00,5_4753,3694.10,213.00,596.93,156.00,1,182.19
17934.00,5_4869,3732.30,141.00,615.10,90.00,1,106.64
17935.00,5_4670,3668.00,266.00,617.75,179.00,1,233.29
17937.00,5_4676,3675.20,259.00,617.75,179.00,1,225.18
17937.00,5_4760,3698.00,211.00,596.93,153.00,1,176.65
17939.00,5_4693,3678.10,253.00,617.75,179.00,1,220.08
17940.00,5_4891,3729.70,143.00,615.10,87.00,1,100.77
17941.00,5_4789,3714.30,190.00,596.93,131.00,1,159.47
17941.00,5_4904,3729.80,140.00,615.10,86.00,1,108.40
17942.00,5_4700,3681.00,251.00,617.75,180.00,1,217.60
17943.00,5_4942,3734.40,126.00,615.10,71.00,1,88.24
17944.00,5_4701,3682.70,251.00,617.75,179.00,1,219.20
17944.00,5_4793,3716.10,190.00,596.93,129.00,1,161.38
17945.00,5_4953,3736.10,123.00,615.10,68.00,1,88.59
17946.00,5_4723,3684.10,245.00,617.75,178.00,1,213.16
17946.00,5_4761,3700.70,217.00,596.93,147.00,1,171.17
17946.00,5_4978,3739.60,113.00,615.10,58.00,1,82.39
17948.00,5_4981,3742.70,111.00,615.10,56.00,1,78.25
17949.00,5_4814,3713.80,191.00,596.93,125.00,1,155.48
17949.00,5_4982,3745.40,109.00,615.10,55.00,1,76.79
17950.00,5_4751,3689.70,235.00,617.75,172.00,1,201.10
17950.00,5_4834,3719.80,180.00,596.93,118.00,1,149.58
17952.00,5_4847,3722.90,175.00,596.93,112.00,1,145.67
17952.00,5_5003,3747.10,104.00,615.10,54.00,1,74.23
17954.00,5_4764,3705.80,219.00,617.75,152.00,1,180.50
17956.00,5_4766,3708.20,218.00,617.75,151.00,1,180.91
17958.00,5_1618,4294.60,578.00,596.93,499.00,3,547.02
17960.00,5_1751,4328.70,506.00,617.75,417.00,4,474.93
17961.00,5_1707,4316.90,532.00,617.75,446.00,4,502.00
17961.00,5_1894,4396.80,396.00,615.10,332.00,2,361.01
17962.00,5_1624,4298.80,576.00,596.93,495.00,3,543.21
17963.00,5_1900,4403.00,390.00,615.10,332.00,2,359.21
17964.00,5_1861,4395.70,410.00,596.93,350.00,2,378.06
17964.00,5_1906,4409.20,383.00,615.10,324.00,2,350.39
17965.00,5_1708,4319.60,533.00,617.75,444.00,5,499.87
17966.00,5_1726,4326.20,522.00,617.75,430.00,5,492.60
17966.00,5_1913,4410.10,382.00,615.10,324.00,2,355.10
17967.00,5_1946,4412.20,371.00,615.10,311.00,2,340.01
17969.00,5_1659,4299.30,572.00,596.93,487.00,3,535.49
17969.00,5_1784,4334.80,499.00,617.75,402.00,5,468.02
17969.00,5_1965,4418.50,361.00,615.10,299.00,2,329.52
17970.00,5_1660,4302.00,570.00,596.93,485.00,3,536.32
17972.00,5_1664,4303.80,569.00,596.93,479.00,3,537.07
17973.00,5_1674,4313.80,557.00,596.93,467.00,4,529.47
17973.00,5_1815,4386.50,442.00,617.75,352.00,3,408.65
17973.00,5_1969,4421.30,361.00,615.10,297.00,2,323.12
17974.00,5_1831,4386.70,438.00,617.75,350.00,2,406.27
17974.00,5_1971,4423.70,359.00,615.10,292.00,2,324.74
17975.00,5_1972,4426.40,357.00,615.10,291.00,2,322.12
17976.00,5_1679,4318.30,554.00,596.93,461.00,5,522.97
17976.00,5_1837,4385.90,439.00,617.75,350.00,2,411.08
17977.00,5_1973,4429.10,356.00,615.10,292.00,2,328.03
17978.00,5_1669,4307.30,570.00,596.93,478.00,5,540.04
17978.00,5_1976,4431.20,354.00,615.10,289.00,2,322.00
17983.00,5_1844,4391.80,438.00,617.75,349.00,2,397.49
17985.00,5_3853,3989.10,240.00,617.75,168.00,2,209.65
17986.00,5_3868,3996.60,229.00,596.93,157.00,1,195.85
17988.00,5_3856,3989.20,242.00,617.75,169.00,2,209.71
17988.00,5_3874,3997.80,228.00,596.93,156.00,1,197.40
17988.00,5_3892,4002.40,218.00,615.10,155.00,1,181.80
17989.00,5_3881,3999.70,225.00,596.93,156.00,1,194.49
17990.00,5_3925,4011.50,201.00,615.10,150.00,1,170.86
17991.00,5_3934,4012.80,198.00,615.10,150.00,1,166.52
17993.00,5_3857,3991.90,244.00,617.75,167.00,2,207.98
17994.00,5_3670,3921.00,372.00,617.75,261.00,3,342.06
17995.00,5_3905,4007.50,216.00,596.93,154.00,1,185.86
17997.00,5_3819,3969.30,282.00,617.75,210.00,3,250.39
17997.00,5_3938,4015.60,200.00,615.10,150.00,1,163.75
17998.00,5_3904,4004.80,222.00,596.93,155.00,1,180.26
17998.00,5_3941,4017.70,198.00,615.10,149.00,1,164.75
18000.00,5_3906,4010.20,218.00,596.93,154.00,1,183.02
18000.00,5_3966,4019.20,191.00,615.10,142.00,1,155.16
18001.00,5_3877,3999.90,238.00,617.75,167.00,2,201.98
18006.00,5_3742,4129.40,154.00,615.10,97.00,1,121.32
18007.00,5_3672,3983.40,322.00,617.75,244.00,3,289.71
18008.00,5_3597,3859.90,469.00,615.10,367.00,4,432.54
18008.00,5_3753,4133.10,149.00,615.10,94.00,1,115.45
18010.00,5_3622,3857.40,466.00,596.93,364.00,4,429.53
18010.00,5_3676,3983.20,324.00,617.75,242.00,2,292.53
18010.00,5_3736,4127.20,162.00,615.10,94.00,1,131.08
18011.00,5_3629,3858.30,464.00,596.93,359.00,6,432.47
18012.00,5_3786,4139.20,137.00,615.10,90.00,1,101.59
18013.00,5_3686,3990.20,317.00,617.75,236.00,2,283.55
18014.00,5_3715,4120.50,179.00,615.10,95.00,2,147.49
18014.00,5_3791,4140.70,136.00,615.10,86.00,1,103.74
18015.00,5_3794,4142.80,134.00,615.10,82.00,1,101.40
18016.00,5_3728,4123.60,174.00,617.75,92.00,1,146.81
18017.00,5_3746,4131.20,162.00,596.93,94.00,1,122.59
18017.00,5_3808,4144.60,130.00,615.10,78.00,1,99.07
18018.00,5_3811,4149.70,125.00,615.10,74.00,2,93.86
18019.00,5_3639,3859.30,468.00,596.93,358.00,5,431.60
18020.00,5_3644,3866.80,460.00,596.93,347.00,6,429.45
18020.00,5_3821,4155.70,118.00,615.10,66.00,1,83.75
18021.00,5_3755,4134.50,160.00,617.75,92.00,1,124.29
18022.00,5_3643,3864.10,465.00,596.93,350.00,7,437.91
18023.00,5_3844,4160.80,109.00,615.10,56.00,1,73.44
18024.00,5_3647,3869.90,460.00,596.93,339.00,5,429.05
18024.00,5_3854,4160.80,107.00,615.10,53.00,2,72.26
18025.00,5_3784,4137.80,152.00,617.75,92.00,1,113.40
18025.00,5_3817,4153.90,126.00,615.10,73.00,1,94.40
18026.00,5_3839,4156.30,118.00,615.10,64.00,1,86.38
18026.00,5_3873,4172.10,92.00,615.10,42.00,1,61.36
18027.00,5_3799,4144.30,143.00,617.75,87.00,1,105.79
18027.00,5_3880,4176.00,87.00,615.10,37.00,1,53.62
18030.00,5_3657,3966.90,366.00,586.83,243.00,4,326.68
18030.00,5_3840,4159.00,119.00,617.75,64.00,1,86.41
18030.00,5_3876,4174.20,93.00,615.10,36.00,2,57.71
18031.00,5_3703,3994.10,326.00,596.93,220.00,3,298.57
18031.00,5_3860,4165.00,108.00,615.10,53.00,1,77.33
18031.00,5_3895,4179.50,83.00,615.10,32.00,1,52.61
18032.00,5_3871,4167.70,103.00,607.65,51.00,1,75.16
18033.00,5_3667,3978.90,354.00,596.93,233.00,3,316.01
18033.00,5_3922,4183.40,73.00,615.10,22.00,1,41.56
18034.00,5_3943,4192.10,59.00,615.10,9.00,1,28.52
18037.00,5_3694,3992.80,336.00,596.93,225.00,4,301.10
18037.00,5_3872,4170.40,105.00,617.75,49.00,1,72.68
18037.00,5_3885,4177.50,94.00,615.10,39.00,1,61.50
18038.00,5_3726,4120.20,200.00,596.93,94.00,2,168.31
18039.00,5_3890,4179.00,93.00,617.75,37.00,1,62.41
18041.00,5_3747,4131.90,185.00,596.93,90.00,1,151.46
18042.00,5_3898,4181.60,91.00,617.75,33.00,1,58.82
18043.00,5_3759,4136.30,179.00,596.93,89.00,1,147.31
18044.00,5_3762,4138.40,177.00,596.93,89.00,1,147.84
18045.00,5_3967,4208.90,46.00,615.10,0.00,0,5.51
18046.00,5_3767,4139.90,176.00,596.93,88.00,1,150.88
18046.00,5_3968,4211.60,44.00,615.10,0.00,0,12.38
18047.00,5_3900,4183.00,94.00,617.75,32.00,1,57.96
18048.00,5_3908,4182.60,93.00,617.75,31.00,1,60.62
18049.00,5_3809,4147.30,159.00,596.93,88.00,1,129.39
18050.00,5_3974,4212.80,45.00,615.10,0.00,0,4.90
18052.00,5_3814,4151.80,156.00,596.93,88.00,1,124.43
18052.00,5_3910,4183.00,96.00,617.75,31.00,1,59.94
18053.00,5_3917,4182.90,95.00,617.75,31.00,1,62.44
18053.00,5_3980,4216.00,43.00,615.10,0.00,0,6.51
18055.00,5_3832,4155.40,150.00,596.93,83.00,1,118.13
18055.00,5_3945,4194.50,77.00,617.75,15.00,1,44.79
18056.00,5_3855,4163.50,136.00,596.93,70.00,1,110.00
18059.00,5_3948,4198.60,76.00,617.75,11.00,1,39.72
18059.00,5_3983,4218.10,46.00,615.10,0.00,0,5.57
18060.00,5_3869,4165.30,134.00,596.93,66.00,1,102.05
18061.00,5_3924,4185.80,98.00,596.93,31.00,1,70.46
18061.00,5_3950,4200.00,76.00,617.75,10.00,1,44.53
18062.00,5_3951,4201.70,75.00,617.75,8.00,1,44.65
18063.00,5_3929,4187.30,97.00,596.93,29.00,1,69.52
18063.00,5_3992,4222.40,43.00,615.10,0.00,0,7.28
18067.00,5_3933,4189.10,98.00,596.93,28.00,1,66.00
18067.00,5_4005,4228.50,37.00,615.10,0.00,0,7.78
18069.00,5_3939,4190.30,97.00,596.93,27.00,1,67.02
18069.00,5_3955,4202.50,80.00,617.75,8.00,1,39.53
18071.00,5_3956,4204.20,80.00,617.75,8.00,1,43.47
18072.00,5_3947,4195.90,92.00,596.93,20.00,1,59.11
18072.00,5_3976,4215.20,64.00,617.75,0.00,0,31.67
18074.00,5_3962,4204.40,81.00,596.93,10.00,1,53.19
18074.00,5_3985,4220.50,58.00,617.75,0.00,0,25.55
18076.00,5_3988,4221.60,58.00,617.75,0.00,0,24.01
18078.00,5_3965,4206.50,82.00,596.93,7.00,1,48.01
18082.00,5_4858,3726.60,298.00,596.93,231.00,2,266.19
18084.00,5_4860,3729.00,297.00,596.93,230.00,2,266.84
18085.00,5_4786,3713.20,336.00,617.75,266.00,2,301.57
18086.00,5_4862,3731.40,296.00,596.93,226.00,2,269.72
18087.00,5_4930,3731.00,277.00,596.93,211.00,2,250.08
18088.00,5_5013,3753.10,231.00,617.75,168.00,3,194.67
18090.00,5_4801,3716.70,333.00,617.75,261.00,2,302.93
18091.00,5_5018,3752.60,233.00,617.75,163.00,5,200.78
18092.00,5_4939,3732.30,278.00,596.93,204.00,2,243.84
18095.00,5_4826,3719.20,328.00,617.75,253.00,4,292.37
18095.00,5_4964,3737.80,268.00,596.93,193.00,2,235.24
18097.00,5_4829,3719.30,329.00,617.75,253.00,4,302.64
18097.00,5_4996,3745.20,253.00,596.93,179.00,2,221.98
18099.00,5_5012,3750.40,245.00,596.93,169.00,2,213.42
18103.00,5_5020,3754.00,243.00,596.93,164.00,2,209.90
18103.00,5_5028,3761.60,233.00,615.10,159.00,3,200.16
18104.00,5_5021,3756.70,241.00,617.75,168.00,3,205.11
18105.00,5_5022,3757.40,241.00,596.93,162.00,2,209.73
18106.00,5_5026,3759.20,239.00,596.93,160.00,2,210.35
18106.00,5_5033,3766.10,230.00,617.75,151.00,3,195.68
18106.00,5_5065,3765.50,221.00,615.10,142.00,4,185.60
18107.00,5_5001,3746.70,260.00,617.75,179.00,7,228.54
18109.00,5_5081,3767.70,217.00,617.75,135.00,3,184.93
18110.00,5_5029,3764.30,237.00,596.93,155.00,2,204.72
18111.00,5_5080,3767.00,220.00,617.75,138.00,4,191.42
18112.00,5_5042,3766.40,233.00,596.93,150.00,2,202.22
18115.00,5_5089,3772.30,216.00,615.10,133.00,2,185.24
18116.00,5_4989,3746.30,273.00,617.75,178.00,5,237.32
18117.00,5_5047,3767.90,235.00,596.93,148.00,2,199.25
18117.00,5_5090,3775.00,215.00,615.10,133.00,3,186.55
18119.00,5_5004,3749.80,268.00,617.75,176.00,6,231.29
18121.00,5_5074,3765.80,233.00,596.93,143.00,2,194.67
18121.00,5_5083,3770.10,226.00,617.75,143.00,4,192.40
18122.00,5_5034,3766.80,245.00,617.75,169.00,5,212.39
18122.00,5_5091,3776.70,218.00,596.93,133.00,2,184.52
18124.00,5_5005,3750.50,272.00,617.75,180.00,6,242.28
18124.00,5_5104,3783.80,209.00,596.93,125.00,2,180.77
18127.00,5_5103,3781.10,215.00,615.10,146.00,2,182.70
18128.00,5_4840,3721.00,355.00,617.75,265.00,7,317.98
18129.00,5_5110,3794.00,202.00,596.93,117.00,2,165.02
18130.00,5_5086,3770.20,234.00,617.75,158.00,4,208.15
18130.00,5_5092,3780.40,222.00,615.10,144.00,2,187.66
18130.00,5_5112,3801.40,195.00,596.93,116.00,1,164.61
18134.00,5_5114,3803.80,196.00,596.93,117.00,1,159.47
18135.00,5_5096,3782.20,224.00,617.75,145.00,3,184.36
18136.00,5_4856,3726.20,353.00,617.75,270.00,8,317.93
18137.00,5_5130,3810.00,188.00,596.93,116.00,2,158.53
18138.00,5_5122,3809.40,192.00,596.93,117.00,1,153.01
18139.00,5_4886,3730.20,343.00,617.75,256.00,9,304.24
18139.00,5_5115,3806.50,198.00,615.10,135.00,1,167.08
18140.00,5_5136,3817.20,182.00,596.93,115.00,2,149.23
18141.00,5_4902,3729.40,341.00,617.75,249.00,7,309.07
18142.00,5_4911,3730.70,338.00,617.75,248.00,6,308.73
18143.00,5_5131,3812.70,191.00,615.10,135.00,1,156.10
18143.00,5_5156,3820.20,176.00,586.83,109.00,1,141.11
18145.00,5_4961,3737.70,319.00,617.75,233.00,4,284.79
18145.00,5_5135,3814.50,190.00,615.10,134.00,1,160.16
18146.00,5_5152,3818.40,182.00,615.10,132.00,1,152.53
18146.00,5_5163,3821.10,176.00,596.93,107.00,1,141.76
18147.00,5_4980,3742.00,311.00,617.75,234.00,4,276.70
18147.00,5_5168,3822.60,174.00,596.93,106.00,1,143.78
18147.00,5_5169,3825.30,171.00,605.00,121.00,1,138.97
18149.00,5_5188,3840.60,152.00,615.10,103.00,1,125.07
18151.00,5_5200,3840.00,151.00,615.10,101.00,1,116.81
18152.00,5_5172,3828.40,172.00,596.93,101.00,1,135.95
18153.00,5_5203,3842.10,150.00,615.10,98.00,1,122.53
18154.00,5_5206,3844.20,148.00,615.10,96.00,1,121.47
18155.00,5_4913,3731.10,350.00,617.75,252.00,7,306.96
18156.00,5_4918,3731.60,349.00,617.75,246.00,7,308.31
18156.00,5_5185,3837.50,163.00,596.93,84.00,2,133.66
18156.00,5_5277,3905.90,67.00,615.10,1.00,1,35.78
18157.00,5_4927,3730.90,348.00,617.75,243.00,6,310.28
18158.00,5_5221,3852.70,139.00,615.10,86.00,1,108.87
18161.00,5_4945,3736.50,341.00,617.75,234.00,4,309.25
18161.00,5_5214,3848.80,148.00,596.93,72.00,2,116.11
18162.00,5_5174,3830.80,179.00,596.93,99.00,1,131.51
18163.00,5_4936,3732.20,350.00,617.75,242.00,5,304.14
18163.00,5_5257,3854.90,131.00,596.93,50.00,2,100.64
18164.00,5_4949,3736.30,343.00,617.75,234.00,4,315.59
18164.00,5_5223,3854.10,143.00,615.10,86.00,2,112.25
18165.00,5_5267,3858.90,126.00,596.93,43.00,2,94.07
18166.00,5_5233,3855.10,141.00,615.10,82.00,1,110.09
18167.00,5_5287,3906.90,74.00,596.93,0.00,0,43.60
18168.00,5_4971,3738.70,338.00,617.75,234.00,5,308.36
18169.00,5_4960,3737.00,344.00,617.75,233.00,5,303.98
18169.00,5_5289,3909.30,73.00,596.93,0.00,0,42.68
18171.00,5_5281,3907.70,79.00,615.10,18.00,2,45.63
18173.00,5_4976,3738.20,342.00,617.75,235.00,6,304.52
18174.00,5_5272,3861.40,131.00,596.93,54.00,2,97.19
18174.00,5_5311,3912.70,68.00,617.75,1.00,1,33.89
18175.00,5_5320,3914.00,65.00,596.93,0.00,0,37.34
18176.00,5_5332,3917.40,59.00,615.10,0.00,0,29.00
18178.00,5_5119,3808.30,234.00,617.75,136.00,2,195.16
18179.00,5_5317,3913.90,70.00,615.10,9.00,2,35.05
18180.00,5_5270,3861.00,138.00,615.10,71.00,1,108.84
18180.00,5_5334,3919.80,60.00,615.10,0.00,0,27.38
18182.00,5_5309,3911.30,78.00,617.75,14.00,3,46.13
18182.00,5_5329,3915.30,68.00,617.75,0.00,0,25.97
18187.00,5_1678,4315.60,768.00,596.93,663.00,5,736.27
18187.00,5_1862,4396.40,632.00,617.75,550.00,3,599.31
18187.00,5_1984,4437.80,554.00,615.10,482.00,3,522.25
18188.00,5_1720,4325.00,747.00,596.93,645.00,6,717.34
18189.00,5_1992,4439.40,552.00,615.10,480.00,3,518.85
18192.00,5_1737,4323.90,747.00,596.93,638.00,7,714.06
18192.00,5_1994,4441.80,552.00,615.10,479.00,3,516.47
18193.00,5_1899,4401.30,622.00,617.75,538.00,3,581.46
18193.00,5_2008,4448.60,542.00,615.10,468.00,3,510.85
18195.00,5_1901,4405.70,619.00,617.75,536.00,3,584.54
18195.00,5_2029,4455.30,531.00,615.10,457.00,3,498.65
18196.00,5_1905,4406.50,618.00,617.75,534.00,3,581.60
18196.00,5_2042,4532.40,451.00,615.10,381.00,3,420.76
18197.00,5_1739,4326.30,749.00,596.93,635.00,6,712.12
18198.00,5_1918,4414.60,608.00,617.75,524.00,3,575.95
18198.00,5_2064,4543.80,435.00,615.10,376.00,2,405.82
18199.00,5_1789,4337.30,725.00,596.93,611.00,6,691.62
18199.00,5_1931,4411.70,608.00,617.75,520.00,3,579.59
18200.00,5_2097,4551.90,419.00,615.10,361.00,2,387.46
18202.00,5_1812,4340.40,718.00,596.93,600.00,5,681.11
18202.00,5_2105,4552.50,418.00,615.10,358.00,2,383.30
18203.00,5_1936,4412.20,610.00,617.75,517.00,3,574.86
18203.00,5_2118,4555.60,412.00,615.10,353.00,2,382.59
18204.00,5_1821,4386.70,671.00,596.93,555.00,5,638.48
18208.00,5_1949,4417.30,606.00,617.75,512.00,3,565.12
18209.00,5_3673,3921.10,586.00,617.75,465.00,5,556.06
18209.00,5_3919,4010.30,423.00,596.93,358.00,2,390.75
18212.00,5_3970,4024.00,397.00,605.00,343.00,2,360.96
18213.00,5_3675,3922.50,588.00,617.75,466.00,5,555.98
18214.00,5_3942,4020.40,411.00,596.93,353.00,2,374.31
18214.00,5_3973,4029.10,393.00,615.10,335.00,2,363.75
18215.00,5_3958,4018.60,409.00,586.83,349.00,2,376.30
18215.00,5_3993,4034.10,383.00,615.10,324.00,2,351.71
18216.00,5_3682,3928.40,583.00,617.75,463.00,5,549.40
18217.00,5_4002,4036.40,380.00,615.10,323.00,2,347.61
18219.00,5_3693,3933.10,578.00,617.75,459.00,5,547.83
18219.00,5_4003,4039.10,379.00,615.10,321.00,2,345.59
18220.00,5_3969,4021.30,408.00,596.93,345.00,2,370.87
18221.00,5_3692,3932.40,581.00,617.75,465.00,5,540.94
18221.00,5_4011,4039.70,378.00,615.10,319.00,2,343.41
18222.00,5_3971,4026.70,404.00,596.93,338.00,2,369.71
18223.00,5_4012,4042.40,377.00,615.10,316.00,2,345.29
18224.00,5_3700,3933.00,581.00,617.75,456.00,5,546.64
18224.00,5_4015,4044.50,375.00,615.10,313.00,2,344.87
18225.00,5_3796,3959.20,527.00,617.75,428.00,4,492.72
18225.00,5_3977,4032.90,399.00,596.93,332.00,2,362.40
18226.00,5_4051,4052.70,358.00,615.10,298.00,2,325.29
18227.00,5_3708,3938.60,576.00,617.75,456.00,5,547.08
18227.00,5_3990,4032.00,398.00,596.93,330.00,2,365.41
18228.00,5_4059,4057.30,353.00,615.10,292.00,2,318.40
18230.00,5_3841,3978.70,499.00,617.75,405.00,5,466.84
18230.00,5_4078,4059.60,347.00,615.10,284.00,2,312.76
18231.00,5_4079,4062.30,345.00,615.10,281.00,2,316.30
18232.00,5_4022,4045.40,380.00,596.93,308.00,2,340.98
18233.00,5_4030,4046.00,378.00,596.93,306.00,2,345.10
18233.00,5_4102,4062.40,340.00,615.10,275.00,2,308.67
18234.00,5_3710,3939.00,582.00,617.75,460.00,6,545.77
18234.00,5_4149,4061.30,328.00,615.10,266.00,2,295.64
18235.00,5_4036,4047.20,377.00,596.93,305.00,2,344.97
18236.00,5_3751,3949.70,561.00,617.75,450.00,6,532.53
18236.00,5_4050,4050.00,371.00,596.93,299.00,2,343.43
18236.00,5_4162,4066.40,321.00,615.10,256.00,2,290.20
18237.00,5_3764,3946.80,561.00,617.75,445.00,6,532.07
18240.00,5_3779,3962.30,544.00,617.75,428.00,5,513.41
18240.00,5_4056,4055.20,368.00,596.93,292.00,2,332.76
18240.00,5_4168,4070.60,319.00,615.10,253.00,2,281.10
18241.00,5_4170,4074.00,316.00,615.10,247.00,2,286.19
18242.00,5_4067,4057.90,364.00,596.93,287.00,2,337.13
18243.00,5_4174,4075.80,315.00,615.10,246.00,2,284.26
18244.00,5_4080,4065.00,355.00,615.10,279.00,2,323.78
18244.00,5_4205,4085.50,297.00,615.10,232.00,2,268.52
18245.00,5_4113,4062.10,349.00,596.93,274.00,2,319.98
18246.00,5_3790,3960.00,549.00,617.75,427.00,5,511.38
18248.00,5_3803,3966.10,541.00,617.75,415.00,5,510.17
18248.00,5_4115,4064.50,349.00,596.93,270.00,3,317.69
18249.00,5_4213,4093.10,292.00,615.10,224.00,2,260.70
18250.00,5_3913,4011.10,465.00,617.75,349.00,3,433.65
18250.00,5_4134,4061.80,348.00,596.93,270.00,2,317.34
18251.00,5_4216,4098.20,288.00,615.10,222.00,2,256.33
18252.00,5_3813,3967.10,541.00,617.75,411.00,4,500.69
18252.00,5_4217,4100.90,286.00,615.10,219.00,2,255.87
18254.00,5_3932,4012.40,462.00,617.75,348.00,3,427.92
18254.00,5_4157,4061.90,345.00,596.93,265.00,2,310.91
18256.00,5_3936,4015.20,460.00,617.75,347.00,3,427.01
18256.00,5_4159,4064.30,344.00,596.93,264.00,2,312.29
18258.00,5_4177,4077.90,327.00,596.93,244.00,2,296.45
18258.00,5_4202,4083.40,314.00,617.75,233.00,2,282.70
18261.00,5_4218,4103.60,292.00,617.75,219.00,2,257.51
18265.00,5_3996,4224.20,242.00,596.93,183.00,1,210.77
18265.00,5_4033,4232.10,223.00,615.10,180.00,1,192.40
18266.00,5_3999,4226.30,240.00,617.75,185.00,1,208.82
18266.00,5_4044,4238.80,214.00,615.10,168.00,1,186.20
18267.00,5_4024,4231.80,228.00,596.93,182.00,1,198.11
18268.00,5_4052,4244.40,208.00,615.10,162.00,1,179.23
18270.00,5_4001,4227.70,242.00,617.75,183.00,1,206.54
18270.00,5_4042,4236.40,221.00,596.93,176.00,1,190.48
18273.00,5_4006,4231.20,240.00,617.75,183.00,1,202.90
18276.00,5_5356,3928.20,141.00,615.10,90.00,1,112.03
18278.00,5_5138,3819.60,317.00,617.75,228.00,3,282.87
18278.00,5_5274,3903.80,192.00,615.10,107.00,3,165.46
18280.00,5_5212,3846.40,270.00,596.93,196.00,3,230.04
18281.00,5_5264,3856.80,245.00,596.93,162.00,3,213.02
18283.00,5_5149,3817.30,321.00,617.75,228.00,3,282.96
18283.00,5_5178,3833.60,296.00,596.93,211.00,3,264.18
18284.00,5_5382,3929.40,140.00,615.10,81.00,2,104.80
18285.00,5_5291,3911.70,186.00,617.75,109.00,4,153.05
18286.00,5_5390,3930.00,139.00,615.10,80.00,1,102.12
18287.00,5_5253,3855.10,256.00,617.75,174.00,3,219.91
18288.00,5_5216,3851.20,272.00,596.93,181.00,4,233.52
18288.00,5_5337,3921.90,165.00,615.10,89.00,1,134.06
18288.00,5_5374,3926.80,149.00,617.75,93.00,3,117.24
18288.00,5_5403,3934.10,133.00,615.10,79.00,1,98.58
18289.00,5_5437,3939.90,118.00,615.10,69.00,1,87.39
18291.00,5_5171,3827.70,312.00,617.75,222.00,5,278.04
18291.00,5_5342,3923.40,165.00,596.93,88.00,1,130.94
18291.00,5_5438,3942.60,117.00,615.10,69.00,1,87.02
18292.00,5_5347,3924.90,163.00,596.93,87.00,1,134.29
18294.00,5_5440,3945.00,117.00,615.10,65.00,1,78.10
18295.00,5_5302,3910.40,194.00,617.75,104.00,6,156.25
18295.00,5_5355,3925.50,163.00,596.93,87.00,1,131.80
18295.00,5_5442,3947.40,115.00,615.10,63.00,1,79.21
18296.00,5_5451,3947.70,113.00,615.10,62.00,1,84.49
18298.00,5_5176,3833.20,312.00,617.75,210.00,6,273.69
18298.00,5_5377,3927.90,157.00,596.93,86.00,1,123.46
18298.00,5_5463,3949.10,110.00,615.10,59.00,1,74.14
18299.00,5_5489,3951.30,101.00,615.10,53.00,1,71.02
18300.00,5_5182,3835.40,310.00,617.75,202.00,5,274.81
18300.00,5_5466,3951.20,109.00,615.10,59.00,1,74.42
18301.00,5_5300,3910.00,201.00,617.75,111.00,3,168.40
18302.00,5_5494,3959.80,94.00,615.10,45.00,1,61.21
18303.00,5_5184,3835.80,312.00,617.75,201.00,6,280.72
18304.00,5_5505,3962.50,90.00,615.10,39.00,1,56.28
18305.00,5_5425,3940.50,137.00,596.93,80.00,1,104.52
18306.00,5_5391,3932.70,156.00,596.93,86.00,1,113.21
18306.00,5_5507,3964.90,89.00,615.10,37.00,1,54.00
18307.00,5_5187,3839.90,311.00,617.75,201.00,6,275.15
18308.00,5_5522,3974.40,77.00,615.10,25.00,1,42.15
18309.00,5_5208,3846.60,300.00,617.75,192.00,4,265.07
18309.00,5_5478,3951.60,114.00,615.10,53.00,1,75.48
18309.00,5_5537,3976.90,71.00,615.10,22.00,1,41.32
18311.00,5_5228,3855.60,287.00,617.75,178.00,5,252.86
18312.00,5_5490,3954.00,111.00,596.93,48.00,1,72.01
18312.00,5_5550,3983.00,64.00,615.10,12.00,1,28.98
18313.00,5_5491,3956.70,109.00,596.93,46.00,1,76.09
18313.00,5_5560,3989.00,56.00,615.10,4.00,1,22.65
18315.00,5_5509,3968.30,94.00,596.93,33.00,1,59.74
18315.00,5_5571,3992.70,51.00,615.10,0.00,0,19.31
18317.00,5_5240,3856.00,289.00,617.75,174.00,6,247.39
18317.00,5_5511,3970.70,93.00,596.93,31.00,1,60.89
18317.00,5_5514,3972.80,90.00,615.10,25.00,1,57.93
18318.00,5_5250,3854.00,289.00,617.75,175.00,5,253.73
18318.00,5_5263,3856.10,283.00,617.75,172.00,5,254.96
18321.00,5_5373,3926.10,183.00,617.75,83.00,1,150.50
18321.00,5_5525,3976.50,87.00,615.10,23.00,1,49.33
18322.00,5_5539,3979.30,81.00,596.93,19.00,1,48.79
18323.00,5_5392,3935.40,170.00,617.75,83.00,1,136.72
18324.00,5_5542,3981.40,80.00,596.93,17.00,1,53.80
18324.00,5_5597,4003.90,41.00,615.10,0.00,0,9.61
18325.00,5_5592,3998.40,49.00,615.10,0.00,0,17.90
18326.00,5_5555,3984.50,75.00,615.10,12.00,1,46.29
18327.00,5_5587,3996.90,54.00,615.10,0.00,0,6.08
18329.00,5_5404,3936.80,171.00,617.75,83.00,1,131.33
18330.00,5_5407,3936.90,171.00,617.75,82.00,1,133.42
18330.00,5_5558,3986.60,76.00,596.93,9.00,1,37.39
18331.00,5_5561,3991.70,71.00,596.93,6.00,1,38.23
18332.00,5_5411,3938.70,170.00,617.75,83.00,1,131.80
18333.00,5_5601,4005.70,47.00,615.10,0.00,0,10.59
18334.00,5_5412,3940.40,170.00,617.75,82.00,1,135.39
18335.00,5_5574,3994.80,68.00,596.93,1.00,1,31.56
18338.00,5_2119,4558.30,544.00,615.10,481.00,3,517.06
18339.00,5_1841,4386.70,800.00,596.93,685.00,4,767.35
18339.00,5_1997,4443.90,696.00,617.75,614.00,5,664.47
18339.00,5_5543,3984.10,92.00,617.75,33.00,1,48.69
18340.00,5_1843,4389.10,798.00,596.93,682.00,6,769.13
18341.00,5_2121,4560.70,544.00,615.10,474.00,3,512.79
18342.00,5_1854,4394.80,791.00,596.93,681.00,4,762.14
18342.00,5_2124,4562.80,542.00,615.10,472.00,3,512.81
18344.00,5_2010,4450.00,691.00,617.75,601.00,5,655.13
18344.00,5_2136,4565.20,538.00,615.10,466.00,3,507.65
18346.00,5_1956,4416.20,743.00,617.75,643.00,5,709.42
18346.00,5_2158,4571.60,527.00,615.10,454.00,3,496.07
18347.00,5_1868,4398.60,788.00,596.93,679.00,5,752.57
18347.00,5_2023,4453.10,687.00,617.75,594.00,6,657.96
18348.00,5_1896,4399.20,780.00,596.93,676.00,5,751.50
18349.00,5_2018,4450.60,693.00,617.75,599.00,5,660.72
18349.00,5_2160,4575.00,526.00,615.10,449.00,3,491.22
18350.00,5_2020,4451.00,693.00,596.93,600.00,5,662.06
18351.00,5_2162,4721.40,381.00,615.10,312.00,4,348.91
18352.00,5_1914,4412.80,765.00,596.93,665.00,5,735.79
18352.00,5_2027,4452.90,691.00,617.75,593.00,5,659.84
18353.00,5_2180,4728.00,371.00,615.10,306.00,2,335.57
18354.00,5_1967,4420.90,743.00,617.75,642.00,5,711.78
18356.00,5_1947,4414.90,757.00,596.93,653.00,5,723.58
18356.00,5_2177,4725.90,377.00,615.10,306.00,2,339.45
18357.00,5_2181,4730.70,372.00,615.10,304.00,2,337.78
18358.00,5_1959,4417.30,753.00,596.93,641.00,4,722.50
18359.00,5_2191,4740.70,361.00,615.10,298.00,2,331.81
18360.00,5_1981,4432.70,733.00,596.93,623.00,5,702.32
18360.00,5_2193,4743.10,359.00,615.10,296.00,2,331.35
18362.00,5_1988,4439.60,726.00,617.75,616.00,4,685.81
18362.00,5_2195,4745.50,358.00,615.10,295.00,2,324.37
18363.00,5_2003,4446.10,716.00,617.75,596.00,5,686.85
18363.00,5_2197,4746.90,357.00,615.10,291.00,2,325.30
18364.00,5_2110,4554.00,577.00,596.93,492.00,4,543.41
18364.00,5_2234,4756.80,337.00,615.10,276.00,2,309.13
18365.00,5_2011,4450.70,711.00,617.75,585.00,5,675.07
18365.00,5_2214,4745.80,355.00,615.10,289.00,2,321.21
18366.00,5_2034,4533.80,622.00,617.75,511.00,3,588.96
18368.00,5_2044,4533.80,621.00,617.75,511.00,3,587.23
18368.00,5_2250,4755.00,338.00,615.10,273.00,2,304.64
18369.00,5_2001,4443.70,725.00,596.93,605.00,5,687.41
18369.00,5_2260,4761.00,330.00,615.10,266.00,2,299.00
18371.00,5_2063,4542.10,610.00,617.75,511.00,3,576.79
18371.00,5_2143,4569.10,559.00,596.93,469.00,4,528.66
18371.00,5_2263,4764.10,328.00,615.10,265.00,2,294.71
18376.00,5_3975,4031.50,552.00,617.75,455.00,5,522.34
18379.00,5_4188,4078.60,444.00,596.93,355.00,3,406.19
18380.00,5_4208,4087.60,430.00,615.10,343.00,3,400.51
18381.00,5_4189,4081.30,443.00,596.93,353.00,3,411.69
18381.00,5_4224,4102.80,411.00,617.75,332.00,3,378.09
18382.00,5_4212,4092.40,426.00,617.75,337.00,3,398.86
18383.00,5_4210,4090.00,430.00,596.93,340.00,3,394.91
18385.00,5_4215,4095.50,425.00,596.93,335.00,3,394.91
18385.00,5_4289,4109.30,389.00,615.10,312.00,3,356.32
18386.00,5_4255,4107.50,402.00,617.75,319.00,4,370.42
18386.00,5_4298,4123.60,373.00,615.10,301.00,2,343.33
18387.00,5_4226,4104.20,415.00,596.93,324.00,4,382.79
18388.00,5_4229,4106.30,413.00,615.10,320.00,3,382.05
18389.00,5_4197,4082.90,447.00,617.75,348.00,5,413.36
18389.00,5_4299,4126.30,373.00,615.10,301.00,2,339.85
18392.00,5_4273,4109.10,401.00,617.75,321.00,5,364.91
18392.00,5_4302,4132.40,369.00,615.10,297.00,2,333.89
18393.00,5_4230,4109.00,415.00,596.93,318.00,3,379.46
18393.00,5_4311,4138.70,361.00,615.10,290.00,2,327.24
18395.00,5_4254,4104.80,414.00,615.10,317.00,3,383.09
18395.00,5_4317,4138.90,361.00,615.10,289.00,2,330.61
18396.00,5_3997,4035.90,561.00,617.75,458.00,8,522.66
18398.00,5_4045,4047.50,537.00,617.75,427.00,6,504.32
18398.00,5_4265,4105.50,413.00,596.93,313.00,4,378.31
18399.00,5_4049,4047.30,537.00,617.75,422.00,4,509.12
18399.00,5_4272,4106.40,411.00,596.93,310.00,3,380.43
18400.00,5_4281,4110.70,405.00,617.75,315.00,3,369.09
18401.00,5_4274,4109.80,409.00,596.93,307.00,3,381.15
18401.00,5_4323,4149.10,355.00,615.10,279.00,2,313.18
18402.00,5_4053,4055.10,531.00,617.75,416.00,4,504.31
18402.00,5_4324,4151.80,353.00,615.10,276.00,2,321.08
18403.00,5_4294,4110.80,404.00,596.93,305.00,3,374.33
18408.00,5_4072,4059.40,527.00,617.75,406.00,4,489.67
18409.00,5_4300,4129.00,390.00,596.93,298.00,2,353.24
18409.00,5_4326,4156.20,355.00,617.75,279.00,2,322.59
18410.00,5_4346,4341.20,165.00,615.10,111.00,1,130.32
18411.00,5_4074,4059.80,529.00,617.75,405.00,7,496.85
18411.00,5_4304,4133.80,386.00,596.93,297.00,2,351.03
18411.00,5_4344,4340.80,167.00,615.10,109.00,1,139.50
18412.00,5_4306,4136.20,384.00,596.93,296.00,2,355.52
18413.00,5_4099,4062.30,521.00,617.75,392.00,3,491.21
18413.00,5_4366,4348.20,155.00,615.10,107.00,1,125.84
18414.00,5_4377,4354.90,146.00,615.10,98.00,1,117.57
18416.00,5_4136,4064.20,511.00,617.75,382.00,4,477.88
18417.00,5_4387,4358.90,142.00,615.10,93.00,1,109.46
18419.00,5_4395,4362.50,138.00,615.10,88.00,1,105.00
18420.00,5_4320,4144.00,380.00,596.93,289.00,2,344.44
18421.00,5_4318,4141.60,384.00,596.93,289.00,2,340.27
18421.00,5_4330,4329.00,193.00,596.93,103.00,1,163.92
18421.00,5_4341,4338.70,180.00,617.75,112.00,1,142.25
18421.00,5_4401,4364.70,136.00,615.10,87.00,1,107.21
18422.00,5_4322,4147.40,378.00,617.75,288.00,3,347.56
18423.00,5_4411,4367.70,132.00,615.10,83.00,1,97.15
18424.00,5_4163,4069.10,506.00,617.75,381.00,5,475.31
18425.00,5_4426,4373.20,124.00,615.10,74.00,1,91.91
18426.00,5_4166,4069.20,507.00,617.75,379.00,5,473.75
18426.00,5_4446,4378.20,114.00,615.10,63.00,1,82.72
18427.00,5_4360,4344.00,175.00,596.93,102.00,1,142.34
18428.00,5_4452,4379.40,113.00,615.10,62.00,1,79.58
18429.00,5_4169,4073.30,505.00,617.75,377.00,6,470.89
18429.00,5_4353,4343.10,180.00,596.93,103.00,1,137.57
18429.00,5_4365,4345.50,174.00,596.93,102.00,1,145.59
18430.00,5_4474,4387.80,100.00,615.10,50.00,1,65.31
18431.00,5_4181,4079.70,497.00,617.75,373.00,5,465.58
18431.00,5_4368,4350.60,170.00,596.93,102.00,1,140.67
18432.00,5_4497,4387.90,95.00,615.10,45.00,1,66.03
18433.00,5_4192,4083.40,492.00,617.75,369.00,4,460.25
18439.00,5_4010,4233.00,403.00,617.75,345.00,2,372.07
18439.00,5_4048,4242.60,382.00,596.93,329.00,2,349.11
18440.00,5_4071,4252.70,366.00,615.10,311.00,2,332.50
18440.00,5_4122,4278.40,325.00,615.10,272.00,2,293.90
18441.00,5_4063,4246.10,376.00,596.93,322.00,2,344.36
18442.00,5_4084,4257.80,359.00,596.93,305.00,2,331.41
18442.00,5_4126,4280.20,324.00,615.10,270.00,2,292.77
18443.00,5_4035,4234.50,398.00,617.75,343.00,2,362.11
18443.00,5_4135,4283.50,319.00,615.10,262.00,2,293.01
18446.00,5_4039,4235.30,399.00,617.75,340.00,2,363.24
18447.00,5_4047,4240.90,392.00,617.75,333.00,2,359.75
18448.00,5_4095,4267.50,352.00,596.93,292.00,2,316.61
18448.00,5_4142,4284.40,321.00,615.10,260.00,2,283.15
18449.00,5_4100,4269.00,350.00,596.93,290.00,2,323.92
18450.00,5_4150,4291.00,314.00,615.10,256.00,2,281.28
18451.00,5_4055,4246.50,388.00,617.75,327.00,2,353.12
18451.00,5_4103,4271.10,349.00,596.93,288.00,2,317.50
18451.00,5_4160,4294.00,309.00,615.10,250.00,2,272.66
18453.00,5_4187,4296.90,300.00,615.10,241.00,2,270.99
18454.00,5_4066,4248.20,386.00,617.75,322.00,2,349.61
18454.00,5_4111,4273.70,347.00,596.93,285.00,2,315.17
18454.00,5_4227,4303.90,282.00,615.10,222.00,2,247.48
18456.00,5_4233,4306.10,280.00,615.10,220.00,2,244.28
18457.00,5_4068,4250.60,386.00,617.75,320.00,2,348.37
18457.00,5_4116,4275.20,347.00,596.93,283.00,2,313.49
18458.00,5_4073,4255.10,381.00,617.75,314.00,2,350.57
18458.00,5_4240,4310.00,276.00,615.10,214.00,2,243.86
18459.00,5_4247,4311.90,273.00,615.10,213.00,2,241.12
18460.00,5_4083,4255.10,380.00,617.75,313.00,2,347.60
18461.00,5_4087,4259.90,375.00,617.75,311.00,2,345.59
18461.00,5_4271,4316.70,263.00,615.10,202.00,2,230.21
18462.00,5_4280,4321.00,257.00,615.10,196.00,2,224.72
18463.00,5_4089,4261.30,375.00,617.75,310.00,2,349.26
18463.00,5_4128,4282.60,342.00,596.93,274.00,3,302.57
18464.00,5_4293,4323.10,253.00,615.10,191.00,2,222.56
18465.00,5_4144,4286.80,335.00,596.93,264.00,2,297.01
18466.00,5_4147,4288.90,333.00,596.93,264.00,2,300.95
18466.00,5_4328,4325.60,242.00,615.10,177.00,2,209.07
18466.00,5_4329,4328.30,239.00,615.10,176.00,2,209.14
18468.00,5_4352,4330.40,232.00,615.10,168.00,2,200.96
18469.00,5_4179,4293.30,322.00,596.93,255.00,2,293.74
18470.00,5_4090,4263.00,380.00,617.75,307.00,2,342.05
18471.00,5_4092,4264.40,379.00,607.65,304.00,2,348.92
18472.00,5_4154,4292.80,333.00,596.93,258.00,2,291.90
18472.00,5_4356,4332.20,233.00,615.10,167.00,2,197.30
18473.00,5_4094,4265.80,379.00,617.75,304.00,2,349.04
18473.00,5_4364,4332.80,231.00,615.10,165.00,2,198.81
18474.00,5_4184,4294.80,324.00,596.93,251.00,2,292.19
18476.00,5_4204,4296.80,318.00,596.93,244.00,2,286.16
18477.00,5_4108,4272.60,372.00,617.75,299.00,2,334.25
18478.00,5_4119,4277.30,365.00,617.75,291.00,2,331.43
18478.00,5_4207,4298.90,317.00,596.93,244.00,2,285.51
18478.00,5_4389,4332.30,229.00,615.10,160.00,2,188.56
18479.00,5_4400,4341.00,218.00,615.10,153.00,1,189.62
18480.00,5_4175,4291.50,336.00,617.75,262.00,2,304.79
18481.00,5_4403,4346.10,214.00,615.10,153.00,1,179.25
18481.00,5_4420,4354.00,201.00,615.10,148.00,1,172.25
18482.00,5_4190,4299.00,326.00,617.75,252.00,2,294.97
18483.00,5_4220,4298.00,319.00,596.93,242.00,2,283.64
18483.00,5_4422,4356.40,200.00,615.10,149.00,1,170.43
18484.00,5_4221,4300.70,317.00,596.93,239.00,2,286.36
18486.00,5_4279,4318.30,284.00,596.93,205.00,2,254.54
18487.00,5_4225,4302.50,317.00,617.75,240.00,2,278.52
18487.00,5_4427,4357.90,201.00,615.10,146.00,1,164.09
18488.00,5_4430,4360.00,199.00,615.10,146.00,1,167.37
18489.00,5_4231,4305.70,314.00,617.75,237.00,2,280.50
18490.00,5_4234,4308.80,311.00,617.75,232.00,2,280.07
18490.00,5_4291,4320.70,282.00,596.93,202.00,2,247.62
18490.00,5_4453,4367.10,187.00,615.10,135.00,1,152.72
18491.00,5_4312,4321.40,276.00,596.93,195.00,2,247.47
18491.00,5_4462,4371.40,181.00,615.10,129.00,1,151.19
18493.00,5_4314,4323.80,275.00,596.93,194.00,2,245.99
18494.00,5_4237,4308.90,314.00,617.75,230.00,2,276.26
18496.00,5_4319,4325.30,275.00,596.93,193.00,2,243.91
18498.00,5_4244,4311.80,313.00,617.75,229.00,2,272.70
18498.00,5_4336,4329.20,268.00,596.93,187.00,2,237.99
18500.00,5_4418,4352.60,222.00,617.75,151.00,1,192.13
18501.00,5_4259,4311.30,312.00,617.75,226.00,3,273.43
18501.00,5_4338,4331.60,268.00,596.93,185.00,2,236.79
18502.00,5_4488,4500.60,55.00,615.10,2.00,1,27.74
18503.00,5_4261,4311.70,313.00,617.75,225.00,3,278.92
18504.00,5_4458,4368.60,198.00,596.93,134.00,2,165.83
18505.00,5_4263,4313.10,313.00,617.75,223.00,3,277.98
18506.00,5_4264,4313.80,313.00,617.75,224.00,2,282.61
18506.00,5_4478,4372.60,190.00,596.93,127.00,2,158.76
18506.00,5_4494,4503.80,54.00,615.10,1.00,1,23.61
18509.00,5_4270,4315.00,313.00,617.75,222.00,2,279.04
18509.00,5_4486,4376.20,187.00,596.93,122.00,2,154.29
18509.00,5_4514,4505.80,49.00,605.00,0.00,0,15.06
18511.00,5_4369,4334.30,266.00,596.93,178.00,5,234.05
18511.00,5_4498,4504.60,57.00,615.10,0.00,0,25.88
18513.00,5_4473,4373.10,198.00,617.75,126.00,1,163.20
18513.00,5_4524,4509.80,46.00,615.10,0.00,0,13.81
18514.00,5_4487,4496.90,71.00,615.10,2.00,2,41.36
18514.00,5_4493,4500.10,66.00,617.75,1.00,1,35.93
18516.00,5_4394,4336.80,261.00,596.93,167.00,3,225.37
18517.00,5_4398,4338.60,259.00,596.93,162.00,2,226.94
18518.00,5_4277,4317.90,317.00,617.75,221.00,2,280.32
18519.00,5_4402,4343.40,255.00,596.93,159.00,2,226.30
18519.00,5_4539,4513.30,44.00,615.10,0.00,0,6.84
18520.00,5_4305,4322.50,306.00,617.75,212.00,2,272.27
18522.00,5_4388,4331.60,274.00,617.75,178.00,3,240.46
18524.00,5_4405,4348.50,254.00,596.93,152.00,1,219.20
18526.00,5_4413,4350.10,252.00,596.93,152.00,1,217.51
18528.00,5_4392,4334.40,276.00,617.75,175.00,2,234.01
18528.00,5_4393,4335.10,275.00,617.75,174.00,2,247.40
18529.00,5_4438,4361.60,236.00,596.93,149.00,1,201.03
18530.00,5_4410,4350.00,257.00,617.75,156.00,2,225.37
18531.00,5_4447,4362.90,234.00,596.93,144.00,2,201.56
18532.00,5_4415,4352.50,255.00,617.75,156.00,3,223.04
18534.00,5_4451,4364.70,234.00,596.93,137.00,3,200.08
18535.00,5_4436,4361.20,243.00,617.75,150.00,1,210.18
18535.00,5_4463,4373.10,223.00,596.93,127.00,2,195.19
18538.00,5_4522,4509.40,72.00,617.75,0.00,0,35.55
18539.00,5_4445,4362.50,243.00,617.75,150.00,1,211.65
18539.00,5_4481,4374.70,220.00,596.93,120.00,2,185.70
18541.00,5_4461,4370.70,232.00,617.75,144.00,1,199.42
18541.00,5_4499,4507.30,84.00,596.93,0.00,0,50.63
18542.00,5_4580,4529.00,39.00,615.10,0.00,0,7.78
18543.00,5_4516,4508.20,80.00,596.93,0.00,0,47.30
18543.00,5_4531,4513.70,70.00,617.75,0.00,0,41.31
18546.00,5_4525,4512.50,76.00,596.93,0.00,0,43.47
18548.00,5_4550,4519.00,64.00,617.75,0.00,0,28.85
18549.00,5_4586,4530.20,43.00,615.10,0.00,0,9.67
18550.00,5_4544,4514.80,72.00,596.93,0.00,0,35.75
18551.00,5_4557,4520.90,63.00,617.75,0.00,0,26.35
18552.00,5_4548,4516.60,71.00,596.93,0.00,0,38.99
18553.00,5_4559,4522.30,63.00,617.75,0.00,0,28.51
18554.00,5_4576,4528.20,53.00,617.75,0.00,0,19.32
18555.00,5_4555,4518.50,70.00,596.93,0.00,0,34.39
18556.00,5_4601,4531.70,44.00,615.10,0.00,0,8.80
18559.00,5_5659,4011.30,250.00,615.10,208.00,1,222.63
18560.00,5_5582,3995.40,290.00,596.93,223.00,1,259.90
18563.00,5_5418,3940.60,397.00,617.75,304.00,2,361.13
18564.00,5_5458,3948.60,378.00,617.75,301.00,2,350.08
18565.00,5_5667,4013.90,251.00,615.10,201.00,1,213.51
18566.00,5_5595,4001.50,286.00,596.93,222.00,1,249.81
18566.00,5_5670,4016.00,249.00,615.10,200.00,1,216.98
18567.00,5_5603,4008.10,278.00,596.93,221.00,1,245.62
18568.00,5_5476,3951.20,374.00,617.75,296.00,2,338.07
18569.00,5_5615,4008.50,276.00,596.93,221.00,1,242.60
18569.00,5_5671,4018.70,249.00,615.10,198.00,1,211.46
18570.00,5_5493,3959.10,363.00,617.75,285.00,2,328.36
18570.00,5_5675,4020.50,247.00,615.10,195.00,1,219.81
18571.00,5_5500,3961.00,360.00,617.75,282.00,2,328.90
18572.00,5_5621,4010.70,275.00,596.93,221.00,1,241.11
18572.00,5_5684,4020.80,246.00,615.10,195.00,1,211.43
18573.00,5_5699,4021.30,242.00,615.10,192.00,1,212.93
18574.00,5_5628,4011.60,274.00,596.93,219.00,1,245.30
18575.00,5_5700,4024.00,241.00,615.10,191.00,1,210.76
18577.00,5_5503,3961.10,365.00,617.75,279.00,2,324.52
18577.00,5_5635,4012.50,274.00,596.93,218.00,1,240.81
18577.00,5_5710,4028.00,236.00,615.10,186.00,1,201.29
18578.00,5_5508,3967.60,358.00,617.75,274.00,2,320.73
18578.00,5_5650,4011.00,272.00,596.93,218.00,1,242.22
18578.00,5_5720,4034.00,228.00,615.10,178.00,1,196.20
18580.00,5_5722,4038.40,225.00,615.10,174.00,1,188.84
18581.00,5_5520,3974.00,351.00,617.75,266.00,3,313.68
18581.00,5_5713,4030.10,237.00,596.93,184.00,1,206.50
18582.00,5_5529,3978.30,345.00,617.75,262.00,2,314.38
18582.00,5_5735,4045.50,216.00,615.10,164.00,1,186.06
18583.00,5_5777,4050.90,199.00,615.10,148.00,1,166.33
18584.00,5_5566,3993.20,321.00,617.75,235.00,2,291.90
18585.00,5_5795,4053.50,193.00,615.10,144.00,1,162.21
18586.00,5_5594,4000.80,307.00,617.75,220.00,2,275.21
18586.00,5_5804,4053.80,191.00,615.10,141.00,1,160.21
18587.00,5_5719,4031.30,240.00,596.93,181.00,1,201.91
18588.00,5_5731,4040.70,228.00,596.93,171.00,1,195.88
18588.00,5_5811,4058.70,186.00,615.10,136.00,1,155.13
18590.00,5_5610,4009.00,298.00,617.75,216.00,1,261.25
18591.00,5_5734,4042.80,228.00,596.93,169.00,1,193.05
18592.00,5_5662,4013.40,280.00,617.75,214.00,1,252.08
18592.00,5_5846,4066.20,172.00,615.10,119.00,1,135.52
18593.00,5_5848,4068.60,170.00,615.10,116.00,1,138.33
18595.00,5_5617,4010.90,299.00,617.75,214.00,1,259.84
18595.00,5_5769,4050.30,214.00,586.83,154.00,1,183.88
18595.00,5_5857,4068.90,169.00,615.10,116.00,1,138.32
18595.00,5_5862,4070.40,166.00,615.10,116.00,1,134.14
18597.00,5_5759,4050.30,219.00,596.93,156.00,1,178.72
18598.00,5_5869,4078.30,159.00,615.10,108.00,1,124.16
18599.00,5_5692,4021.40,270.00,617.75,207.00,1,232.38
18599.00,5_5794,4050.80,210.00,596.93,148.00,1,177.41
18599.00,5_5904,4080.80,147.00,615.10,96.00,1,115.16
18600.00,5_5702,4026.40,263.00,617.75,201.00,1,233.13
18600.00,5_5808,4056.60,201.00,596.93,140.00,1,171.88
18602.00,5_5705,4027.50,263.00,617.75,200.00,1,228.92
18603.00,5_5919,4082.30,145.00,615.10,92.00,1,107.21
18603.00,5_5936,4089.20,133.00,615.10,83.00,1,102.67
18604.00,5_5721,4036.70,251.00,617.75,186.00,1,223.40
18604.00,5_5813,4062.10,198.00,615.10,133.00,1,167.67
18605.00,5_5821,4063.70,195.00,596.93,133.00,1,163.65
18605.00,5_5928,4085.60,141.00,615.10,87.00,1,103.86
18607.00,5_5825,4065.50,194.00,596.93,131.00,1,163.67
18607.00,5_5946,4089.20,134.00,615.10,81.00,1,97.81
18609.00,5_5724,4040.80,251.00,617.75,184.00,1,211.42
18609.00,5_5952,4090.40,133.00,615.10,79.00,1,103.64
18610.00,5_5736,4048.20,241.00,617.75,175.00,1,210.23
18610.00,5_5971,4099.70,119.00,615.10,65.00,1,88.66
18611.00,5_5738,4048.60,241.00,617.75,174.00,1,209.04
18611.00,5_5841,4064.70,194.00,596.93,127.00,1,159.82
18612.00,5_5864,4072.80,180.00,596.93,115.00,1,151.82
18612.00,5_5993,4105.10,109.00,615.10,57.00,1,76.52
18613.00,5_5740,4051.00,240.00,617.75,173.00,1,209.40
18613.00,5_5956,4092.20,134.00,615.10,81.00,1,101.31
18614.00,5_5867,4075.90,178.00,596.93,114.00,1,150.26
18615.00,6_9,3963.00,108.00,615.10,55.00,1,79.95
18616.00,6_12,3918.00,106.00,605.00,54.00,1,77.99
18617.00,5_5748,4050.60,242.00,617.75,171.00,1,205.73
18617.00,5_5876,4080.20,174.00,596.93,108.00,1,144.87
18619.00,5_5752,4050.40,243.00,617.75,171.00,1,211.76
18622.00,5_5782,4052.40,235.00,617.75,165.00,1,199.72
18622.00,5_5900,4079.00,173.00,596.93,101.00,1,136.71
18623.00,5_5790,4051.00,235.00,617.75,165.00,1,206.48
18626.00,5_5923,4084.10,165.00,596.93,94.00,1,136.05
18626.00,6_62,3135.00,99.00,615.10,45.00,2,65.47
18627.00,5_5918,4079.60,172.00,596.93,100.00,1,133.01
18628.00,6_19,3812.00,112.00,617.75,52.00,1,74.37
18629.00,5_5934,4086.80,162.00,596.93,88.00,1,132.72
18631.00,5_5959,4094.30,149.00,596.93,78.00,1,117.70
18632.00,5_5807,4055.90,234.00,617.75,159.00,2,198.83
18633.00,5_5964,4097.80,146.00,596.93,75.00,1,114.03
18633.00,6_29,3656.00,113.00,617.75,50.00,1,70.30
18634.00,5_5812,4061.40,229.00,617.75,153.00,1,200.20
18638.00,5_5973,4102.10,144.00,596.93,70.00,1,108.37
18638.00,6_67,3059.00,107.00,617.75,44.00,1,68.90
18640.00,5_5976,4104.20,143.00,596.93,69.00,1,109.51
18640.00,6_65,3090.00,110.00,617.75,46.00,2,77.17
18641.00,6_42,3449.00,120.00,615.10,49.00,1,85.15
18642.00,5_5986,4105.20,141.00,617.75,60.00,3,105.55
18642.00,6_70,3013.00,109.00,615.10,43.00,1,74.80
18643.00,6_14,3889.00,130.00,596.93,55.00,1,94.38
18644.00,6_61,3148.00,120.00,615.10,48.00,1,92.52
18644.00,6_84,2843.00,57.00,617.75,0.00,0,26.02
18645.00,6_24,3733.00,128.00,596.93,51.00,1,93.24
18647.00,5_5816,4064.20,238.00,617.75,155.00,5,201.83
18647.00,6_81,2841.00,110.00,596.93,40.00,1,77.81
18649.00,6_109,2458.00,47.00,615.10,0.00,0,14.22
18650.00,6_82,2828.00,110.00,596.93,39.00,1,76.93
18650.00,6_117,2333.00,45.00,615.10,0.00,0,14.22
18651.00,6_7,3994.00,145.00,617.75,58.00,2,106.77
18651.00,6_91,2733.00,62.00,596.93,0.00,0,34.53
18652.00,6_92,2720.00,60.00,617.75,0.00,0,28.55
18652.00,6_123,2242.00,42.00,615.10,0.00,0,11.95
18656.00,5_5829,4067.30,240.00,617.75,148.00,2,203.14
18657.00,5_5865,4075.50,222.00,617.75,128.00,2,190.38
18657.00,6_93,2706.00,63.00,596.93,0.00,0,26.51
18657.00,6_132,2104.00,41.00,615.10,0.00,0,7.57
18659.00,6_99,2613.00,62.00,596.93,0.00,0,27.80
18661.00,5_5873,4080.10,219.00,617.75,125.00,3,181.35
18662.00,6_128,2165.00,49.00,596.93,0.00,0,13.17
18663.00,5_5886,4080.20,217.00,617.75,121.00,2,185.76
18666.00,5_5897,4077.90,219.00,617.75,119.00,1,183.41
18669.00,6_142,1951.00,46.00,615.10,0.00,0,5.58
18670.00,5_5960,4097.00,185.00,617.75,87.00,1,145.30
18672.00,5_1983,4435.10,1042.00,596.93,927.00,6,1012.69
18674.00,5_2161,4576.70,849.00,596.93,759.00,5,822.52
18676.00,5_2074,4551.80,902.00,617.75,805.00,4,865.33
18676.00,5_2264,4766.80,630.00,615.10,558.00,3,592.73
18677.00,5_2079,4551.30,902.00,617.75,802.00,4,873.04
18678.00,5_2004,4446.80,1030.00,596.93,908.00,7,998.65
18678.00,5_2269,4771.30,626.00,615.10,555.00,3,596.39
18680.00,5_2280,4772.00,624.00,615.10,551.00,3,591.49
18681.00,5_2087,4553.90,901.00,617.75,798.00,4,862.83
18681.00,5_2289,4922.30,472.00,615.10,401.00,3,445.24
18683.00,5_2030,4458.00,1016.00,596.93,888.00,8,979.97
18683.00,5_2098,4553.60,900.00,617.75,794.00,4,866.62
18683.00,5_2294,4945.80,449.00,615.10,388.00,2,415.56
18684.00,5_2114,4555.80,894.00,617.75,791.00,4,864.80
18686.00,5_2054,4531.80,938.00,596.93,810.00,5,902.21
18687.00,5_2140,4567.00,878.00,617.75,774.00,5,843.66
18689.00,5_2062,4532.40,938.00,596.93,808.00,6,900.62
18690.00,5_2304,5053.80,345.00,615.10,290.00,1,309.83
18691.00,5_2157,4570.90,873.00,617.75,766.00,4,840.53
18691.00,5_2268,4768.60,642.00,596.93,560.00,5,610.14
18691.00,5_2307,5055.90,343.00,615.10,290.00,1,310.57
18692.00,5_2291,4926.70,478.00,596.93,398.00,4,447.29
18693.00,5_2142,4567.40,883.00,617.75,772.00,4,841.12
18693.00,5_2324,5065.80,330.00,615.10,279.00,1,300.01
18694.00,5_2071,4546.70,926.00,596.93,809.00,5,898.73
18694.00,5_2337,5065.90,327.00,615.10,278.00,1,297.49
18695.00,5_2073,4549.10,924.00,596.93,805.00,6,897.39
18695.00,5_2159,4573.30,874.00,617.75,762.00,4,843.22
18698.00,5_2339,5068.30,328.00,615.10,276.00,1,291.37
18699.00,5_2170,4727.00,721.00,617.75,606.00,4,681.48
18699.00,5_2348,5068.60,326.00,615.10,275.00,1,296.65
18700.00,5_2084,4551.80,923.00,596.93,799.00,6,889.03
18700.00,5_2215,4748.50,687.00,617.75,589.00,3,653.01
18701.00,5_2358,5077.60,316.00,615.10,266.00,1,285.28
18702.00,5_2134,4562.80,899.00,596.93,775.00,4,866.53
18702.00,5_2216,4749.20,688.00,617.75,589.00,4,654.11
18702.00,5_2369,5081.30,310.00,615.10,259.00,1,279.23
18704.00,5_2152,4569.40,889.00,596.93,764.00,5,858.13
18705.00,5_2217,4750.90,689.00,617.75,586.00,3,652.31
18706.00,5_2375,5082.50,311.00,615.10,257.00,1,272.47
18707.00,5_2231,4753.70,684.00,617.75,584.00,3,650.72
18707.00,5_2380,5085.00,308.00,615.10,255.00,1,279.90
18708.00,5_2187,4731.90,720.00,596.93,608.00,3,684.79
18709.00,5_2254,4759.80,673.00,617.75,574.00,3,640.56
18709.00,5_2384,5087.80,306.00,615.10,255.00,1,269.07
18710.00,5_2190,4738.00,715.00,596.93,607.00,3,683.96
18710.00,5_2411,5091.70,295.00,615.10,244.00,1,264.67
18715.00,5_4375,4352.50,450.00,596.93,378.00,2,416.36
18717.00,5_4297,4121.90,706.00,617.75,576.00,6,669.66
18717.00,5_4466,4381.20,396.00,596.93,324.00,3,367.84
18720.00,5_4335,4335.50,484.00,617.75,383.00,3,448.83
18720.00,5_4385,4356.50,448.00,596.93,375.00,2,416.31
18721.00,5_4301,4131.70,699.00,617.75,573.00,5,669.81
18722.00,5_4390,4361.00,444.00,596.93,369.00,2,414.65
18725.00,5_4408,4365.60,437.00,596.93,360.00,2,404.69
18726.00,5_4340,4338.00,486.00,617.75,381.00,3,454.55
18728.00,5_4308,4138.60,697.00,617.75,572.00,4,655.62
18728.00,5_4421,4368.70,433.00,596.93,355.00,3,399.25
18731.00,5_4470,4386.00,404.00,596.93,333.00,3,370.11
18731.00,5_4530,4423.00,349.00,615.10,286.00,2,314.45
18732.00,5_4321,4146.70,689.00,617.75,569.00,6,649.90
18733.00,5_4325,4154.50,681.00,617.75,559.00,5,647.14
18733.00,5_4503,4390.10,392.00,596.93,320.00,3,359.05
18733.00,5_4546,4428.20,341.00,615.10,277.00,1,308.25
18734.00,5_4554,4437.80,330.00,615.10,275.00,1,303.01
18736.00,5_4431,4375.70,431.00,596.93,351.00,7,398.33
18738.00,5_4396,4365.20,454.00,617.75,372.00,4,423.17
18738.00,5_4581,4436.70,327.00,615.10,275.00,1,289.45
18739.00,5_4372,4352.40,475.00,617.75,378.00,4,430.31
18739.00,5_4464,4378.80,421.00,596.93,329.00,4,386.98
18741.00,5_4381,4356.70,470.00,617.75,377.00,3,428.78
18741.00,5_4582,4439.40,327.00,615.10,273.00,1,287.37
18742.00,5_4414,4369.80,448.00,607.65,364.00,4,415.61
18742.00,5_4619,4449.30,307.00,615.10,253.00,1,269.17
18743.00,5_4467,4383.90,419.00,596.93,325.00,4,383.30
18744.00,5_4425,4370.50,446.00,596.93,354.00,3,417.29
18744.00,5_4636,4453.20,300.00,615.10,246.00,1,269.15
18745.00,5_4429,4375.30,441.00,617.75,356.00,4,408.58
18745.00,5_4653,4451.10,298.00,615.10,244.00,1,268.17
18747.00,5_4437,4377.90,438.00,596.93,344.00,3,404.52
18747.00,5_4666,4457.20,290.00,615.10,238.00,1,259.18
18748.00,5_4677,4464.90,280.00,615.10,226.00,1,246.20
18749.00,5_4520,4392.00,401.00,596.93,301.00,2,371.22
18751.00,5_4433,4378.10,443.00,617.75,350.00,4,403.11
18751.00,5_4526,4393.20,400.00,617.75,310.00,2,364.34
18751.00,5_4686,4475.20,270.00,615.10,217.00,1,231.65
18752.00,5_4491,4385.70,419.00,596.93,314.00,4,385.05
18752.00,5_4687,4477.90,268.00,615.10,213.00,1,242.95
18753.00,5_4518,4389.60,408.00,596.93,301.00,2,380.51
18753.00,5_4698,4478.60,265.00,615.10,211.00,1,233.76
18754.00,5_4507,4391.90,410.00,617.75,318.00,4,373.67
18755.00,5_4706,4479.20,264.00,615.10,211.00,1,231.25
18756.00,5_4492,4388.40,420.00,617.75,325.00,4,384.48
18756.00,5_4719,4486.30,254.00,615.10,202.00,1,223.98
18758.00,5_4501,4389.70,418.00,617.75,321.00,4,383.15
18758.00,5_4528,4393.60,406.00,596.93,295.00,2,371.27
18758.00,5_4729,4493.30,246.00,615.10,194.00,1,211.92
18760.00,5_4538,4423.60,375.00,617.75,274.00,2,342.85
18760.00,5_4543,4423.10,374.00,596.93,271.00,2,340.37
18760.00,5_4735,4496.50,243.00,615.10,191.00,1,217.06
18761.00,5_4739,4498.30,241.00,615.10,189.00,1,208.84
18762.00,5_4545,4425.50,373.00,596.93,271.00,1,341.76
18763.00,5_4547,4428.90,370.00,596.93,271.00,1,339.63
18763.00,5_4566,4437.20,356.00,617.75,267.00,1,323.00
18763.00,5_4759,4498.30,237.00,615.10,186.00,1,207.86
18765.00,5_4768,4501.60,233.00,615.10,181.00,2,198.71
18766.00,5_4597,4440.90,346.00,617.75,267.00,1,313.36
18766.00,5_4770,4505.00,230.00,615.10,179.00,2,195.95
18767.00,5_4551,4430.70,371.00,596.93,270.00,1,337.95
18768.00,5_4780,4505.00,229.00,615.10,177.00,2,195.38
18769.00,5_4790,4505.00,227.00,615.10,172.00,2,195.42
18770.00,5_4552,4434.40,370.00,596.93,272.00,3,336.31
18770.00,5_4617,4445.90,339.00,617.75,265.00,1,300.93
18772.00,5_4575,4435.50,364.00,596.93,271.00,2,332.21
18773.00,5_4618,4447.60,340.00,617.75,265.00,1,302.21
18774.00,5_4661,4457.70,318.00,617.75,247.00,1,287.46
18776.00,5_4667,4459.90,316.00,617.75,243.00,1,282.44
18777.00,5_4588,4440.60,360.00,596.93,273.00,1,324.31
18778.00,5_4680,4470.00,304.00,617.75,233.00,1,274.05
18779.00,5_4602,4441.40,357.00,596.93,272.00,1,322.45
18780.00,5_4713,4485.10,281.00,596.93,221.00,2,255.29
18783.00,5_4612,4441.40,358.00,596.93,273.00,3,327.58
18784.00,5_4681,4471.70,308.00,617.75,232.00,1,269.76
18785.00,5_4615,4443.50,357.00,596.93,274.00,2,326.38
18786.00,5_4707,4481.90,292.00,617.75,216.00,1,256.17
18787.00,5_4708,4482.60,292.00,617.75,215.00,1,255.87
18788.00,5_4808,4697.60,48.00,615.10,0.00,0,20.39
18789.00,5_4712,4484.40,291.00,617.75,214.00,1,256.86
18789.00,5_4728,4490.60,280.00,596.93,214.00,2,246.55
18790.00,5_4710,4484.00,293.00,617.75,214.00,2,261.89
18791.00,5_4830,4702.00,40.00,615.10,0.00,0,9.07
18792.00,5_4722,4488.40,287.00,617.75,211.00,1,259.43
18793.00,5_4631,4448.70,355.00,596.93,273.00,1,318.24
18794.00,5_4824,4700.80,46.00,615.10,0.00,0,13.04
18795.00,5_4794,4506.80,250.00,596.93,183.00,1,217.67
18796.00,5_4632,4451.40,355.00,596.93,272.00,3,323.55
18796.00,5_4769,4502.30,263.00,617.75,181.00,3,230.07
18797.00,5_4809,4699.30,55.00,615.10,0.00,0,24.28
18798.00,5_4839,4704.30,42.00,615.10,0.00,0,6.50
18799.00,5_4835,4703.50,45.00,617.75,0.00,0,15.39
18801.00,5_4654,4453.80,351.00,596.93,268.00,1,314.53
18801.00,5_4846,4708.20,39.00,615.10,0.00,0,6.75
18804.00,5_4656,4456.20,351.00,596.93,266.00,1,313.74
18805.00,5_4861,4712.70,34.00,615.10,0.00,0,6.71
18806.00,5_4668,4461.60,344.00,596.93,258.00,1,309.08
18807.00,5_4673,4463.10,342.00,596.93,255.00,1,309.75
18809.00,5_4679,4467.30,338.00,596.93,248.00,2,310.14
18811.00,5_4854,4711.80,43.00,615.10,0.00,0,4.69
18812.00,5_4685,4472.50,334.00,596.93,242.00,2,302.21
18814.00,5_4746,4499.20,291.00,596.93,200.00,1,259.81
18815.00,5_4867,4713.90,41.00,615.10,0.00,0,5.04
18817.00,5_4724,4488.80,311.00,596.93,222.00,3,280.36
18819.00,5_4884,4717.80,36.00,617.75,0.00,0,7.89
18823.00,5_4730,4495.00,309.00,596.93,216.00,5,270.17
18823.00,5_4762,4499.40,295.00,596.93,199.00,4,263.70
18827.00,5_4603,4534.10,312.00,615.10,268.00,1,281.03
18827.00,5_4604,4536.80,309.00,617.75,263.00,1,280.23
18829.00,5_4620,4546.00,297.00,615.10,249.00,1,265.65
18830.00,5_4562,4523.40,338.00,596.93,268.00,1,302.17
18831.00,5_4569,4524.30,336.00,596.93,267.00,1,306.38
18832.00,5_4626,4550.20,294.00,615.10,245.00,1,261.83
18833.00,5_4573,4526.10,335.00,596.93,266.00,1,305.17
18833.00,5_4651,4551.70,286.00,615.10,237.00,1,258.97
18834.00,5_4596,4530.20,325.00,596.93,265.00,1,295.54
18835.00,5_4609,4541.30,311.00,617.75,258.00,1,271.07
18835.00,5_4613,4543.10,308.00,617.75,257.00,1,276.08
18835.00,5_4675,4553.50,279.00,615.10,229.00,2,247.43
18836.00,5_4691,4560.70,268.00,615.10,223.00,1,242.74
18837.00,5_4616,4545.20,307.00,617.75,256.00,1,276.95
18838.00,5_4606,4539.20,317.00,596.93,265.00,1,284.21
18838.00,5_4697,4567.90,261.00,615.10,212.00,2,231.98
18839.00,5_4716,4574.20,250.00,615.10,201.00,1,220.96
18840.00,5_4644,4547.80,299.00,617.75,248.00,1,262.67
18842.00,5_4678,4555.60,283.00,617.75,230.00,1,248.10
18843.00,5_4721,4581.70,245.00,615.10,192.00,1,209.56
18844.00,5_4623,4548.10,309.00,596.93,254.00,1,270.50
18845.00,5_4650,4549.00,301.00,596.93,248.00,1,268.27
18845.00,5_4727,4585.90,241.00,615.10,190.00,1,204.97
18847.00,5_4665,4550.50,297.00,596.93,243.00,1,263.63
18847.00,5_4684,4559.80,282.00,617.75,225.00,1,240.72
18847.00,5_4717,4576.90,255.00,615.10,203.00,1,223.15
18847.00,5_4732,4590.40,237.00,615.10,184.00,2,202.09
18848.00,5_4714,4571.80,262.00,617.75,207.00,1,226.43
18848.00,5_4767,4593.90,224.00,615.10,175.00,1,190.68
18850.00,5_4775,4594.50,223.00,615.10,174.00,1,193.02
18851.00,5_4674,4550.80,298.00,596.93,240.00,1,261.01
18851.00,5_4777,4596.90,221.00,615.10,171.00,1,189.69
18852.00,5_4726,4583.20,251.00,617.75,194.00,1,214.99
18853.00,5_4683,4557.10,291.00,596.93,234.00,1,255.78
18853.00,5_4731,4587.70,246.00,615.10,190.00,1,211.96
18853.00,5_4778,4599.60,220.00,615.10,169.00,1,186.97
18855.00,5_4788,4604.60,214.00,615.10,162.00,1,179.51
18856.00,5_4738,4591.60,243.00,617.75,185.00,1,209.15
18856.00,5_4831,4620.70,186.00,615.10,134.00,1,153.24
18857.00,5_4692,4563.40,286.00,596.93,225.00,1,249.22
18857.00,5_4851,4628.70,173.00,615.10,125.00,1,143.23
18858.00,5_4742,4593.40,242.00,617.75,184.00,1,209.88
18859.00,5_4696,4565.20,285.00,596.93,225.00,1,250.61
18860.00,5_4709,4567.30,280.00,596.93,220.00,1,248.81
18860.00,5_4745,4595.50,241.00,615.10,183.00,1,206.96
18861.00,5_4859,4632.30,171.00,615.10,118.00,1,138.21
18863.00,5_4756,4595.20,241.00,617.75,182.00,1,206.39
18863.00,5_4885,4644.50,153.00,615.10,102.00,1,121.50
18865.00,5_4711,4569.70,282.00,596.93,218.00,1,245.46
18865.00,5_4887,4646.90,152.00,615.10,101.00,1,119.33
18866.00,5_4720,4579.00,271.00,596.93,210.00,1,239.38
18866.00,5_4785,4600.50,230.00,617.75,169.00,1,193.94
18867.00,5_4804,4614.80,211.00,617.75,151.00,1,182.46
18869.00,5_4787,4601.90,231.00,596.93,167.00,1,196.51
18870.00,5_4817,4619.90,205.00,617.75,143.00,1,170.68
18870.00,5_4888,4649.60,154.00,605.00,98.00,1,112.61
18872.00,5_4791,4606.70,228.00,596.93,162.00,1,192.84
18872.00,5_4832,4623.40,199.00,617.75,136.00,1,165.14
18872.00,5_4894,4655.80,148.00,615.10,91.00,1,111.87
18873.00,5_4800,4607.00,226.00,596.93,162.00,1,195.79
18874.00,5_4903,4657.10,146.00,615.10,89.00,1,112.89
18875.00,5_4907,4660.90,142.00,615.10,87.00,1,115.41
18877.00,5_4802,4609.40,227.00,596.93,161.00,1,192.81
18877.00,5_4833,4625.10,202.00,617.75,136.00,1,164.12
18877.00,5_4914,4665.80,137.00,615.10,80.00,1,103.63
18879.00,5_4803,4612.10,226.00,596.93,158.00,1,193.57
18879.00,5_4850,4628.00,196.00,617.75,130.00,1,161.47
18879.00,5_4922,4676.40,126.00,615.10,70.00,1,91.39
18880.00,5_4863,4634.10,187.00,617.75,121.00,1,157.41
18880.00,5_4926,4680.20,122.00,615.10,67.00,1,88.68
18882.00,5_4928,4682.60,121.00,615.10,64.00,1,88.35
18883.00,5_4872,4638.40,183.00,617.75,117.00,1,146.15
18884.00,5_4941,4681.70,120.00,615.10,63.00,1,82.63
18885.00,5_4810,4616.00,226.00,596.93,154.00,1,186.57
18885.00,5_4893,4654.10,163.00,617.75,97.00,1,128.78
18886.00,5_4947,4685.90,116.00,615.10,60.00,1,74.94
18887.00,5_4816,4617.20,225.00,596.93,152.00,1,196.04
18888.00,5_4825,4619.50,221.00,596.93,149.00,1,189.54
18888.00,5_4901,4656.70,161.00,617.75,91.00,1,124.97
18888.00,5_4968,4685.60,112.00,615.10,53.00,1,82.46
18889.00,5_4979,4693.30,102.00,615.10,42.00,1,66.28
18890.00,5_4842,4624.40,213.00,596.93,140.00,1,182.06
18890.00,5_4906,4659.20,159.00,617.75,91.00,1,123.65
18891.00,5_4985,4697.50,98.00,615.10,40.00,1,62.68
18893.00,5_4849,4625.30,213.00,596.93,140.00,1,179.48
18893.00,5_4908,4663.60,157.00,617.75,89.00,1,121.65
18893.00,5_4993,4698.10,97.00,615.10,40.00,1,61.95
18894.00,5_4857,4629.90,207.00,596.93,135.00,1,179.17
18894.00,5_4995,4701.50,94.00,615.10,39.00,1,61.68
18896.00,5_4998,4702.60,94.00,615.10,39.00,1,61.34
18897.00,5_4865,4634.50,203.00,596.93,130.00,1,170.98
18897.00,5_4920,4673.00,148.00,617.75,77.00,1,109.38
18898.00,5_5011,4702.70,92.00,615.10,37.00,1,54.38
18899.00,5_4866,4637.20,202.00,596.93,128.00,1,171.05
18899.00,5_4943,4683.10,133.00,617.75,62.00,1,100.11
18901.00,5_4875,4638.50,200.00,596.93,125.00,1,170.06
18901.00,5_4948,4687.60,129.00,617.75,55.00,1,93.61
18902.00,5_5037,4752.90,38.00,615.10,0.00,0,11.68
18903.00,5_4963,4685.10,129.00,617.75,54.00,1,93.21
18905.00,5_4879,4640.30,201.00,596.93,124.00,1,168.10
18906.00,5_4883,4642.10,199.00,586.83,122.00,1,169.72
18906.00,5_4970,4688.00,127.00,617.75,50.00,1,89.80
18906.00,5_4972,4689.40,125.00,607.65,50.00,2,95.99
18908.00,5_4977,4691.90,123.00,617.75,49.00,1,93.56
18910.00,5_4984,4694.80,120.00,617.75,46.00,2,90.77
18912.00,5_4892,4651.40,193.00,596.93,114.00,1,156.57
18912.00,5_4987,4698.90,117.00,617.75,43.00,1,87.83
18914.00,5_4909,4664.30,177.00,596.93,97.00,1,143.87
18914.00,5_4994,4699.80,116.00,617.75,41.00,1,85.54
18916.00,5_4915,4668.50,173.00,596.93,92.00,1,139.72
18918.00,5_4916,4671.20,172.00,596.93,89.00,1,138.82
18920.00,5_4921,4673.70,170.00,596.93,88.00,1,142.60
18920.00,5_5000,4704.00,116.00,617.75,39.00,1,80.49
18921.00,5_5016,4749.20,67.00,617.75,0.00,0,33.51
18922.00,5_5088,4759.60,36.00,615.10,0.00,0,10.28
18925.00,5_4925,4677.50,170.00,596.93,86.00,1,133.69
18925.00,5_5050,4755.00,55.00,617.75,0.00,0,18.38
18925.00,5_5069,4762.30,42.00,615.10,0.00,0,15.59
18926.00,5_4944,4683.80,159.00,596.93,78.00,1,126.98
18928.00,5_5014,4703.80,120.00,596.93,37.00,1,89.16
18930.00,5_5059,4754.30,58.00,617.75,0.00,0,16.69
18930.00,5_5062,4755.40,56.00,617.75,0.00,0,23.80
18932.00,5_5019,4749.30,77.00,596.93,0.00,0,42.49
18934.00,5_5063,4757.10,58.00,617.75,0.00,0,18.02
18935.00,5_5066,4758.20,57.00,617.75,0.00,0,24.12
18938.00,5_5963,4097.10,452.00,617.75,351.00,2,420.27
18940.00,6_153,1781.00,311.00,615.10,262.00,1,275.19
18940.00,6_155,1752.00,308.00,596.93,261.00,1,275.13
18941.00,5_5968,4099.60,451.00,617.75,350.00,2,423.22
18941.00,6_145,1906.00,315.00,615.10,262.00,1,275.22
18942.00,6_191,1189.00,297.00,615.10,246.00,1,269.01
18943.00,6_169,1535.00,304.00,596.93,255.00,1,271.05
18943.00,6_197,1099.00,292.00,615.10,239.00,1,259.02
18944.00,6_174,1458.00,302.00,596.93,254.00,1,273.06
18945.00,5_5977,4106.90,445.00,617.75,342.00,2,410.52
18946.00,6_203,1008.00,290.00,615.10,238.00,1,253.51
18947.00,6_71,3000.00,411.00,617.75,308.00,2,376.42
18947.00,6_221,730.00,281.00,615.10,230.00,1,253.46
18950.00,6_103,2552.00,350.00,617.75,264.00,1,313.93
18951.00,6_122,2256.00,343.00,617.75,262.00,1,316.58
18951.00,6_201,1038.00,297.00,596.93,245.00,1,258.72
18954.00,6_135,2059.00,335.00,617.75,262.00,1,298.65
18956.00,6_138,2013.00,335.00,617.75,260.00,1,300.53
18960.00,6_159,1691.00,325.00,617.75,261.00,1,286.96
18963.00,6_166,1581.00,326.00,617.75,261.00,1,288.57
18966.00,6_194,1144.00,318.00,617.75,258.00,1,278.69
18967.00,6_206,963.00,308.00,617.75,249.00,1,274.27
18970.00,6_207,950.00,308.00,607.65,247.00,1,270.58
18975.00,6_210,904.00,311.00,617.75,246.00,1,269.14
19007.00,5_2258,4759.60,970.00,617.75,871.00,4,939.29
19010.00,5_2413,5094.10,592.00,615.10,543.00,2,564.92
19011.00,5_2253,4757.10,978.00,596.93,875.00,4,945.62
19052.00,5_2168,4724.60,1077.00,596.93,952.00,5,1049.28
19053.00,5_2421,5097.70,629.00,615.10,570.00,3,600.23
19054.00,5_2285,4918.50,850.00,617.75,746.00,4,819.46
19055.00,5_2188,4734.60,1064.00,596.93,943.00,6,1034.35
19056.00,5_2261,4763.70,1014.00,617.75,908.00,6,984.13
19056.00,5_2425,5099.50,629.00,615.10,563.00,3,596.46
19058.00,5_2431,5100.70,628.00,615.10,560.00,3,597.42
19059.00,5_2222,4750.40,1042.00,596.93,920.00,6,1009.17
19060.00,5_2433,5103.10,627.00,615.10,557.00,3,593.58
19061.00,5_2224,4752.80,1041.00,596.93,920.00,6,1010.02
19061.00,5_2287,4920.90,854.00,617.75,743.00,5,818.01
19062.00,5_2452,5114.40,612.00,615.10,541.00,3,578.87
19063.00,5_2477,5125.90,594.00,586.83,550.00,2,569.23
19064.00,5_2301,5052.70,721.00,617.75,621.00,5,682.18
19065.00,5_2311,5057.70,714.00,607.65,620.00,3,687.65
19065.00,5_2493,5342.10,375.00,596.93,338.00,1,349.39
19066.00,5_2233,4754.10,1042.00,596.93,914.00,7,1007.66
19066.00,5_2460,5113.00,615.00,615.10,540.00,3,576.41
19067.00,5_2466,5117.20,610.00,615.10,537.00,4,580.20
19068.00,5_2281,4773.70,1010.00,596.93,876.00,8,979.48
19068.00,5_2467,5119.90,608.00,615.10,532.00,4,578.02
19068.00,5_2497,5341.90,377.00,596.93,338.00,2,348.86
19069.00,5_2315,5060.50,714.00,617.75,620.00,4,675.78
19070.00,5_2272,4771.40,1017.00,596.93,882.00,9,985.13
19072.00,5_2318,5061.60,715.00,617.75,616.00,3,677.72
19073.00,5_2321,5064.70,712.00,617.75,615.00,3,678.71
19074.00,5_2292,4937.40,849.00,596.93,717.00,4,812.98
19075.00,5_2329,5066.30,710.00,617.75,614.00,3,676.60
19076.00,5_2293,4941.10,847.00,596.93,715.00,4,813.46
19076.00,5_2359,5080.30,688.00,617.75,608.00,3,655.07
19078.00,5_2414,5096.80,657.00,596.93,588.00,2,628.94
19079.00,5_2508,5354.60,372.00,615.10,323.00,1,339.32
19080.00,5_2376,5085.20,682.00,617.75,599.00,3,644.52
19081.00,5_2298,4946.60,845.00,596.93,722.00,4,811.85
19081.00,5_2383,5087.10,679.00,617.75,595.00,3,647.76
19083.00,5_2437,5107.90,644.00,617.75,558.00,3,613.22
19083.00,5_2518,5358.60,369.00,615.10,319.00,1,332.62
19084.00,5_2523,5363.10,364.00,615.10,314.00,1,334.79
19085.00,5_2441,5109.70,643.00,596.93,576.00,2,607.37
19086.00,5_2529,5367.30,360.00,615.10,311.00,1,328.12
19087.00,5_2313,5058.10,735.00,596.93,630.00,2,702.62
19087.00,5_2539,5370.30,355.00,615.10,303.00,1,322.75
19088.00,5_2472,5122.40,624.00,617.75,528.00,3,587.34
19088.00,5_2575,5381.50,334.00,615.10,287.00,1,305.37
19089.00,5_2319,5062.30,731.00,596.93,629.00,2,697.35
19089.00,5_2442,5112.40,644.00,617.75,547.00,3,611.23
19089.00,5_2566,5377.20,342.00,615.10,293.00,1,311.13
19092.00,5_2349,5071.30,716.00,596.93,629.00,2,682.03
19093.00,5_2581,5389.70,329.00,615.10,278.00,1,292.01
19094.00,5_2350,5074.00,715.00,596.93,627.00,3,683.56
19095.00,5_2439,5108.30,655.00,617.75,560.00,3,615.53
19095.00,5_2600,5395.00,320.00,615.10,269.00,1,284.36
19096.00,5_2445,5112.50,650.00,617.75,552.00,4,619.87
19097.00,5_2353,5076.10,715.00,596.93,626.00,2,682.02
19097.00,5_2448,5113.60,649.00,617.75,550.00,5,618.75
19097.00,5_2609,5398.30,316.00,615.10,264.00,1,282.97
19099.00,5_2610,5400.00,316.00,615.10,262.00,1,278.50
19100.00,5_2469,5122.30,637.00,617.75,539.00,6,601.06
19101.00,5_4798,4689.60,372.00,596.93,277.00,2,345.48
19104.00,5_4889,4719.30,318.00,617.75,273.00,1,286.85
19104.00,5_4905,4729.50,303.00,615.10,255.00,1,269.44
19105.00,5_4896,4723.20,313.00,617.75,269.00,1,283.22
19106.00,5_4917,4731.90,299.00,615.10,252.00,1,266.88
19108.00,5_4898,4725.60,313.00,617.75,266.00,1,279.76
19109.00,5_4811,4701.70,364.00,596.93,273.00,1,333.88
19109.00,5_4919,4734.30,299.00,615.10,246.00,1,263.65
19110.00,5_4935,4741.50,288.00,615.10,242.00,1,260.49
19111.00,5_4924,4735.80,298.00,617.75,249.00,1,267.22
19112.00,5_4806,4693.20,377.00,596.93,274.00,1,333.58
19112.00,5_4955,4744.50,281.00,615.10,232.00,1,252.15
19113.00,5_4845,4705.50,354.00,596.93,272.00,1,320.19
19114.00,5_4951,4742.70,286.00,615.10,233.00,2,252.88
19115.00,5_4852,4709.40,350.00,596.93,271.00,1,320.29
19115.00,5_4934,4738.80,296.00,617.75,244.00,1,259.37
19117.00,5_4873,4715.10,340.00,596.93,272.00,1,308.87
19117.00,5_4937,4743.90,292.00,617.75,241.00,1,258.06
19117.00,5_4959,4746.30,283.00,615.10,231.00,1,244.85
19119.00,5_4876,4717.20,339.00,596.93,271.00,1,309.25
19119.00,5_4992,4754.40,267.00,615.10,212.00,1,234.07
19120.00,5_4967,4746.90,283.00,617.75,230.00,1,247.37
19120.00,5_4969,4749.30,280.00,615.10,228.00,1,249.38
19120.00,5_4997,4755.90,265.00,615.10,211.00,1,229.37
19122.00,5_5039,4763.30,247.00,615.10,193.00,1,211.68
19123.00,5_4974,4750.80,280.00,617.75,227.00,1,247.76
19123.00,5_5041,4765.70,245.00,615.10,191.00,1,215.01
19124.00,5_4890,4722.00,335.00,596.93,269.00,1,298.59
19125.00,5_4975,4753.50,279.00,617.75,227.00,1,248.36
19125.00,5_5049,4769.30,241.00,615.10,190.00,2,204.98
19126.00,5_4899,4728.30,328.00,596.93,269.00,1,294.26
19127.00,5_4910,4731.00,323.00,596.93,267.00,1,294.41
19127.00,5_5098,4789.60,208.00,615.10,157.00,1,176.63
19127.00,5_5117,4789.90,202.00,615.10,152.00,1,169.05
19129.00,5_5006,4756.20,271.00,617.75,216.00,1,237.69
19129.00,5_5133,4795.10,194.00,615.10,142.00,1,160.69
19130.00,5_4932,4736.40,314.00,596.93,257.00,1,281.40
19131.00,5_5024,4753.80,270.00,617.75,214.00,1,237.15
19134.00,5_5023,4751.10,276.00,596.93,200.00,1,245.78
19135.00,5_5094,4760.80,246.00,615.10,198.00,1,217.60
19136.00,5_5095,4763.50,244.00,617.75,193.00,2,211.79
19139.00,5_5099,4764.30,245.00,617.75,192.00,1,211.07
19139.00,5_5111,4767.70,238.00,615.10,190.00,1,203.77
19140.00,5_5030,4752.00,279.00,596.93,199.00,1,242.28
19140.00,5_5146,4786.20,210.00,615.10,160.00,1,179.91
19141.00,5_5043,4754.10,274.00,596.93,197.00,1,240.76
19141.00,5_5101,4765.70,245.00,617.75,191.00,1,216.00
19142.00,5_5147,4788.90,209.00,615.10,156.00,1,176.81
19143.00,5_5113,4770.10,239.00,617.75,191.00,1,206.95
19144.00,5_5067,4759.90,264.00,596.93,196.00,1,230.55
19144.00,5_5167,4791.90,202.00,615.10,151.00,1,168.71
19145.00,5_5102,4767.40,247.00,596.93,196.00,1,218.59
19147.00,5_5116,4772.20,240.00,596.93,192.00,1,211.53
19148.00,5_5132,4776.40,232.00,617.75,181.00,1,196.55
19149.00,5_5137,4776.90,231.00,617.75,180.00,1,201.32
19149.00,5_5177,4791.90,204.00,615.10,151.00,1,163.62
19151.00,5_5194,4798.80,194.00,615.10,140.00,1,161.36
19152.00,5_5118,4774.60,242.00,596.93,188.00,1,207.27
19152.00,5_5142,4781.40,228.00,617.75,176.00,1,193.41
19153.00,5_5202,4799.40,193.00,615.10,135.00,1,160.15
19154.00,5_5144,4783.80,227.00,617.75,174.00,1,197.24
19154.00,5_5231,4821.70,163.00,615.10,110.00,1,132.66
19156.00,5_5235,4825.50,160.00,615.10,107.00,1,123.34
19157.00,5_5120,4777.00,244.00,596.93,186.00,1,205.24
19157.00,5_5242,4829.40,155.00,615.10,103.00,1,126.31
19158.00,5_5140,4779.00,237.00,596.93,183.00,1,205.60
19158.00,5_5191,4796.70,204.00,617.75,149.00,1,167.73
19159.00,5_5150,4791.00,223.00,596.93,167.00,1,190.79
19159.00,5_5238,4827.60,160.00,615.10,102.00,1,130.17
19160.00,5_5205,4801.50,197.00,607.65,141.00,1,162.89
19160.00,5_5249,4837.30,148.00,615.10,93.00,1,118.56
19161.00,5_5166,4789.20,222.00,596.93,166.00,1,191.85
19162.00,5_5271,4841.70,139.00,615.10,89.00,1,107.03
19163.00,5_5209,4803.30,197.00,617.75,140.00,1,161.03
19163.00,5_5279,4842.30,137.00,615.10,84.00,1,107.97
19164.00,5_5179,4794.30,216.00,596.93,159.00,1,184.39
19165.00,5_5217,4812.90,187.00,617.75,128.00,1,152.84
19165.00,5_5294,4843.80,133.00,615.10,82.00,1,103.39
19166.00,5_5304,4849.80,125.00,615.10,75.00,1,94.93
19167.00,5_5219,4815.30,186.00,617.75,126.00,1,152.64
19167.00,5_5299,4847.30,130.00,615.10,78.00,1,96.94
19168.00,5_5312,4853.40,121.00,615.10,70.00,1,89.62
19169.00,5_5224,4815.80,186.00,617.75,126.00,1,155.50
19170.00,5_5210,4806.00,201.00,596.93,142.00,1,170.49
19170.00,5_5313,4856.10,120.00,615.10,69.00,1,87.11
19172.00,5_5183,4796.10,221.00,596.93,156.00,1,179.28
19172.00,5_5323,4860.10,115.00,615.10,63.00,1,81.83
19173.00,5_5211,4808.70,201.00,596.93,141.00,1,171.94
19173.00,5_5232,4824.40,179.00,617.75,119.00,1,143.14
19174.00,5_5213,4811.10,199.00,596.93,139.00,1,173.17
19174.00,5_5244,4831.80,169.00,617.75,108.00,1,139.75
19175.00,5_5364,4855.80,110.00,615.10,58.00,1,73.42
19177.00,5_5245,4833.50,170.00,617.75,108.00,1,137.75
19177.00,5_5369,4861.30,105.00,615.10,52.00,1,75.82
19178.00,5_5378,4862.60,102.00,615.10,50.00,1,71.28
19180.00,5_5262,4842.40,159.00,617.75,95.00,1,124.20
19180.00,5_5386,4866.20,98.00,615.10,46.00,2,67.39
19181.00,5_5389,4871.30,93.00,615.10,42.00,2,61.13
19182.00,5_5229,4816.30,197.00,596.93,129.00,1,155.65
19182.00,5_5282,4844.40,153.00,617.75,89.00,1,119.33
19183.00,5_5230,4819.00,195.00,596.93,126.00,1,160.26
19183.00,5_5398,4876.60,87.00,615.10,37.00,2,54.94
19184.00,5_5316,4858.20,131.00,617.75,66.00,1,102.42
19185.00,5_5247,4834.90,176.00,596.93,109.00,1,142.59
19186.00,5_5254,4838.80,171.00,596.93,103.00,1,143.02
19186.00,5_5327,4861.90,126.00,617.75,60.00,1,94.58
19186.00,5_5401,4878.70,87.00,615.10,35.00,2,49.18
19189.00,5_5256,4841.20,171.00,596.93,102.00,1,136.55
19189.00,5_5427,4879.90,81.00,615.10,25.00,1,41.15
19190.00,5_5340,4860.00,128.00,617.75,60.00,1,94.55
19191.00,5_5298,4845.60,156.00,596.93,86.00,1,126.36
19191.00,5_5361,4854.70,128.00,617.75,59.00,1,100.54
19191.00,5_5457,4884.90,69.00,615.10,13.00,1,35.88
19192.00,5_5460,4887.00,67.00,615.10,11.00,1,34.19
19193.00,5_5308,4851.60,149.00,596.93,79.00,1,118.34
19194.00,5_5481,4892.70,57.00,615.10,3.00,1,22.07
19195.00,5_5368,4860.60,124.00,617.75,55.00,1,89.95
19196.00,5_5495,4900.50,47.00,615.10,0.00,0,11.46
19197.00,5_5321,4857.70,143.00,596.93,72.00,1,109.00
19197.00,5_5454,4879.80,81.00,615.10,19.00,1,46.09
19198.00,5_5376,4862.20,123.00,617.75,51.00,1,89.17
19199.00,5_5367,4857.90,131.00,596.93,59.00,1,96.59
19199.00,5_5483,4895.10,59.00,615.10,0.00,0,26.32
19200.00,5_5395,4872.50,109.00,617.75,38.00,1,76.60
19201.00,5_5383,4864.10,122.00,596.93,49.00,1,90.58
19203.00,5_5387,4868.90,118.00,596.93,45.00,1,87.97
19205.00,5_5408,4879.60,103.00,617.75,27.00,1,64.54
19206.00,5_5409,4880.30,103.00,617.75,27.00,1,71.41
19307.00,5_2366,5079.20,918.00,596.93,829.00,3,888.45
19308.00,5_2620,5402.00,520.00,615.10,462.00,2,489.97
19309.00,5_2395,5087.50,903.00,596.93,814.00,3,873.03
19309.00,5_2501,5348.70,610.00,617.75,526.00,5,576.92
19311.00,5_2502,5350.40,610.00,607.65,522.00,4,578.74
19312.00,5_2560,5373.00,571.00,596.93,509.00,2,539.40
19312.00,5_2625,5403.50,521.00,615.10,459.00,2,485.69
19313.00,5_2642,5668.40,252.00,615.10,195.00,2,220.99
19315.00,5_2515,5358.50,602.00,617.75,517.00,3,568.51
19316.00,5_2396,5090.20,907.00,596.93,813.00,5,873.51
19316.00,5_2573,5378.10,566.00,617.75,482.00,4,536.65
19318.00,5_2404,5090.80,906.00,596.93,810.00,4,875.21
19319.00,5_2434,5105.80,883.00,596.93,783.00,4,853.31
19322.00,5_2578,5386.60,562.00,596.93,499.00,3,531.73
19323.00,5_2590,5390.00,556.00,617.75,463.00,4,526.01
19324.00,5_2465,5114.50,870.00,596.93,774.00,4,840.53
19324.00,5_2579,5389.30,561.00,617.75,469.00,4,519.04
19324.00,5_2584,5390.80,558.00,617.75,468.00,4,524.27
19324.00,5_2648,5674.60,255.00,615.10,199.00,1,224.84
19326.00,5_2594,5390.80,557.00,617.75,462.00,3,525.33
19326.00,5_2681,5689.70,232.00,615.10,185.00,1,204.19
19328.00,5_2606,5394.20,552.00,617.75,459.00,4,520.12
19328.00,5_2628,5405.60,534.00,596.93,472.00,3,502.37
19331.00,5_2475,5123.50,865.00,596.93,766.00,4,831.23
19331.00,5_2608,5395.60,553.00,617.75,456.00,3,521.44
19332.00,5_2492,5337.40,647.00,596.93,547.00,3,616.20
19332.00,5_2688,5691.60,234.00,615.10,183.00,1,196.12
19332.00,5_2696,5695.20,228.00,605.00,179.00,2,197.94
19333.00,5_2617,5399.90,548.00,617.75,453.00,4,515.63
19335.00,5_2692,5693.40,234.00,615.10,182.00,1,194.23
19335.00,5_2708,5697.60,225.00,617.75,170.00,1,193.09
19336.00,5_2500,5344.00,642.00,596.93,543.00,2,608.19
19336.00,5_2725,5709.50,209.00,615.10,159.00,1,180.23
19338.00,5_2711,5699.70,225.00,617.75,168.00,1,193.99
19339.00,5_2504,5352.80,635.00,596.93,542.00,2,600.32
19339.00,5_2757,5718.90,193.00,615.10,144.00,1,155.51
19340.00,5_2715,5701.50,224.00,617.75,165.00,1,192.16
19340.00,5_2754,5716.80,197.00,615.10,141.00,2,170.47
19341.00,5_2514,5355.80,631.00,596.93,543.00,2,598.71
19343.00,5_2720,5709.00,218.00,617.75,159.00,1,185.38
19345.00,5_2731,5710.70,215.00,617.75,154.00,1,182.64
19346.00,5_2527,5364.90,623.00,596.93,535.00,2,587.16
19347.00,5_2543,5372.10,612.00,596.93,526.00,2,578.63
19347.00,5_2735,5714.50,212.00,617.75,153.00,1,179.64
19349.00,5_2519,5361.30,632.00,596.93,549.00,3,600.18
19350.00,5_2740,5717.00,211.00,617.75,151.00,1,176.29
19352.00,5_2533,5369.10,623.00,596.93,532.00,3,591.06
19354.00,5_2556,5371.20,616.00,596.93,524.00,5,586.50
19356.00,5_2561,5375.70,612.00,596.93,521.00,3,582.04
19358.00,5_2574,5378.80,607.00,596.93,511.00,3,576.18
19361.00,5_2706,5695.20,254.00,596.93,198.00,1,221.62
19364.00,5_2576,5384.20,607.00,596.93,507.00,4,573.46
19364.00,5_2801,5884.70,39.00,617.75,0.00,0,9.90
19366.00,5_2805,5884.50,40.00,615.10,0.00,0,8.15
19368.00,5_2736,5715.20,232.00,596.93,171.00,1,196.26
19369.00,5_2758,5721.60,220.00,596.93,163.00,2,188.56
19370.00,5_2819,5884.30,40.00,615.10,0.00,0,5.82
19371.00,5_2765,5731.50,210.00,596.93,151.00,1,179.97
19375.00,5_2599,5392.30,603.00,596.93,495.00,5,568.35
19377.00,5_2646,5670.20,313.00,596.93,209.00,3,279.56
19378.00,5_2832,5886.40,42.00,615.10,0.00,0,9.91
19379.00,5_2787,5730.90,212.00,596.93,148.00,1,179.41
19379.00,5_2825,5887.50,44.00,617.75,0.00,0,7.80
19381.00,5_2663,5675.10,307.00,596.93,209.00,5,279.02
19382.00,5_2670,5684.00,297.00,596.93,202.00,1,267.44
19387.00,5_2649,5676.30,316.00,596.93,209.00,3,282.23
19389.00,5_2664,5677.80,312.00,596.93,205.00,1,282.08
19390.00,5_2719,5706.30,268.00,596.93,186.00,1,241.09
19394.00,5_2680,5687.00,303.00,596.93,208.00,3,270.54
19394.00,5_2851,5896.70,42.00,617.75,0.00,0,7.62
19394.00,5_2856,5899.20,38.00,615.10,0.00,0,7.81
19397.00,5_2718,5703.60,278.00,596.93,189.00,1,245.25
19399.00,5_2734,5711.80,267.00,596.93,178.00,2,237.24
19400.00,5_2753,5714.10,260.00,596.93,173.00,2,233.23
19401.00,5_2857,5901.90,42.00,617.75,0.00,0,8.37
19405.00,5_2760,5727.00,250.00,596.93,156.00,1,217.19
19407.00,5_2865,5905.50,42.00,617.75,0.00,0,8.09
19407.00,5_2868,5907.60,39.00,615.10,0.00,0,6.41
19409.00,5_2759,5724.30,257.00,596.93,162.00,2,220.47
19411.00,5_2763,5729.10,253.00,596.93,156.00,2,221.03
19411.00,5_2872,5909.40,40.00,617.75,0.00,0,7.57
19412.00,5_2771,5732.70,248.00,596.93,153.00,2,216.36
19418.00,5_4988,4752.60,569.00,596.93,508.00,2,535.30
19418.00,5_5141,4798.70,477.00,615.10,421.00,2,445.15
19418.00,5_5154,4800.80,471.00,615.10,415.00,2,444.28
19419.00,5_5027,4754.90,556.00,596.93,495.00,2,525.58
19420.00,5_5054,4773.80,530.00,617.75,468.00,2,494.82
19422.00,5_5159,4803.30,471.00,615.10,413.00,2,439.12
19423.00,5_5031,4756.70,557.00,596.93,491.00,2,523.35
19424.00,5_5032,4759.40,555.00,596.93,489.00,2,525.65
19425.00,5_5060,4780.00,527.00,617.75,459.00,2,484.82
19425.00,5_5071,4781.70,522.00,617.75,456.00,2,489.66
19426.00,5_5036,4761.20,554.00,596.93,487.00,2,524.64
19427.00,5_5078,4785.60,518.00,617.75,454.00,2,490.09
19427.00,5_5170,4809.00,467.00,615.10,403.00,2,428.66
19428.00,5_5084,4785.80,517.00,617.75,451.00,2,485.29
19428.00,5_5196,4820.20,449.00,615.10,383.00,2,415.88
19430.00,5_5048,4766.60,549.00,596.93,480.00,2,515.97
19430.00,5_5087,4786.90,517.00,617.75,448.00,2,483.01
19430.00,5_5198,4822.60,448.00,615.10,381.00,2,413.16
19431.00,5_5052,4771.40,544.00,596.93,477.00,2,514.50
19432.00,5_5093,4787.10,517.00,617.75,447.00,2,486.26
19432.00,5_5234,4822.80,439.00,615.10,373.00,2,404.88
19433.00,5_5251,4824.70,433.00,615.10,367.00,2,398.76
19435.00,5_5055,4775.50,543.00,596.93,472.00,2,510.54
19435.00,5_5252,4827.40,432.00,615.10,366.00,2,401.74
19436.00,5_5097,4787.90,519.00,617.75,445.00,2,482.96
19436.00,5_5259,4832.30,426.00,615.10,361.00,2,393.58
19437.00,5_5268,4835.60,421.00,615.10,354.00,2,392.53
19438.00,5_5056,4778.20,543.00,596.93,471.00,3,508.66
19438.00,5_5124,4793.80,507.00,617.75,433.00,3,474.84
19439.00,5_5126,4795.20,506.00,617.75,432.00,2,474.48
19440.00,5_5068,4779.60,540.00,596.93,466.00,2,510.84
19440.00,5_5273,4840.10,418.00,615.10,349.00,2,381.82
19441.00,5_5075,4783.50,535.00,596.93,463.00,2,506.57
19441.00,5_5276,4842.20,416.00,615.10,349.00,2,384.38
19443.00,5_5286,4846.20,411.00,615.10,343.00,2,381.78
19444.00,5_5148,4798.60,501.00,617.75,427.00,2,465.00
19444.00,5_5293,4850.10,406.00,615.10,338.00,2,373.82
19445.00,5_5107,4789.90,523.00,596.93,446.00,2,491.54
19447.00,5_5153,4799.10,502.00,617.75,423.00,2,464.15
19449.00,5_5123,4791.10,521.00,596.93,442.00,2,485.56
19449.00,5_5158,4802.60,499.00,617.75,421.00,2,463.26
19450.00,5_5336,4929.20,320.00,615.10,271.00,2,284.48
19451.00,5_5139,4796.30,513.00,596.93,433.00,2,485.13
19452.00,5_5160,4806.00,498.00,617.75,419.00,2,459.55
19452.00,5_5186,4808.20,488.00,596.93,409.00,2,458.15
19452.00,5_5344,4930.80,318.00,615.10,267.00,1,284.75
19454.00,5_5161,4806.70,499.00,617.75,416.00,2,463.79
19454.00,5_5189,4810.30,487.00,596.93,405.00,2,456.95
19456.00,5_5164,4807.80,499.00,617.75,415.00,2,467.78
19456.00,5_5351,4935.70,315.00,615.10,264.00,1,276.35
19457.00,5_5175,4810.50,494.00,617.75,413.00,2,462.44
19458.00,5_5357,4939.90,311.00,615.10,260.00,1,280.74
19460.00,5_5266,4833.20,447.00,596.93,371.00,3,410.77
19461.00,5_5284,4843.80,432.00,596.93,355.00,3,400.14
19461.00,5_5363,4941.10,311.00,615.10,257.00,1,270.68
19463.00,5_5220,4822.00,475.00,617.75,392.00,2,435.31
19463.00,5_5396,4939.20,305.00,615.10,252.00,1,273.09
19464.00,5_5227,4823.90,472.00,617.75,388.00,2,436.14
19464.00,5_5405,4942.50,300.00,615.10,247.00,1,272.87
19465.00,5_5192,4812.40,495.00,596.93,412.00,4,459.01
19466.00,5_5193,4815.10,493.00,586.83,409.00,4,464.63
19466.00,5_5258,4831.60,457.00,617.75,368.00,3,423.48
19466.00,5_5420,4944.00,296.00,615.10,242.00,1,260.79
19467.00,5_5243,4826.10,468.00,607.65,383.00,3,432.59
19467.00,5_5433,4952.10,285.00,615.10,232.00,1,254.91
19468.00,5_5195,4817.50,492.00,596.93,405.00,3,462.23
19469.00,5_5283,4843.10,441.00,617.75,351.00,3,408.45
19469.00,5_5436,4953.20,285.00,615.10,230.00,1,253.72
19470.00,5_5452,4954.40,280.00,615.10,226.00,1,254.35
19472.00,5_5201,4824.70,487.00,596.93,399.00,3,451.81
19472.00,5_5310,4920.00,359.00,617.75,271.00,1,325.83
19472.00,5_5465,4954.50,278.00,615.10,224.00,1,244.42
19473.00,5_5225,4821.50,484.00,596.93,396.00,3,455.93
19474.00,5_5314,4919.80,360.00,617.75,271.00,1,326.21
19474.00,5_5470,4961.00,272.00,615.10,217.00,1,241.79
19475.00,5_5315,4920.50,360.00,617.75,271.00,1,330.56
19475.00,5_5473,4962.10,271.00,605.00,216.00,1,240.91
19477.00,5_5239,4824.30,481.00,596.93,386.00,4,446.12
19477.00,5_5319,4923.30,358.00,617.75,270.00,1,328.30
19478.00,5_5255,4829.50,472.00,596.93,377.00,5,440.91
19480.00,5_5269,4838.30,461.00,596.93,360.00,4,429.70
19482.00,5_5467,4956.90,285.00,617.75,223.00,2,251.17
19483.00,5_5301,4849.70,443.00,596.93,341.00,2,411.68
19484.00,5_5486,4964.20,274.00,617.75,210.00,2,241.82
19485.00,5_5497,4961.90,274.00,596.93,212.00,1,243.81
19487.00,5_5341,4929.70,355.00,617.75,272.00,3,318.84
19487.00,5_5482,4962.40,280.00,596.93,220.00,1,250.29
19489.00,5_5348,4935.60,349.00,617.75,271.00,1,321.78
19491.00,5_5288,4848.60,456.00,596.93,349.00,4,423.76
19492.00,5_5385,4940.50,336.00,617.75,260.00,1,299.98
19494.00,5_5394,4938.80,337.00,617.75,259.00,1,303.60
19495.00,5_5410,4944.00,328.00,617.75,252.00,1,299.27
19496.00,5_5468,4957.60,298.00,596.93,237.00,2,260.50
19498.00,5_5306,4918.20,388.00,596.93,279.00,4,356.75
19499.00,5_5325,4923.50,378.00,596.93,276.00,2,347.32
19499.00,5_5548,5191.60,43.00,615.10,0.00,0,5.90
19500.00,5_5414,4943.80,332.00,617.75,251.00,1,294.62
19501.00,5_5549,5194.30,42.00,615.10,0.00,0,10.47
19502.00,5_5431,4950.70,322.00,617.75,237.00,2,285.31
19503.00,5_5330,4925.00,379.00,596.93,275.00,2,343.90
19504.00,5_5345,4933.50,367.00,596.93,273.00,1,335.60
19504.00,5_5423,4952.10,325.00,617.75,244.00,1,291.60
19504.00,5_5547,5189.90,50.00,615.10,0.00,0,14.76
19506.00,5_5429,4882.30,395.00,617.75,324.00,2,365.21
19506.00,5_5461,4954.70,313.00,617.75,231.00,2,279.70
19507.00,5_5517,4907.90,344.00,615.10,301.00,1,310.12
19507.00,5_5556,5199.20,41.00,615.10,0.00,0,7.56
19508.00,5_5354,4937.80,364.00,596.93,272.00,1,333.11
19508.00,5_5397,4873.90,415.00,596.93,341.00,2,376.82
19509.00,5_5384,4937.80,356.00,596.93,270.00,1,327.75
19509.00,5_5469,4960.30,308.00,617.75,222.00,2,272.32
19511.00,5_5399,4941.30,350.00,596.93,264.00,1,319.76
19512.00,5_5506,5181.20,79.00,617.75,0.00,0,43.92
19512.00,5_5565,5205.50,37.00,615.10,0.00,0,10.33
19513.00,5_5421,4946.70,340.00,596.93,256.00,3,308.33
19514.00,5_5523,5187.10,70.00,617.75,0.00,0,35.23
19516.00,5_5564,5202.80,44.00,615.10,0.00,0,11.73
19517.00,5_5422,4949.40,341.00,596.93,253.00,2,308.65
19517.00,5_5526,5188.20,71.00,617.75,0.00,0,35.49
19519.00,5_5551,5196.70,57.00,617.75,0.00,0,22.90
19521.00,5_5446,4953.20,334.00,596.93,243.00,1,298.06
19521.00,5_5553,5198.10,57.00,617.75,0.00,0,24.08
19521.00,5_5570,5207.00,43.00,615.10,0.00,0,13.22
19522.00,5_5504,5174.80,96.00,596.93,6.00,2,68.30
19523.00,5_5573,5212.10,39.00,615.10,0.00,0,8.43
19525.00,5_5583,5214.10,36.00,615.10,0.00,0,8.05
19527.00,5_5579,5213.30,40.00,617.75,0.00,0,7.54
19529.00,5_5519,5179.30,94.00,596.93,3.00,1,53.83
19530.00,5_5531,5188.70,82.00,596.93,0.00,0,49.91
19532.00,5_5416,4880.20,427.00,586.83,348.00,3,397.63
19534.00,5_5545,4918.50,352.00,615.10,302.00,2,320.15
19535.00,5_5455,4882.50,416.00,596.93,334.00,3,385.87
19536.00,5_5581,4927.70,334.00,615.10,280.00,2,302.71
19539.00,5_5439,4880.30,427.00,617.75,340.00,3,384.82
19539.00,5_5576,4924.20,342.00,615.10,278.00,3,308.44
19540.00,5_5441,4881.70,426.00,617.75,339.00,3,390.05
19540.00,5_5474,4885.80,412.00,596.93,327.00,3,377.16
19540.00,5_5588,4931.60,332.00,615.10,276.00,2,301.00
19542.00,5_5475,4888.50,411.00,596.93,325.00,3,376.28
19542.00,5_5585,4929.50,337.00,615.10,274.00,3,306.58
19543.00,5_5484,4897.80,400.00,617.75,315.00,2,360.54
19544.00,5_5480,4890.00,410.00,596.93,320.00,3,376.84
19544.00,5_5485,4898.50,400.00,607.65,315.00,3,367.98
19544.00,5_5593,4936.10,330.00,615.10,266.00,2,295.95
19546.00,5_5605,4938.50,326.00,615.10,265.00,2,293.27
19547.00,5_5492,4898.40,401.00,596.93,311.00,2,367.82
19547.00,5_5612,4939.40,324.00,615.10,262.00,3,295.73
19548.00,5_5496,4903.20,396.00,617.75,312.00,2,358.22
19549.00,5_5620,4946.00,317.00,615.10,256.00,2,284.41
19551.00,5_5510,4904.00,394.00,596.93,310.00,2,357.95
19551.00,5_5627,4948.90,314.00,615.10,252.00,2,280.37
19552.00,5_5498,4904.60,398.00,617.75,312.00,2,359.15
19552.00,5_5644,4953.80,305.00,615.10,246.00,2,274.77
19553.00,5_5499,4906.30,397.00,617.75,310.00,3,366.36
19553.00,5_5527,4907.90,387.00,596.93,309.00,2,352.38
19554.00,5_5528,4910.60,385.00,596.93,306.00,2,354.37
19554.00,5_5654,4958.80,299.00,615.10,238.00,2,269.86
19555.00,5_5512,4906.40,395.00,617.75,310.00,2,365.78
19557.00,5_5516,4906.20,396.00,617.75,308.00,2,362.72
19557.00,5_5532,4912.40,385.00,596.93,305.00,2,353.19
19559.00,5_5534,4914.80,384.00,617.75,307.00,2,350.52
19560.00,5_5541,4916.70,381.00,596.93,304.00,2,348.18
19560.00,5_5678,4958.60,298.00,615.10,231.00,2,257.95
19562.00,5_5557,4919.90,375.00,596.93,304.00,2,343.27
19563.00,5_5536,4916.20,386.00,617.75,310.00,2,350.22
19563.00,5_5575,4921.50,369.00,596.93,300.00,2,338.97
19564.00,5_5708,4963.60,288.00,615.10,217.00,2,243.57
19564.00,5_5728,4972.60,273.00,615.10,208.00,2,245.10
19565.00,5_5546,4921.20,380.00,617.75,308.00,2,344.47
19566.00,5_5563,4921.10,376.00,617.75,307.00,2,347.23
19566.00,5_5737,4975.90,269.00,615.10,202.00,2,241.05
19567.00,5_5590,4934.00,356.00,596.93,284.00,2,323.34
19568.00,5_5739,4978.30,268.00,615.10,200.00,3,234.18
19569.00,5_5567,4921.90,377.00,617.75,307.00,2,343.08
19570.00,5_5741,4980.70,267.00,615.10,198.00,2,230.85
19571.00,5_5745,4982.50,265.00,615.10,195.00,2,231.01
19671.00,5_2884,5917.80,288.00,615.10,243.00,1,263.46
19673.00,5_2790,5882.00,354.00,596.93,255.00,2,320.61
19674.00,5_2917,5940.90,258.00,615.10,213.00,1,228.10
19675.00,5_2877,5913.90,298.00,617.75,250.00,1,261.77
19675.00,5_2891,5921.70,286.00,615.10,240.00,1,254.77
19676.00,5_2913,5939.10,263.00,615.10,211.00,1,232.28
19678.00,5_2892,5924.40,286.00,617.75,239.00,1,254.08
19678.00,5_2926,5947.20,253.00,615.10,206.00,1,222.25
19679.00,5_2799,5882.30,357.00,596.93,254.00,2,316.50
19679.00,5_2814,5882.80,352.00,596.93,254.00,1,320.74
19681.00,5_2824,5884.80,349.00,596.93,252.00,1,316.42
19682.00,5_2904,5932.80,278.00,617.75,228.00,1,242.25
19682.00,5_2943,5948.10,251.00,615.10,201.00,1,216.89
19683.00,5_2905,5935.50,276.00,617.75,227.00,1,248.16
19684.00,5_2834,5888.80,345.00,596.93,251.00,1,310.19
19684.00,5_2946,5953.20,247.00,615.10,195.00,1,212.50
19685.00,5_2959,5960.30,237.00,615.10,189.00,1,206.95
19686.00,5_2919,5943.30,267.00,617.75,217.00,1,232.23
19687.00,5_2836,5891.20,345.00,596.93,250.00,1,309.44
19687.00,5_2988,5971.60,219.00,615.10,166.00,1,184.45
19689.00,5_2840,5894.00,343.00,596.93,250.00,1,314.95
19689.00,5_3006,5979.20,208.00,615.10,158.00,1,180.76
19690.00,5_3003,5977.10,212.00,615.10,158.00,2,181.77
19691.00,5_2924,5944.80,269.00,617.75,213.00,1,230.79
19692.00,5_2849,5894.30,343.00,596.93,249.00,1,309.17
19692.00,5_3007,5981.90,208.00,615.10,152.00,2,176.84
19693.00,5_2854,5896.80,340.00,596.93,248.00,1,310.00
19693.00,5_2931,5948.70,265.00,617.75,211.00,1,230.19
19693.00,5_3011,5983.70,206.00,615.10,150.00,2,179.99
19695.00,5_2864,5902.80,333.00,596.93,249.00,1,304.61
19695.00,5_3042,5998.40,184.00,615.10,134.00,1,154.38
19696.00,5_2948,5955.60,256.00,617.75,198.00,1,216.97
19697.00,5_2958,5958.60,251.00,617.75,196.00,1,219.17
19697.00,5_3040,5996.00,189.00,615.10,132.00,2,154.84
19698.00,5_3047,5999.90,184.00,615.10,130.00,2,151.46
19699.00,5_2965,5970.50,239.00,617.75,183.00,1,208.47
19700.00,5_2875,5911.50,326.00,596.93,249.00,2,291.20
19700.00,5_2977,5971.90,235.00,617.75,180.00,1,207.26
19700.00,5_3062,6006.40,175.00,615.10,124.00,1,143.81
19701.00,5_2879,5916.30,321.00,596.93,248.00,1,291.26
19701.00,5_3070,6010.00,170.00,615.10,120.00,1,140.08
19703.00,5_2889,5919.30,317.00,596.93,247.00,1,286.59
19703.00,5_3073,6012.10,169.00,615.10,117.00,1,136.48
19705.00,5_2989,5974.30,234.00,617.75,175.00,1,197.60
19705.00,5_3088,6021.60,157.00,615.10,106.00,1,122.76
19706.00,5_3098,6026.60,150.00,615.10,99.00,1,120.37
19707.00,5_2995,5974.50,234.00,617.75,174.00,1,203.04
19708.00,5_3103,6028.10,149.00,615.10,98.00,1,116.97
19709.00,5_3016,5985.20,219.00,617.75,154.00,2,185.33
19710.00,5_2893,5927.10,315.00,596.93,247.00,1,276.98
19710.00,5_3023,5985.10,218.00,617.75,152.00,1,186.59
19710.00,5_3115,6027.50,148.00,615.10,96.00,1,114.79
19711.00,5_2897,5928.90,313.00,596.93,246.00,1,281.64
19713.00,5_2902,5930.40,312.00,596.93,246.00,1,283.93
19714.00,5_2912,5936.40,304.00,596.93,242.00,1,273.43
19714.00,5_3117,6031.90,147.00,615.10,94.00,1,108.68
19715.00,5_3028,5986.60,220.00,617.75,151.00,1,183.64
19716.00,5_2945,5950.50,282.00,596.93,220.00,1,255.16
19716.00,5_3035,5989.50,216.00,617.75,152.00,1,188.36
19720.00,5_3127,6034.90,147.00,615.10,89.00,1,103.91
19720.00,5_3131,6035.70,145.00,615.10,88.00,1,114.41
19721.00,5_2953,5957.10,278.00,596.93,210.00,1,242.08
19721.00,5_3051,6001.70,204.00,617.75,137.00,1,165.99
19722.00,5_2962,5962.40,271.00,596.93,206.00,2,240.70
19722.00,5_3144,6043.80,135.00,615.10,79.00,1,102.86
19723.00,5_3053,6003.10,204.00,617.75,136.00,1,169.24
19723.00,5_3147,6045.90,133.00,615.10,78.00,1,106.95
19724.00,5_2963,5964.10,271.00,596.93,202.00,1,240.51
19724.00,5_3058,6004.60,202.00,617.75,135.00,1,174.65
19725.00,5_3164,6046.80,129.00,615.10,75.00,1,95.25
19726.00,5_3059,6006.30,202.00,617.75,133.00,1,172.23
19727.00,5_3075,6014.50,190.00,617.75,125.00,1,160.00
19728.00,5_3245,6050.50,104.00,615.10,51.00,1,67.35
19729.00,5_2964,5967.80,272.00,596.93,201.00,2,236.65
19731.00,5_2972,5970.40,269.00,596.93,200.00,1,235.84
19732.00,5_2998,5975.60,257.00,596.93,189.00,1,226.24
19735.00,5_3077,6014.90,197.00,617.75,124.00,1,154.90
19736.00,5_3093,6024.10,184.00,617.75,112.00,1,145.94
19737.00,5_3030,5988.00,240.00,596.93,167.00,1,203.56
19737.00,5_3116,6030.20,172.00,617.75,100.00,1,141.97
19737.00,5_3277,6099.90,54.00,615.10,0.00,0,19.31
19738.00,5_3280,6102.00,52.00,615.10,0.00,0,18.94
19739.00,5_3036,5991.20,237.00,596.93,163.00,1,203.80
19740.00,5_3229,6049.30,122.00,617.75,55.00,2,84.20
19740.00,5_3283,6103.10,52.00,615.10,0.00,0,19.01
19741.00,5_3227,6046.90,126.00,596.93,63.00,2,94.40
19742.00,5_3037,5993.90,237.00,596.93,163.00,1,208.50
19742.00,5_3139,6040.30,160.00,617.75,85.00,1,128.74
19743.00,5_3148,6048.60,150.00,617.75,77.00,1,119.05
19745.00,5_3066,6008.20,217.00,596.93,141.00,1,185.53
19746.00,5_3201,6044.70,141.00,617.75,67.00,1,106.82
19748.00,5_3305,6112.50,44.00,615.10,0.00,0,5.13
19752.00,5_5535,5190.50,301.00,596.93,219.00,1,269.37
19754.00,5_5599,5225.30,249.00,615.10,202.00,1,216.00
19755.00,5_5559,5201.30,286.00,596.93,218.00,1,254.83
19755.00,5_5596,5222.20,254.00,617.75,206.00,1,218.95
19757.00,5_5604,5226.80,249.00,617.75,202.00,1,214.98
19759.00,5_5624,5238.80,233.00,617.75,185.00,1,198.71
19760.00,5_5572,5209.40,279.00,596.93,218.00,1,242.19
19760.00,5_5608,5231.60,246.00,615.10,192.00,1,204.06
19760.00,5_5629,5240.30,231.00,607.65,183.00,1,203.00
19761.00,5_5584,5216.80,269.00,596.93,217.00,1,240.50
19761.00,5_5630,5243.00,229.00,615.10,178.00,1,198.37
19763.00,5_5637,5249.90,222.00,615.10,167.00,1,183.54
19764.00,5_5586,5219.20,269.00,596.93,217.00,1,233.46
19764.00,5_5631,5245.70,229.00,617.75,178.00,1,195.88
19764.00,5_5641,5251.70,220.00,615.10,165.00,1,193.10
19765.00,5_5664,5265.80,200.00,615.10,145.00,1,168.77
19766.00,5_5589,5221.30,268.00,596.93,216.00,1,234.86
19767.00,5_5633,5248.10,229.00,617.75,176.00,1,192.81
19767.00,5_5694,5278.80,180.00,615.10,126.00,1,143.39
19767.00,5_5701,5279.70,177.00,615.10,126.00,1,146.57
19768.00,5_5606,5229.20,257.00,596.93,204.00,1,224.25
19769.00,5_5648,5255.60,219.00,617.75,165.00,1,186.63
19770.00,5_5613,5233.10,253.00,596.93,200.00,1,223.96
19770.00,5_5753,5280.10,164.00,615.10,111.00,1,126.90
19772.00,5_5619,5234.30,252.00,596.93,199.00,1,223.21
19772.00,5_5655,5259.50,216.00,617.75,162.00,1,184.05
19772.00,5_5756,5282.20,163.00,615.10,110.00,1,130.66
19773.00,5_5768,5284.60,158.00,615.10,105.00,1,128.22
19774.00,5_5656,5262.20,215.00,617.75,160.00,1,182.20
19775.00,5_5806,5297.20,136.00,615.10,84.00,1,108.81
19776.00,5_5661,5263.70,214.00,617.75,159.00,1,183.74
19776.00,5_5810,5299.00,134.00,615.10,82.00,1,99.92
19777.00,5_5622,5236.40,254.00,596.93,198.00,1,220.01
19778.00,5_5861,5302.70,117.00,615.10,65.00,1,83.20
19779.00,5_5668,5270.60,208.00,617.75,150.00,1,174.15
19779.00,5_5879,5303.30,112.00,615.10,61.00,1,82.88
19780.00,5_5674,5271.80,206.00,617.75,149.00,1,174.27
19781.00,5_5880,5306.00,111.00,615.10,59.00,1,82.39
19782.00,5_5643,5254.10,235.00,596.93,174.00,1,196.11
19782.00,5_5883,5308.10,109.00,615.10,59.00,1,81.33
19783.00,5_5651,5257.70,230.00,596.93,172.00,1,197.17
19783.00,5_5683,5271.10,207.00,617.75,150.00,1,176.60
19785.00,5_5665,5268.50,217.00,596.93,158.00,1,184.78
19785.00,5_5687,5274.90,204.00,617.75,147.00,1,172.39
19788.00,5_5902,5305.40,112.00,615.10,57.00,1,71.00
19790.00,5_5685,5272.50,212.00,596.93,149.00,1,173.34
19790.00,5_5714,5278.80,197.00,617.75,136.00,1,160.88
19790.00,5_5903,5308.10,111.00,615.10,55.00,1,78.20
19791.00,5_5909,5312.30,106.00,615.10,52.00,1,73.94
19792.00,5_5749,5278.30,189.00,617.75,127.00,1,154.88
19793.00,5_5725,5277.50,198.00,596.93,136.00,1,165.98
19793.00,5_5926,5319.20,96.00,615.10,40.00,1,63.33
19794.00,5_5929,5321.30,94.00,615.10,39.00,1,65.74
19795.00,5_5727,5279.90,197.00,596.93,132.00,1,167.39
19795.00,5_5760,5284.00,183.00,617.75,118.00,1,147.80
19796.00,5_5688,5277.60,212.00,596.93,141.00,1,167.61
19796.00,5_5933,5327.10,89.00,615.10,34.00,1,57.37
19796.00,5_5962,5334.40,73.00,615.10,25.00,1,44.91
19797.00,5_5945,5328.50,85.00,615.10,30.00,1,54.39
19798.00,5_5747,5276.90,197.00,596.93,131.00,1,168.97
19798.00,5_5770,5287.00,180.00,617.75,115.00,1,142.34
19799.00,5_5786,5289.20,174.00,596.93,109.00,1,146.05
19799.00,5_5949,5330.30,84.00,615.10,31.00,1,53.00
19800.00,5_5778,5286.60,180.00,617.75,114.00,1,144.31
19802.00,5_5785,5287.50,179.00,617.75,113.00,1,142.72
19802.00,5_5788,5291.60,174.00,596.93,109.00,1,141.11
19803.00,5_5980,5343.00,66.00,615.10,13.00,1,30.80
19804.00,5_5982,5346.40,63.00,615.10,10.00,1,32.97
19805.00,5_5792,5293.40,174.00,617.75,107.00,1,137.83
19806.00,5_5796,5294.20,173.00,596.93,106.00,1,137.79
19806.00,5_5819,5299.30,161.00,617.75,94.00,1,128.72
19806.00,5_5983,5349.10,62.00,615.10,8.00,1,31.02
19807.00,5_5799,5296.30,171.00,596.93,103.00,1,140.59
19809.00,5_5828,5298.60,162.00,617.75,92.00,1,126.19
19809.00,5_5832,5299.40,160.00,596.93,92.00,1,132.09
19810.00,5_5844,5298.80,158.00,617.75,89.00,1,128.02
19811.00,5_5847,5299.90,157.00,596.93,88.00,1,127.05
19813.00,5_5874,5301.80,149.00,596.93,80.00,1,120.10
19813.00,5_5998,5353.60,60.00,617.75,3.00,1,26.33
19815.00,5_5935,5329.50,105.00,617.75,45.00,2,76.06
19818.00,6_4,5293.00,61.00,617.75,6.00,1,25.10
19819.00,5_5905,5310.50,137.00,596.93,64.00,1,100.32
19820.00,5_5931,5323.70,117.00,596.93,44.00,1,85.34
19822.00,5_5951,5333.70,103.00,596.93,30.00,1,73.71
19823.00,5_5850,5302.00,166.00,617.75,88.00,3,132.00
19823.00,5_5966,5339.20,94.00,617.75,33.00,2,54.34
19825.00,5_5965,5336.50,99.00,596.93,26.00,1,67.31
19825.00,6_27,4929.00,64.00,617.75,5.00,1,32.87
19826.00,6_56,4474.00,56.00,615.10,0.00,0,18.82
19827.00,5_5978,5337.60,96.00,596.93,21.00,1,64.48
19828.00,5_5853,5303.10,169.00,617.75,85.00,1,135.24
19828.00,6_58,4444.00,56.00,615.10,0.00,0,24.97
19829.00,5_5912,5314.40,141.00,617.75,60.00,1,111.72
19829.00,5_5979,5340.30,95.00,596.93,20.00,1,65.73
19829.00,6_64,4351.00,54.00,615.10,0.00,0,24.26
19831.00,5_5995,5348.50,84.00,596.93,10.00,1,54.31
19831.00,6_72,4224.00,55.00,615.10,0.00,0,25.10
19831.00,6_78,4131.00,52.00,615.10,0.00,0,17.93
19832.00,5_5974,5337.80,102.00,607.65,16.00,1,69.70
19834.00,5_5914,5315.80,144.00,617.75,61.00,2,111.66
19835.00,5_5996,5351.20,85.00,596.93,8.00,1,52.55
19836.00,5_5920,5316.00,144.00,617.75,58.00,1,111.89
19837.00,5_5999,5354.30,83.00,596.93,5.00,1,51.86
19837.00,6_32,4850.00,75.00,615.10,3.00,1,33.47
19840.00,5_5921,5317.70,146.00,617.75,56.00,1,111.45
19840.00,6_11,5182.00,82.00,596.93,4.00,1,49.09
19840.00,6_129,3336.00,40.00,615.10,0.00,0,9.05
19842.00,5_5924,5318.80,146.00,617.75,54.00,1,115.90
19844.00,6_47,4614.00,78.00,596.93,0.00,0,43.84
19846.00,5_5932,5326.40,140.00,617.75,50.00,2,104.85
19847.00,5_5944,5327.80,136.00,617.75,43.00,2,105.05
19847.00,6_88,3975.00,64.00,596.93,0.00,0,28.13
19849.00,6_94,3882.00,63.00,596.93,0.00,0,31.27
19850.00,5_5950,5333.00,132.00,617.75,42.00,2,98.18
19850.00,6_95,3869.00,61.00,596.93,0.00,0,30.34
19852.00,6_149,3028.00,40.00,615.10,0.00,0,5.69
19853.00,5_5957,5334.90,131.00,617.75,40.00,2,98.75
19853.00,6_104,3728.00,61.00,596.93,0.00,0,28.94
19856.00,5_5981,5345.70,116.00,617.75,20.00,2,79.98
19856.00,6_148,3041.00,47.00,596.93,0.00,0,13.23
19859.00,6_33,4837.00,94.00,617.75,3.00,1,59.83
19860.00,6_49,4585.00,91.00,617.75,3.00,1,61.24
19861.00,6_151,2999.00,46.00,596.93,0.00,0,10.27
19862.00,6_79,4118.00,80.00,617.75,0.00,0,53.65
19862.00,6_152,2986.00,44.00,596.93,0.00,0,16.49
19868.00,5_5751,4983.70,559.00,615.10,488.00,4,529.77
19869.00,5_5602,4936.40,652.00,596.93,578.00,4,618.36
19869.00,5_5758,4984.60,557.00,615.10,486.00,4,527.54
19870.00,5_5614,4941.80,644.00,596.93,570.00,3,613.17
19871.00,5_5578,4926.60,671.00,617.75,592.00,3,635.77
19872.00,5_5616,4944.20,643.00,617.75,566.00,3,608.88
19873.00,5_5632,4950.40,633.00,596.93,556.00,3,601.10
19873.00,5_5771,4994.70,547.00,615.10,476.00,4,513.91
19874.00,5_5625,4947.50,639.00,617.75,562.00,3,605.06
19874.00,5_5647,4957.90,622.00,596.93,545.00,3,593.83
19875.00,5_5779,4998.30,543.00,615.10,469.00,4,509.98
19877.00,5_5636,4952.20,634.00,617.75,554.00,3,600.20
19877.00,5_5780,5001.00,542.00,615.10,466.00,3,506.98
19879.00,5_5639,4953.30,634.00,617.75,553.00,3,599.89
19879.00,5_5691,4959.70,612.00,596.93,529.00,3,578.41
19879.00,5_5784,5002.80,541.00,615.10,462.00,3,508.26
19881.00,5_5693,4962.10,611.00,596.93,527.00,3,581.05
19881.00,5_5789,5004.30,540.00,615.10,462.00,3,505.16
19882.00,5_5646,4956.20,632.00,617.75,550.00,4,598.77
19882.00,5_5830,5013.00,520.00,615.10,441.00,3,489.70
19884.00,5_5663,4959.10,626.00,617.75,543.00,3,591.93
19884.00,5_5698,4963.60,611.00,596.93,526.00,3,577.31
19884.00,5_5835,5015.50,518.00,615.10,439.00,3,486.79
19885.00,5_5716,4964.20,606.00,596.93,520.00,3,576.66
19885.00,5_5837,5018.90,515.00,615.10,434.00,3,481.91
19887.00,5_5845,5023.50,510.00,615.10,429.00,3,476.95
19887.00,5_5851,5024.70,507.00,615.10,429.00,3,478.33
19888.00,5_5718,4966.60,606.00,596.93,518.00,5,574.18
19890.00,5_5666,4960.20,630.00,617.75,540.00,3,589.78
19890.00,5_5679,4961.30,625.00,617.75,535.00,4,589.14
19891.00,5_5730,4975.00,597.00,617.75,509.00,4,564.07
19893.00,5_5723,4968.10,608.00,596.93,515.00,3,571.76
19893.00,5_5733,4975.10,598.00,617.75,508.00,4,564.30
19999.00,5_3308,6114.60,292.00,615.10,245.00,1,261.61
20001.00,5_3205,6044.50,395.00,617.75,316.00,2,359.09
20002.00,5_3078,6016.60,462.00,596.93,378.00,2,421.19
20002.00,5_3081,6018.70,459.00,596.93,375.00,2,427.73
20002.00,5_3163,6045.10,408.00,617.75,327.00,3,374.96
20003.00,5_3315,6115.50,293.00,615.10,244.00,1,258.09
20004.00,5_3086,6019.20,459.00,596.93,373.00,2,430.26
20004.00,5_3216,6044.20,395.00,617.75,307.00,3,365.27
20004.00,5_3259,6102.30,324.00,615.10,244.00,2,295.41
20010.00,6_160,2861.00,189.00,596.93,143.00,1,155.15
20011.00,6_170,2704.00,187.00,615.10,142.00,1,153.09
20011.00,6_171,2691.00,184.00,615.10,141.00,1,155.07
20012.00,6_105,3715.00,217.00,617.75,143.00,1,181.27
20012.00,6_177,2598.00,182.00,615.10,134.00,2,149.90
20012.00,6_189,2422.00,166.00,596.93,122.00,1,139.22
20013.00,6_180,2555.00,178.00,615.10,131.00,1,147.27
20014.00,6_106,3700.00,218.00,617.75,141.00,1,185.92
20016.00,6_183,2512.00,176.00,615.10,128.00,1,142.96
20017.00,6_112,3606.00,219.00,617.75,141.00,1,186.12
20017.00,6_195,2331.00,166.00,596.93,119.00,1,133.99
20018.00,6_134,3259.00,215.00,617.75,141.00,1,183.04
20018.00,6_185,2483.00,175.00,615.10,126.00,1,140.94
20019.00,6_196,2318.00,165.00,596.93,117.00,1,133.31
20021.00,6_141,3148.00,217.00,617.75,140.00,1,185.38
20022.00,6_199,2273.00,165.00,615.10,112.00,1,127.47
20023.00,6_204,2196.00,163.00,615.10,108.00,1,131.96
20024.00,6_218,1978.00,158.00,596.93,105.00,1,122.37
20025.00,6_219,1965.00,156.00,615.10,102.00,1,126.69
20026.00,6_222,1920.00,154.00,596.93,103.00,1,123.08
20027.00,6_144,3103.00,220.00,617.75,139.00,1,180.50
20027.00,6_179,2569.00,194.00,617.75,138.00,1,160.25
20027.00,6_224,1891.00,152.00,596.93,100.00,1,119.07
20029.00,6_182,2526.00,191.00,617.75,136.00,1,159.95
20035.00,6_193,2361.00,186.00,617.75,124.00,1,144.59
20036.00,6_211,2087.00,173.00,617.75,116.00,1,139.92
20126.00,5_5726,4970.20,838.00,596.93,743.00,4,804.48
20126.00,5_5888,5161.60,598.00,615.10,521.00,5,568.84
20127.00,5_5878,5029.60,734.00,615.10,644.00,5,699.18
20128.00,5_5890,5171.00,590.00,615.10,515.00,6,559.98
20129.00,5_5761,4986.70,814.00,617.75,719.00,5,776.88
20129.00,5_5762,4987.40,813.00,596.93,717.00,5,778.84
20131.00,5_5763,4990.10,812.00,617.75,716.00,4,777.26
20131.00,5_5764,4990.80,811.00,596.93,711.00,5,781.56
20131.00,5_5901,5188.70,572.00,615.10,507.00,2,539.71
20132.00,5_5868,5027.60,744.00,617.75,652.00,5,713.81
20133.00,5_5765,4993.50,810.00,596.93,711.00,5,778.80
20133.00,5_5906,5188.20,573.00,615.10,505.00,2,539.42
20135.00,5_5772,4997.40,806.00,596.93,704.00,4,774.64
20135.00,5_5805,5011.50,782.00,617.75,681.00,6,748.74
20136.00,5_5917,5190.90,570.00,615.10,503.00,2,534.88
20137.00,5_5942,5198.40,556.00,615.10,495.00,2,522.72
20138.00,5_5793,5006.10,794.00,596.93,691.00,4,761.11
20138.00,5_5870,5028.00,749.00,617.75,656.00,6,716.29
20139.00,5_5798,5007.60,792.00,596.93,688.00,5,762.70
20139.00,5_5991,5207.70,534.00,615.10,474.00,2,502.64
20140.00,5_5814,5009.80,786.00,617.75,681.00,6,751.86
20140.00,5_5992,5211.40,531.00,615.10,471.00,2,503.33
20142.00,6_1,5199.00,527.00,615.10,467.00,2,495.39
20143.00,5_5815,5011.50,787.00,617.75,680.00,8,753.00
20144.00,5_5802,5009.40,794.00,596.93,686.00,5,759.36
20144.00,6_16,4969.00,519.00,615.10,456.00,2,485.15
20145.00,5_5817,5012.90,787.00,596.93,679.00,4,756.69
20145.00,5_5881,5031.70,749.00,617.75,657.00,8,716.27
20145.00,6_25,4831.00,514.00,615.10,452.00,2,486.80
20147.00,5_5893,5175.10,604.00,596.93,523.00,4,576.33
20147.00,6_31,4741.00,510.00,615.10,448.00,2,480.03
20148.00,5_5827,5012.90,787.00,617.75,677.00,5,754.26
20149.00,6_35,4679.00,510.00,615.10,447.00,2,475.84
20150.00,5_5833,5015.10,785.00,617.75,674.00,6,752.76
20151.00,5_5843,5021.10,777.00,596.93,668.00,6,744.75
20151.00,6_36,4666.00,509.00,615.10,445.00,2,482.02
20152.00,5_5836,5018.20,783.00,617.75,676.00,5,751.76
20154.00,5_5859,5024.30,772.00,596.93,659.00,6,737.56
20155.00,6_51,4435.00,504.00,615.10,441.00,2,469.62
20156.00,5_5885,5031.50,759.00,596.93,639.00,4,732.47
20159.00,5_5898,5185.60,604.00,617.75,519.00,3,571.45
20159.00,6_63,4255.00,496.00,615.10,429.00,2,466.31
20160.00,5_5839,5021.30,787.00,617.75,669.00,6,742.93
20160.00,5_5887,5158.90,635.00,596.93,516.00,3,600.10
20163.00,5_5863,5026.10,778.00,617.75,659.00,6,738.60
20164.00,5_5866,5026.20,778.00,617.75,655.00,6,746.30
20165.00,5_5889,5166.30,632.00,596.93,514.00,3,590.67
20166.00,5_5948,5200.60,581.00,596.93,500.00,2,546.90
20167.00,5_5875,5029.50,775.00,617.75,651.00,7,739.16
20168.00,5_5953,5202.10,580.00,596.93,497.00,2,547.78
20169.00,5_5958,5204.60,577.00,596.93,494.00,2,545.13
20169.00,6_76,4288.00,265.00,615.10,208.00,1,236.35
20171.00,5_5961,5206.70,576.00,596.93,492.00,2,545.10
20171.00,6_46,4512.00,523.00,617.75,443.00,2,485.31
20171.00,6_74,4299.00,288.00,615.10,216.00,2,241.88
20171.00,6_97,3966.00,253.00,615.10,202.00,1,219.81
20172.00,5_5891,5172.70,632.00,617.75,518.00,4,601.64
20174.00,6_102,3895.00,247.00,615.10,194.00,1,207.89
20176.00,5_5907,5190.90,613.00,617.75,513.00,2,576.64
20176.00,5_5972,5207.40,577.00,596.93,489.00,2,542.53
20176.00,6_114,3706.00,246.00,615.10,191.00,1,209.07
20178.00,5_5990,5206.00,575.00,596.93,487.00,3,540.19
20178.00,6_54,4393.00,521.00,617.75,445.00,2,485.40
20178.00,6_125,3537.00,241.00,615.10,188.00,1,208.29
20179.00,6_137,3351.00,236.00,615.10,184.00,1,208.44
20180.00,5_5994,5213.80,568.00,596.93,479.00,2,536.36
20182.00,5_5913,5190.10,618.00,617.75,518.00,3,579.38
20182.00,6_5,5138.00,564.00,596.93,477.00,2,532.23
20182.00,6_140,3306.00,236.00,615.10,183.00,1,198.51
20183.00,6_10,5061.00,562.00,596.93,473.00,2,533.70
20184.00,5_5922,5192.40,615.00,617.75,516.00,2,584.66
20184.00,6_157,3045.00,227.00,615.10,175.00,1,193.91
20186.00,6_89,4089.00,273.00,617.75,207.00,1,234.50
20187.00,6_21,4892.00,559.00,596.93,466.00,3,525.83
20187.00,6_147,3201.00,234.00,617.75,179.00,1,200.15
20188.00,6_161,2985.00,227.00,615.10,175.00,1,198.09
20189.00,5_5925,5192.50,619.00,617.75,519.00,2,589.25
20189.00,6_30,4754.00,555.00,596.93,463.00,2,524.17
20191.00,6_52,4422.00,537.00,596.93,444.00,2,506.28
20192.00,6_158,3032.00,232.00,617.75,175.00,1,198.23
20193.00,6_66,4210.00,527.00,596.93,436.00,2,499.82
20194.00,5_5927,5193.90,622.00,617.75,519.00,3,594.51
20194.00,6_156,3058.00,240.00,596.93,182.00,2,214.13
20196.00,6_119,3630.00,262.00,617.75,188.00,1,229.87
20198.00,6_172,2815.00,231.00,596.93,169.00,2,200.11
20198.00,6_202,2511.00,55.00,615.10,1.00,1,26.25
20200.00,5_5937,5192.90,626.00,617.75,518.00,2,590.11
20200.00,6_75,4298.00,302.00,596.93,219.00,2,275.46
20202.00,6_178,2883.00,71.00,617.75,10.00,1,36.79
20203.00,6_68,4181.00,534.00,596.93,444.00,4,502.85
20204.00,6_200,2542.00,62.00,617.75,5.00,1,30.57
20205.00,6_77,4275.00,298.00,596.93,217.00,1,269.16
20206.00,5_5940,5194.00,630.00,617.75,516.00,2,598.79
20206.00,6_214,2333.00,49.00,615.10,0.00,0,14.66
20207.00,6_216,2307.00,44.00,615.10,0.00,0,11.95
20209.00,6_96,3979.00,294.00,596.93,214.00,1,260.70
20209.00,6_220,2246.00,43.00,615.10,0.00,0,9.87
20210.00,6_192,2667.00,71.00,615.10,2.00,1,45.22
20212.00,5_5941,5196.70,633.00,617.75,517.00,3,599.09
20212.00,6_100,3921.00,291.00,596.93,211.00,1,257.53
20214.00,6_212,2363.00,59.00,617.75,0.00,0,14.87
20215.00,6_43,4558.00,569.00,617.75,463.00,2,533.91
20215.00,6_101,3908.00,291.00,596.93,210.00,1,257.15
20217.00,5_5943,5201.10,633.00,617.75,518.00,3,599.73
20217.00,6_146,3214.00,267.00,596.93,182.00,4,236.84
20218.00,5_5954,5204.80,627.00,617.75,517.00,3,595.59
20218.00,6_133,3412.00,278.00,596.93,196.00,2,251.03
20220.00,5_5967,5207.90,622.00,617.75,517.00,3,591.70
20221.00,6_163,2956.00,257.00,596.93,166.00,3,224.62
20223.00,6_55,4378.00,565.00,617.75,462.00,3,531.02
20223.00,6_181,2839.00,88.00,596.93,3.00,1,57.79
20227.00,6_205,2472.00,75.00,596.93,0.00,0,42.65
20229.00,6_215,2320.00,69.00,596.93,0.00,0,38.86
20230.00,5_5987,5205.90,628.00,617.75,519.00,3,590.35
20231.00,6_60,4300.00,571.00,617.75,461.00,3,525.25
20232.00,6_40,4605.00,587.00,617.75,476.00,5,554.33
20232.00,6_223,2201.00,63.00,596.93,0.00,0,29.26
20233.00,6_13,5016.00,609.00,617.75,496.00,4,569.82
20236.00,6_87,4119.00,325.00,617.75,225.00,1,288.89
20238.00,6_118,3645.00,305.00,617.75,215.00,1,268.32
20239.00,6_124,3552.00,303.00,617.75,212.00,1,274.22
20241.00,6_143,3261.00,292.00,617.75,202.00,1,259.83
20260.00,5_3097,6023.90,707.00,596.93,620.00,3,676.89
20261.00,5_3165,6049.50,662.00,617.75,576.00,4,633.02
20262.00,5_3324,6121.80,543.00,615.10,491.00,2,512.87
20265.00,5_3356,6134.20,524.00,615.10,466.00,2,490.17
20266.00,5_3361,6135.70,522.00,615.10,460.00,3,489.66
20268.00,5_3123,6033.10,698.00,596.93,605.00,3,659.00
20268.00,5_3169,6049.30,668.00,617.75,571.00,4,628.48
20268.00,5_3235,6050.50,647.00,596.93,550.00,4,619.37
20268.00,5_3367,6136.90,521.00,615.10,458.00,3,491.24
20269.00,5_3198,6043.60,666.00,617.75,569.00,4,631.91
20270.00,5_3375,6142.50,515.00,615.10,454.00,2,481.54
20271.00,5_3136,6038.20,692.00,596.93,597.00,4,657.18
20272.00,5_3195,6043.50,670.00,617.75,568.00,6,636.08
20272.00,5_3383,6148.10,509.00,615.10,446.00,2,475.79
20273.00,5_3142,6041.40,689.00,596.93,590.00,4,655.65
20273.00,5_3226,6046.20,659.00,617.75,553.00,5,626.58
20274.00,5_3222,6044.40,663.00,596.93,566.00,3,632.17
20274.00,5_3389,6155.30,502.00,615.10,441.00,2,466.93
20275.00,5_3233,6049.10,656.00,617.75,542.00,4,625.73
20276.00,5_3385,6150.50,510.00,615.10,442.00,3,480.72
20281.00,5_3256,6048.20,656.00,596.93,547.00,5,616.21
20282.00,5_3291,6103.70,591.00,617.75,492.00,2,551.25
20282.00,5_3301,6101.70,590.00,596.93,492.00,2,554.77
20282.00,5_3304,6110.80,580.00,617.75,492.00,2,550.96
20282.00,5_3457,6174.90,470.00,615.10,402.00,2,438.70
20283.00,5_3449,6168.30,480.00,615.10,410.00,2,435.09
20284.00,5_3499,6176.30,458.00,615.10,391.00,2,432.32
20285.00,5_3302,6108.40,586.00,596.93,489.00,2,548.78
20285.00,5_3335,6124.50,560.00,617.75,488.00,2,523.14
20286.00,5_3320,6117.00,573.00,596.93,487.00,2,542.36
20287.00,5_3339,6128.30,557.00,617.75,486.00,2,527.26
20287.00,5_3503,6178.10,458.00,615.10,390.00,2,419.36
20288.00,5_3323,6119.10,572.00,596.93,488.00,2,539.85
20288.00,5_3371,6138.70,538.00,617.75,464.00,3,506.50
20288.00,5_3517,6185.90,447.00,615.10,378.00,2,416.54
20290.00,5_3333,6122.10,568.00,596.93,486.00,2,537.02
20290.00,5_3378,6144.60,532.00,617.75,459.00,2,500.57
20290.00,5_3518,6188.60,446.00,615.10,378.00,2,414.16
20291.00,5_3532,6187.40,444.00,615.10,378.00,2,415.11
20291.00,5_3536,6189.20,441.00,615.10,374.00,3,410.98
20293.00,5_3398,6155.60,518.00,617.75,445.00,2,485.86
20293.00,5_3557,6197.90,428.00,615.10,362.00,2,401.89
20294.00,5_3338,6125.60,567.00,596.93,485.00,2,532.23
20295.00,5_3406,6156.20,517.00,617.75,444.00,2,486.53
20296.00,5_3340,6130.00,564.00,596.93,484.00,2,530.24
20296.00,5_3415,6155.50,516.00,617.75,445.00,2,487.97
20298.00,5_3558,6199.60,431.00,615.10,359.00,2,389.09
20299.00,5_3572,6202.40,425.00,615.10,355.00,3,392.13
20300.00,5_3344,6131.80,565.00,596.93,484.00,2,528.66
20300.00,5_3605,6353.50,265.00,615.10,209.00,1,237.35
20303.00,5_3353,6132.10,565.00,596.93,483.00,2,528.92
20303.00,5_3423,6158.10,518.00,617.75,440.00,2,480.24
20304.00,5_3372,6140.40,552.00,596.93,473.00,2,525.33
20306.00,5_3444,6161.80,511.00,617.75,435.00,2,478.58
20307.00,5_3425,6159.50,520.00,617.75,440.00,2,477.56
20309.00,5_3471,6173.70,494.00,617.75,414.00,2,458.02
20310.00,5_3381,6145.70,550.00,596.93,468.00,2,511.75
20311.00,5_3473,6175.10,494.00,617.75,413.00,2,460.46
20312.00,5_3485,6173.50,493.00,596.93,422.00,2,454.18
20312.00,5_3490,6175.00,490.00,617.75,409.00,3,458.72
20314.00,5_3388,6152.60,545.00,596.93,459.00,2,512.23
20315.00,5_3508,6181.60,481.00,596.93,406.00,3,450.20
20318.00,5_3513,6183.10,481.00,617.75,398.00,2,451.11
20318.00,5_3548,6191.60,462.00,596.93,387.00,2,427.92
20319.00,5_3507,6179.90,487.00,617.75,402.00,3,446.77
20320.00,5_3422,6155.40,538.00,596.93,450.00,3,505.37
20321.00,5_3516,6184.20,482.00,617.75,396.00,2,447.18
20322.00,5_3426,6161.20,533.00,596.93,445.00,3,501.05
20323.00,5_3571,6201.70,450.00,617.75,364.00,2,419.55
20324.00,5_3584,6353.80,295.00,617.75,225.00,1,263.11
20326.00,5_3555,6195.50,464.00,596.93,382.00,2,430.38
20327.00,5_3573,6204.10,451.00,596.93,368.00,3,424.45
20327.00,5_3599,6354.30,293.00,617.75,222.00,1,260.51
20327.00,5_3631,6594.70,43.00,615.10,0.00,0,15.57
20329.00,5_3611,6584.70,61.00,617.75,0.00,0,30.66
20332.00,5_3582,6350.40,307.00,596.93,227.00,1,270.13
20332.00,5_3637,6601.90,39.00,615.10,0.00,0,8.38
20333.00,5_3615,6586.50,62.00,617.75,0.00,0,28.04
20333.00,5_3634,6599.80,43.00,615.10,0.00,0,13.13
20334.00,5_3607,6355.90,296.00,596.93,224.00,1,263.02
20334.00,5_3620,6591.00,57.00,617.75,0.00,0,25.95
20335.00,5_3441,6159.70,543.00,596.93,453.00,7,511.25
20335.00,5_3633,6597.10,48.00,615.10,0.00,0,21.48
20337.00,5_3446,6163.20,540.00,596.93,447.00,5,511.22
20337.00,5_3630,6593.00,55.00,617.75,0.00,0,23.06
20339.00,5_3448,6165.60,539.00,596.93,442.00,4,510.00
20339.00,5_3638,6604.60,43.00,615.10,0.00,0,11.42
20342.00,5_3450,6171.00,536.00,596.93,438.00,4,504.65
20345.00,5_3452,6173.40,536.00,596.93,435.00,4,503.51
20349.00,5_3495,6174.50,526.00,596.93,423.00,5,491.35
20351.00,5_3539,6191.30,498.00,596.93,398.00,5,468.37
20353.00,5_3551,6193.70,494.00,596.93,389.00,5,462.07
20353.00,5_3653,6615.10,42.00,617.75,0.00,0,7.12
20356.00,5_3564,6200.80,486.00,596.93,378.00,4,452.87
20357.00,5_3671,6618.70,37.00,615.10,0.00,0,4.92
20358.00,5_3576,6206.20,479.00,596.93,370.00,3,446.97
20361.00,5_3598,6350.60,331.00,596.93,225.00,2,298.75
20363.00,5_3616,6589.20,89.00,596.93,0.00,0,60.60
20366.00,5_3625,6591.50,87.00,596.93,0.00,0,54.88
20366.00,5_3688,6619.60,40.00,617.75,0.00,0,7.84
20369.00,5_3642,6606.40,70.00,596.93,0.00,0,36.90
20370.00,5_3697,6619.90,41.00,617.75,0.00,0,7.67
20602.00,5_3712,6627.40,261.00,615.10,218.00,1,232.00
20603.00,5_3646,6608.20,301.00,596.93,228.00,1,268.39
20604.00,5_3719,6634.30,254.00,615.10,210.00,1,225.57
20605.00,5_3648,6610.60,300.00,596.93,227.00,1,267.91
20606.00,5_3699,6622.30,274.00,617.75,226.00,1,237.12
20606.00,5_3716,6632.20,259.00,615.10,210.00,2,228.83
20608.00,5_3650,6613.00,300.00,596.93,227.00,1,267.30
20609.00,5_3702,6624.40,274.00,617.75,224.00,1,236.16
20609.00,5_3744,6658.80,227.00,615.10,178.00,1,194.97
20610.00,5_3656,6617.20,296.00,596.93,226.00,1,266.56
20610.00,5_3713,6630.10,266.00,617.75,217.00,1,233.69
20612.00,5_3724,6641.80,253.00,617.75,203.00,1,220.29
20612.00,5_3750,6667.00,220.00,615.10,169.00,1,184.65
20613.00,5_3661,6618.70,296.00,596.93,225.00,1,262.65
20613.00,5_3754,6668.80,218.00,615.10,167.00,1,185.81
20614.00,5_3734,6647.80,246.00,617.75,196.00,1,212.42
20800.00,5_3735,6650.50,429.00,617.75,375.00,2,397.08
20801.00,5_3795,6677.50,385.00,615.10,328.00,2,352.54
20802.00,5_3685,6617.50,479.00,596.93,406.00,2,441.90
20802.00,5_3820,6683.00,373.00,615.10,316.00,2,342.58
20803.00,5_3709,6625.30,465.00,596.93,406.00,2,432.50
20803.00,5_3743,6656.10,424.00,617.75,367.00,2,389.57
20804.00,5_3823,6687.10,370.00,615.10,315.00,2,337.42
20807.00,5_3722,6636.40,454.00,596.93,394.00,2,418.16
20807.00,5_3748,6661.60,421.00,617.75,360.00,2,383.15
20807.00,5_3829,6691.30,367.00,615.10,307.00,2,331.38
20808.00,5_3749,6664.30,419.00,617.75,357.00,2,384.78
20809.00,5_3723,6639.10,453.00,596.93,390.00,2,419.12
20809.00,5_3847,6694.90,360.00,615.10,299.00,2,326.84
20810.00,5_3770,6667.00,412.00,617.75,351.00,2,383.13
20810.00,5_3862,6696.40,355.00,615.10,294.00,2,324.86
20811.00,5_3732,6642.40,449.00,596.93,387.00,2,418.17
20812.00,5_3733,6645.10,447.00,596.93,384.00,2,415.85
20812.00,5_3863,6699.10,354.00,615.10,292.00,2,321.31
20814.00,5_3781,6669.70,410.00,617.75,347.00,2,376.98
20815.00,5_3782,6671.40,409.00,617.75,345.00,3,376.26
20815.00,5_3865,6703.50,352.00,615.10,289.00,2,315.86
20816.00,5_3884,6703.80,347.00,615.10,285.00,2,316.28
20818.00,5_3737,6652.90,444.00,596.93,376.00,2,406.58
20818.00,5_3789,6677.30,404.00,617.75,338.00,2,374.57
20818.00,5_3897,6706.90,342.00,615.10,277.00,2,308.11
20819.00,5_3740,6655.00,442.00,596.93,375.00,2,413.36
20820.00,5_3788,6674.60,409.00,617.75,341.00,2,370.68
20820.00,5_3903,6712.10,337.00,615.10,273.00,2,301.84
20821.00,5_3774,6668.80,420.00,596.93,354.00,2,392.50
20821.00,5_3914,6717.80,329.00,615.10,264.00,2,297.60
20823.00,5_3806,6683.20,398.00,617.75,330.00,2,361.43
20823.00,5_3915,6720.50,328.00,615.10,262.00,2,297.89
20824.00,5_3927,6722.90,323.00,615.10,257.00,2,292.19
20825.00,5_3812,6683.40,398.00,617.75,326.00,2,365.54
20826.00,5_3787,6671.90,418.00,596.93,345.00,2,380.67
20826.00,5_3928,6725.60,322.00,615.10,255.00,2,293.24
20826.00,5_3949,6725.30,316.00,615.10,252.00,2,285.68
20827.00,5_3804,6677.80,408.00,596.93,338.00,2,378.72
20827.00,5_3822,6685.40,395.00,617.75,325.00,2,364.67
20828.00,5_3824,6689.80,391.00,596.93,322.00,2,366.38
20831.00,5_3805,6680.50,409.00,596.93,336.00,2,372.74
20831.00,5_3984,6740.80,295.00,615.10,227.00,2,257.78
20832.00,5_3995,6750.50,283.00,615.10,215.00,2,250.66
20833.00,5_3833,6693.10,390.00,617.75,315.00,2,352.15
20834.00,5_4054,6754.80,263.00,615.10,193.00,2,232.75
20835.00,5_3835,6694.50,390.00,617.75,315.00,2,354.92
20836.00,5_3850,6697.00,384.00,596.93,308.00,2,348.29
20836.00,5_4061,6756.70,261.00,615.10,191.00,2,223.69
20837.00,5_3837,6695.90,390.00,617.75,314.00,2,354.28
20837.00,5_3894,6703.80,365.00,596.93,289.00,2,334.68
20837.00,5_4081,6759.70,253.00,615.10,187.00,2,224.44
20839.00,5_3899,6709.30,360.00,596.93,284.00,2,329.71
20839.00,5_4097,6783.90,226.00,615.10,168.00,2,194.25
20840.00,5_3864,6701.80,379.00,617.75,303.00,2,344.04
20840.00,5_3907,6713.90,354.00,596.93,278.00,2,324.82
20841.00,5_4104,6787.80,222.00,615.10,167.00,1,191.16
20842.00,5_3875,6703.50,376.00,617.75,297.00,2,341.90
20844.00,5_3909,6716.30,355.00,596.93,275.00,2,322.53
20845.00,5_3879,6703.30,378.00,617.75,296.00,2,341.94
20846.00,5_3896,6706.20,371.00,617.75,290.00,2,340.62
20847.00,5_3954,6727.80,333.00,596.93,253.00,2,299.55
20849.00,5_3957,6729.90,332.00,596.93,249.00,2,299.53
20849.00,5_4105,6788.50,229.00,617.75,166.00,1,194.93
20851.00,5_3902,6711.40,369.00,617.75,287.00,2,341.15
20851.00,5_3959,6732.30,331.00,596.93,249.00,3,299.69
20855.00,5_4077,6757.90,274.00,617.75,189.00,2,235.37
20856.00,5_4112,6794.40,228.00,615.10,165.00,1,188.03
20857.00,5_4110,6793.00,231.00,615.10,166.00,1,182.54
21102.00,5_3964,6736.80,576.00,596.93,488.00,3,541.49
21104.00,5_3916,6723.20,606.00,617.75,519.00,4,570.12
21105.00,5_4013,6752.10,549.00,596.93,462.00,3,514.39
21105.00,5_4125,6802.50,465.00,617.75,402.00,2,430.88
21105.00,5_4127,6802.90,464.00,615.10,397.00,2,426.26
21107.00,5_3978,6736.60,577.00,596.93,483.00,4,544.20
21107.00,5_4137,6812.90,453.00,615.10,387.00,2,420.84
21108.00,5_3981,6738.70,575.00,596.93,484.00,5,547.35
21110.00,5_4130,6807.00,464.00,617.75,392.00,4,429.33
21112.00,5_3987,6742.90,573.00,596.93,476.00,4,539.98
21114.00,5_3921,6722.70,615.00,617.75,512.00,6,577.55
21114.00,5_3991,6745.70,571.00,596.93,476.00,3,538.54
21115.00,5_3994,6747.80,569.00,596.93,466.00,3,541.66
21115.00,5_4075,6757.50,535.00,617.75,436.00,5,500.50
21118.00,5_4138,6814.60,462.00,617.75,385.00,3,430.47
21120.00,5_3930,6728.00,613.00,617.75,506.00,6,581.00
21120.00,5_4000,6753.00,567.00,596.93,465.00,4,532.68
21120.00,5_4139,6815.30,463.00,615.10,385.00,3,424.02
21122.00,5_4017,6756.90,560.00,596.93,453.00,4,528.58
21122.00,5_4129,6805.30,478.00,615.10,395.00,4,439.96
21124.00,5_4140,6819.00,463.00,617.75,381.00,2,427.81
21124.00,5_4148,6823.60,456.00,615.10,382.00,2,416.03
21125.00,5_4016,6754.20,566.00,596.93,459.00,5,532.05
21125.00,5_4086,6763.20,536.00,617.75,431.00,8,502.00
21125.00,5_4151,6978.70,301.00,615.10,232.00,1,262.12
21127.00,5_4062,6758.40,550.00,596.93,442.00,4,517.66
21127.00,5_4152,6981.40,300.00,615.10,232.00,1,268.71
21129.00,5_4040,6756.00,561.00,596.93,453.00,5,531.11
21129.00,5_4114,6796.80,498.00,617.75,405.00,4,461.50
21129.00,5_4156,6984.20,298.00,615.10,231.00,1,267.01
21130.00,5_4165,6984.50,296.00,615.10,231.00,1,266.40
21131.00,5_3946,6724.20,623.00,617.75,504.00,6,593.74
21132.00,5_3952,6727.40,619.00,617.75,498.00,5,589.99
21132.00,5_4178,6989.60,289.00,615.10,231.00,1,261.15
21133.00,5_4186,6990.20,287.00,615.10,229.00,1,256.15
21134.00,5_4091,6762.70,544.00,596.93,431.00,5,508.80
21135.00,5_4098,6786.60,519.00,596.93,409.00,3,486.00
21135.00,5_4196,6990.20,286.00,615.10,227.00,1,253.27
21137.00,5_3960,6735.00,614.00,617.75,491.00,5,575.43
21137.00,5_4106,6791.20,514.00,596.93,409.00,4,483.87
21137.00,5_4232,6991.40,276.00,615.10,218.00,1,240.01
21138.00,5_4117,6797.90,505.00,596.93,407.00,2,480.33
21138.00,5_4246,6994.20,270.00,615.10,212.00,1,241.74
21139.00,5_3963,6735.10,615.00,617.75,491.00,7,585.02
21140.00,5_3972,6737.40,611.00,617.75,484.00,4,578.99
21140.00,5_4268,7011.60,248.00,615.10,190.00,1,218.72
21141.00,5_4121,6799.70,505.00,596.93,407.00,2,475.62
21141.00,5_4276,7012.20,246.00,615.10,188.00,1,215.87
21143.00,5_4278,7014.60,245.00,615.10,187.00,1,212.59
21145.00,5_3989,6745.30,603.00,617.75,477.00,4,565.24
21145.00,5_4284,7015.80,244.00,615.10,186.00,1,211.81
21146.00,5_4133,6811.10,495.00,596.93,400.00,3,461.11
21146.00,5_4288,7023.60,236.00,615.10,178.00,1,207.83
21147.00,5_3998,6752.60,595.00,617.75,469.00,5,565.33
21147.00,5_4155,6981.50,319.00,596.93,236.00,1,292.43
21148.00,5_4290,7027.00,234.00,615.10,174.00,1,201.01
21149.00,5_4295,7028.50,232.00,615.10,174.00,1,205.21
21150.00,5_4146,6820.20,486.00,617.75,383.00,3,448.30
21150.00,5_4172,6985.40,313.00,596.93,236.00,1,280.10
21151.00,5_4028,6756.60,586.00,617.75,453.00,4,553.78
21152.00,5_4350,7031.00,216.00,615.10,159.00,1,179.53
21153.00,5_4037,6754.90,587.00,617.75,453.00,5,557.28
21153.00,5_4363,7030.10,214.00,615.10,158.00,1,184.12
21155.00,5_4176,6987.20,315.00,596.93,236.00,1,277.84
21155.00,5_4374,7032.80,210.00,615.10,151.00,1,177.04
21157.00,5_4057,6755.90,584.00,617.75,449.00,4,549.96
21157.00,5_4219,6992.30,299.00,596.93,231.00,1,267.38
21160.00,5_4085,6761.50,573.00,617.75,436.00,3,538.04
21160.00,5_4242,6993.40,294.00,596.93,225.00,1,258.44
21162.00,5_4348,7025.60,232.00,596.93,167.00,1,205.56
21163.00,5_4123,6802.10,524.00,617.75,400.00,3,488.18
21164.00,5_4131,6809.70,515.00,617.75,396.00,5,484.96
21164.00,5_4248,6996.60,293.00,596.93,221.00,1,254.07
21433.00,5_4367,7031.90,491.00,596.93,425.00,2,458.10
21435.00,5_4206,6990.20,583.00,617.75,497.00,2,549.76
21435.00,5_4251,6999.70,560.00,596.93,483.00,3,529.04
21437.00,5_4416,7032.20,480.00,596.93,410.00,2,451.63
21437.00,5_4428,7183.60,325.00,615.10,259.00,1,285.18
21439.00,5_4214,6991.80,583.00,617.75,495.00,2,551.99
21439.00,5_4456,7188.20,314.00,615.10,259.00,2,279.85
21440.00,5_4253,7002.10,562.00,596.93,482.00,4,532.03
21440.00,5_4457,7190.90,312.00,615.10,258.00,1,278.61
21440.00,5_4477,7197.90,299.00,615.10,251.00,1,271.19
21442.00,5_4211,6990.70,588.00,617.75,496.00,2,545.45
21442.00,5_4482,7199.40,298.00,615.10,250.00,1,265.56
21443.00,5_4236,6993.20,579.00,617.75,493.00,2,546.78
21444.00,5_4260,7005.00,561.00,596.93,475.00,3,527.65
21444.00,5_4508,7208.60,283.00,615.10,232.00,1,251.06
21445.00,5_4509,7211.30,281.00,615.10,231.00,1,253.23
21446.00,5_4262,7007.40,560.00,596.93,475.00,2,530.21
21446.00,5_4455,7185.50,324.00,617.75,265.00,2,288.27
21447.00,5_4537,7222.90,263.00,615.10,213.00,1,233.49
21448.00,5_4250,6999.00,574.00,617.75,485.00,3,543.85
21449.00,5_4542,7228.40,258.00,615.10,208.00,1,225.93
21450.00,5_4256,7004.20,569.00,617.75,477.00,2,536.76
21454.00,5_4553,7228.10,260.00,615.10,207.00,1,219.53
21456.00,5_4267,7008.90,567.00,596.93,467.00,3,520.39
21456.00,5_4313,7029.10,533.00,617.75,439.00,2,491.27
21691.00,5_4589,7239.30,475.00,615.10,417.00,2,442.26
21692.00,5_4287,7020.90,785.00,596.93,689.00,4,749.02
21693.00,5_4327,7025.90,769.00,596.93,669.00,3,739.30
21693.00,5_4357,7030.90,755.00,617.75,660.00,3,719.20
21693.00,5_4593,7241.10,474.00,615.10,417.00,2,442.57
21694.00,5_4607,7245.90,466.00,615.10,409.00,2,435.26
21695.00,5_4286,7018.20,791.00,596.93,693.00,6,759.55
21695.00,5_4384,7035.80,744.00,617.75,645.00,3,709.95
21697.00,5_4397,7032.90,745.00,617.75,644.00,3,713.87
21698.00,5_4307,7027.90,778.00,596.93,673.00,4,745.99
21698.00,5_4611,7250.70,464.00,615.10,403.00,2,428.79
21700.00,5_4345,7023.50,773.00,596.93,669.00,5,741.46
21700.00,5_4404,7032.80,746.00,617.75,643.00,4,711.60
21700.00,5_4622,7251.40,462.00,615.10,401.00,2,427.01
21701.00,5_4628,7256.60,456.00,615.10,395.00,2,422.23
21703.00,5_4406,7034.20,747.00,617.75,641.00,3,711.04
21703.00,5_4647,7264.90,444.00,615.10,380.00,2,408.01
21704.00,5_4349,7028.30,771.00,596.93,662.00,6,737.67
21704.00,5_4423,7180.10,597.00,617.75,491.00,2,569.72
21705.00,5_4649,7266.30,444.00,615.10,379.00,2,409.21
21706.00,5_4376,7035.20,758.00,596.93,646.00,3,727.51
21708.00,5_4424,7181.80,599.00,596.93,492.00,2,569.87
21708.00,5_4439,7184.30,592.00,617.75,490.00,2,558.87
21710.00,5_4448,7185.60,590.00,617.75,489.00,2,559.67
21711.00,5_4434,7182.80,598.00,596.93,492.00,2,565.33
21713.00,5_4556,7230.20,516.00,596.93,457.00,2,485.45
21714.00,5_4449,7186.30,593.00,617.75,488.00,2,556.85
21715.00,5_4472,7195.40,578.00,617.75,486.00,2,547.25
21716.00,5_4442,7184.40,599.00,596.93,494.00,3,566.09
21717.00,5_4475,7196.50,578.00,617.75,486.00,2,546.78
21718.00,5_4572,7234.40,512.00,596.93,452.00,2,481.98
21720.00,5_4633,7258.10,472.00,596.93,409.00,2,441.62
21721.00,5_4483,7202.10,574.00,617.75,484.00,2,540.38
21722.00,5_4460,7193.00,591.00,596.93,496.00,3,562.61
21723.00,5_4495,7205.50,569.00,617.75,484.00,2,539.13
21723.00,5_4688,7437.60,279.00,615.10,225.00,1,240.75
21723.00,5_4736,7451.20,251.00,615.10,205.00,1,222.95
21725.00,5_4705,7448.50,265.00,615.10,214.00,1,234.65
21726.00,5_4504,7206.80,568.00,617.75,483.00,2,534.50
21727.00,5_4471,7192.70,593.00,596.93,494.00,2,557.84
21727.00,5_4743,7453.10,251.00,615.10,202.00,1,217.58
21728.00,5_4506,7208.20,568.00,617.75,485.00,2,534.04
21728.00,5_4748,7455.60,248.00,615.10,199.00,1,218.19
21730.00,5_4511,7213.70,563.00,617.75,483.00,2,532.46
21730.00,5_4750,7458.00,247.00,615.10,198.00,1,214.23
21731.00,5_4658,7269.60,464.00,596.93,396.00,2,428.08
21732.00,5_4484,7202.80,584.00,596.93,498.00,2,551.16
21734.00,5_4485,7205.50,583.00,596.93,497.00,3,550.60
21734.00,5_4755,7459.50,248.00,615.10,195.00,1,211.71
21735.00,5_4517,7216.90,563.00,617.75,479.00,3,525.16
21735.00,5_4757,7461.90,246.00,615.10,195.00,1,215.77
21736.00,5_4496,7206.20,581.00,596.93,497.00,4,551.90
21737.00,5_4521,7217.70,563.00,617.75,477.00,2,526.75
21737.00,5_4758,7464.60,245.00,615.10,192.00,1,215.76
21738.00,5_4512,7215.40,569.00,596.93,493.00,3,538.46
21738.00,5_4765,7465.50,243.00,615.10,193.00,1,209.38
21740.00,5_4774,7468.80,239.00,615.10,188.00,1,205.54
21741.00,5_4540,7225.00,554.00,617.75,467.00,2,513.55
21742.00,5_4782,7473.40,234.00,615.10,182.00,1,199.16
21743.00,5_4541,7226.70,554.00,617.75,467.00,2,518.57
21744.00,5_4523,7218.10,569.00,596.93,490.00,2,531.92
21744.00,5_4565,7232.50,542.00,617.75,454.00,2,507.48
21746.00,5_4532,7218.40,568.00,596.93,487.00,2,534.25
21746.00,5_4571,7232.70,542.00,617.75,452.00,2,509.43
21747.00,5_4535,7220.50,566.00,596.93,489.00,2,538.18
21748.00,5_4583,7237.10,536.00,617.75,447.00,2,503.67
21749.00,5_4594,7243.80,527.00,617.75,439.00,2,497.03
21754.00,5_4660,7442.00,314.00,596.93,235.00,2,281.46
21755.00,5_4558,7231.60,556.00,596.93,466.00,3,513.74
21756.00,5_4625,7253.50,515.00,617.75,429.00,2,481.54
21756.00,5_4695,7440.50,307.00,596.93,231.00,3,276.19
21758.00,5_4600,7243.00,535.00,617.75,439.00,2,492.58
21758.00,5_4725,7447.50,293.00,596.93,225.00,1,263.74
21760.00,5_4637,7259.90,509.00,617.75,419.00,3,478.12
21760.00,5_4792,7476.40,246.00,615.10,177.00,1,214.56
21762.00,5_4741,7451.70,288.00,617.75,216.00,1,258.06
21762.00,5_4773,7466.10,264.00,596.93,201.00,1,227.85
21764.00,5_4584,7237.80,551.00,596.93,463.00,4,518.53
21765.00,5_4783,7476.10,254.00,596.93,190.00,1,223.74
21766.00,5_4812,7672.40,50.00,615.10,0.00,0,18.95
21768.00,5_4796,7481.20,248.00,596.93,182.00,1,215.48
21768.00,5_4799,7666.30,62.00,615.10,0.00,0,35.42
21769.00,5_4645,7264.50,511.00,617.75,414.00,3,471.65
21770.00,5_4608,7248.60,539.00,596.93,446.00,6,506.34
21770.00,5_4664,7443.80,327.00,607.65,226.00,6,293.33
21771.00,5_4815,7677.50,49.00,615.10,0.00,0,16.65
21772.00,5_4699,7442.30,320.00,617.75,217.00,1,285.74
21773.00,5_4819,7679.30,48.00,615.10,0.00,0,14.96
21774.00,5_4578,7235.60,565.00,596.93,472.00,7,531.54
21777.00,5_4703,7448.10,318.00,617.75,217.00,1,277.83
21963.00,5_4605,7243.50,738.00,596.93,637.00,7,704.01
21964.00,5_4822,7688.40,229.00,615.10,181.00,1,199.36
21965.00,5_4627,7253.90,723.00,596.93,620.00,5,690.76
21965.00,5_4718,7446.60,503.00,617.75,406.00,4,467.16
21966.00,5_4821,7684.70,235.00,615.10,180.00,1,204.48
21967.00,5_4640,7263.00,712.00,596.93,601.00,4,681.98
21967.00,5_4734,7450.80,496.00,617.75,403.00,3,464.32
21969.00,5_4820,7682.00,241.00,615.10,183.00,1,195.48
21969.00,5_4827,7689.90,231.00,615.10,178.00,2,197.02
21970.00,5_4639,7260.30,718.00,596.93,605.00,5,687.10
21970.00,5_4744,7455.80,491.00,617.75,397.00,2,455.48
21970.00,5_4843,7699.10,218.00,615.10,170.00,1,188.47
21972.00,5_4868,7700.60,211.00,615.10,160.00,1,182.83
21973.00,5_4657,7266.90,709.00,596.93,595.00,5,677.03
21973.00,5_4874,7707.80,203.00,615.10,152.00,1,171.33
21975.00,5_4690,7439.00,529.00,596.93,415.00,6,497.54
21975.00,5_4828,7692.60,234.00,617.75,178.00,1,203.40
21975.00,5_4880,7715.00,196.00,615.10,148.00,1,164.03
21976.00,5_4776,7471.20,472.00,617.75,371.00,2,430.55
21976.00,5_4881,7717.70,194.00,615.10,148.00,1,165.80
21978.00,5_4837,7691.90,235.00,617.75,179.00,1,201.87
21979.00,5_4878,7712.60,203.00,615.10,149.00,2,168.84
21981.00,5_4702,7442.40,528.00,596.93,413.00,3,489.30
21981.00,5_4838,7694.60,235.00,617.75,178.00,2,199.79
21981.00,5_4895,7719.50,193.00,615.10,141.00,1,161.99
21982.00,5_4733,7448.10,514.00,596.93,408.00,4,484.05
21982.00,5_4870,7703.00,218.00,617.75,164.00,1,187.00
21983.00,5_4923,7723.10,183.00,615.10,130.00,1,149.99
21984.00,5_4940,7732.00,170.00,615.10,119.00,1,142.92
21986.00,5_4962,7742.40,155.00,615.10,103.00,1,124.23
21987.00,5_4781,7470.70,482.00,596.93,373.00,2,444.00
21987.00,5_4871,7705.70,220.00,617.75,161.00,1,180.94
21987.00,5_4986,7748.20,143.00,615.10,93.00,1,112.13
21988.00,5_4795,7478.50,471.00,596.93,362.00,3,442.63
21988.00,5_4877,7709.90,215.00,617.75,158.00,1,183.65
21989.00,5_4999,7751.30,138.00,615.10,88.00,1,105.96
21990.00,5_4805,7667.50,281.00,596.93,179.00,1,253.01
21990.00,5_4882,7720.40,205.00,617.75,147.00,1,174.80
21990.00,5_5002,7753.40,136.00,615.10,87.00,1,107.61
21991.00,5_4900,7724.00,197.00,617.75,140.00,1,166.86
21992.00,5_5007,7754.90,135.00,615.10,86.00,1,104.17
21993.00,5_4807,7670.90,280.00,596.93,179.00,1,244.15
21993.00,5_5008,7757.60,133.00,615.10,85.00,1,104.71
21994.00,5_4912,7723.40,197.00,617.75,140.00,1,165.55
21995.00,5_5010,7763.00,129.00,615.10,80.00,1,98.35
21996.00,5_4813,7675.10,277.00,596.93,178.00,1,239.38
21997.00,5_4929,7724.30,194.00,617.75,132.00,1,161.16
21998.00,5_4933,7729.10,189.00,617.75,130.00,1,160.00
21998.00,5_5017,7765.90,127.00,615.10,75.00,1,94.12
21999.00,5_4841,7696.70,250.00,596.93,178.00,1,213.23
22000.00,5_4853,7699.10,245.00,596.93,177.00,1,217.70
22000.00,5_5038,7766.60,122.00,615.10,71.00,1,88.38
22001.00,5_5044,7770.80,117.00,615.10,64.00,1,86.39
22002.00,5_4864,7698.80,244.00,596.93,177.00,1,215.03
22003.00,5_5046,7775.20,114.00,615.10,62.00,1,83.18
22004.00,5_4938,7729.60,193.00,617.75,129.00,1,159.11
22005.00,5_4897,7721.90,214.00,596.93,149.00,1,180.79
22006.00,5_5053,7779.10,111.00,615.10,60.00,1,76.33
22008.00,5_4931,7726.70,202.00,596.93,135.00,1,167.80
22008.00,5_4954,7736.80,185.00,617.75,117.00,1,147.24
22008.00,5_5061,7785.70,104.00,615.10,53.00,1,67.62
22009.00,5_4965,7744.50,175.00,617.75,108.00,1,141.09
22010.00,5_5070,7789.00,100.00,615.10,47.00,1,68.88
22011.00,5_5073,7794.10,95.00,615.10,44.00,1,62.19
22012.00,5_4946,7733.20,195.00,596.93,125.00,1,158.58
22012.00,5_4973,7748.10,172.00,617.75,105.00,1,138.08
22013.00,5_4983,7747.10,171.00,617.75,104.00,1,137.25
22014.00,5_5082,7801.40,88.00,615.10,35.00,1,50.68
22015.00,5_4950,7735.00,195.00,596.93,125.00,1,158.36
22015.00,5_5105,7801.50,82.00,615.10,29.00,1,49.09
22016.00,5_4956,7738.20,191.00,596.93,122.00,1,159.53
22017.00,5_5106,7804.20,81.00,615.10,27.00,1,46.64
22018.00,5_4957,7740.90,190.00,596.93,121.00,1,157.51
22018.00,5_4990,7750.00,171.00,617.75,101.00,1,133.37
22018.00,5_5127,7808.90,71.00,615.10,20.00,1,40.16
22020.00,5_4966,7747.20,183.00,596.93,114.00,1,152.69
22020.00,5_4991,7751.70,171.00,617.75,101.00,1,141.81
22020.00,5_5129,7812.30,69.00,615.10,17.00,1,35.18
22021.00,5_5015,7764.50,152.00,617.75,82.00,1,120.11
22021.00,5_5180,7821.00,46.00,615.10,0.00,0,14.95
22022.00,5_5145,7816.50,62.00,615.10,9.00,1,26.42
22023.00,5_5181,7823.70,45.00,615.10,0.00,0,14.34
22024.00,5_5009,7760.30,161.00,596.93,90.00,1,126.34
22025.00,5_5025,7766.50,151.00,617.75,79.00,1,112.62
22026.00,5_5197,7824.90,42.00,615.10,0.00,0,8.38
22027.00,5_5035,7765.50,151.00,617.75,78.00,1,119.12
22027.00,5_5199,7826.30,41.00,615.10,0.00,0,13.88
22028.00,5_5040,7769.00,147.00,596.93,75.00,1,109.14
22030.00,5_5064,7787.80,123.00,615.10,49.00,1,90.05
22032.00,5_5045,7773.50,145.00,617.75,69.00,1,104.10
22032.00,5_5051,7776.70,140.00,596.93,64.00,1,99.62
22032.00,5_5057,7780.90,134.00,596.93,59.00,1,101.17
22032.00,5_5134,7813.80,78.00,615.10,17.00,1,39.38
22033.00,5_5076,7796.20,114.00,617.75,42.00,1,84.20
22034.00,5_5058,7783.60,133.00,596.93,60.00,1,99.33
22034.00,5_5077,7796.90,114.00,615.10,40.00,2,80.55
22035.00,5_5100,7802.00,103.00,617.75,31.00,1,72.52
22035.00,5_5143,7814.10,78.00,615.10,13.00,2,47.87
22036.00,5_5072,7791.40,123.00,596.93,48.00,1,90.49
22038.00,5_5079,7799.30,115.00,596.93,41.00,1,84.92
22038.00,5_5108,7806.60,99.00,617.75,24.00,1,65.49
22040.00,5_5121,7806.70,97.00,617.75,24.00,1,65.81
22042.00,5_5085,7803.50,113.00,596.93,36.00,1,80.23
22043.00,5_5109,7807.30,103.00,596.93,27.00,1,72.29
22044.00,5_5128,7811.60,94.00,617.75,18.00,1,61.38
22046.00,5_5125,7806.50,102.00,596.93,24.00,1,69.75
22047.00,5_5157,7818.90,81.00,617.75,6.00,1,45.50
22048.00,5_5151,7817.70,85.00,596.93,10.00,1,54.12
22050.00,5_5236,7834.20,45.00,615.10,0.00,0,5.58
22051.00,5_5162,7818.40,84.00,617.75,4.00,1,46.52
22051.00,5_5165,7819.50,82.00,596.93,6.00,1,50.21
22052.00,5_5207,7828.90,61.00,617.75,0.00,0,27.86
22053.00,5_5173,7820.10,81.00,596.93,5.00,1,49.56
22054.00,5_5237,7836.90,46.00,615.10,0.00,0,9.87
22055.00,5_5190,7824.00,74.00,596.93,0.00,0,43.36
22056.00,5_5241,7838.70,45.00,617.75,0.00,0,10.42
22059.00,5_5204,7826.80,71.00,596.93,0.00,0,36.83
22060.00,5_5246,7840.20,46.00,617.75,0.00,0,10.35
22062.00,5_5260,7842.00,42.00,615.10,0.00,0,6.59
22062.00,5_5261,7844.70,39.00,617.75,0.00,0,11.31
22063.00,5_5215,7828.50,70.00,596.93,0.00,0,33.99
22064.00,5_5218,7830.60,68.00,596.93,0.00,0,37.71
22066.00,5_5222,7832.40,67.00,596.93,0.00,0,37.65
22070.00,5_5226,7834.20,68.00,596.93,0.00,0,33.80
22070.00,5_5278,7848.60,38.00,615.10,0.00,0,7.01
22071.00,5_5275,7846.50,42.00,617.75,0.00,0,7.17
22072.00,5_5248,7842.60,55.00,596.93,0.00,0,23.01
22074.00,5_5265,7846.50,48.00,596.93,0.00,0,18.52
22312.00,5_5280,7851.00,277.00,596.93,232.00,1,244.58
22313.00,5_5290,7854.00,272.00,615.10,227.00,1,240.28
22315.00,5_5285,7852.50,277.00,617.75,228.00,1,242.03
22315.00,5_5305,7865.50,258.00,615.10,210.00,1,225.87
22317.00,5_5292,7856.40,273.00,617.75,227.00,1,240.95
22318.00,5_5296,7858.20,271.00,596.93,220.00,1,234.23
22318.00,5_5297,7860.90,268.00,617.75,221.00,1,237.01
22319.00,5_5303,7863.10,265.00,596.93,216.00,1,232.37
22319.00,5_5307,7867.90,259.00,615.10,208.00,1,221.26
22320.00,5_5322,7869.40,254.00,615.10,203.00,1,223.06
22321.00,5_5324,7871.80,252.00,596.93,204.00,1,218.79
22321.00,5_5328,7876.60,246.00,615.10,194.00,1,213.49
22322.00,5_5318,7867.60,259.00,617.75,209.00,1,225.54
22323.00,5_5331,7878.70,245.00,596.93,197.00,1,219.25
22323.00,5_5343,7890.10,230.00,615.10,177.00,1,197.82
22324.00,5_5333,7881.10,243.00,615.10,194.00,1,213.07
22324.00,5_5338,7885.60,237.00,596.93,189.00,1,206.76
22325.00,5_5346,7892.20,229.00,615.10,176.00,2,198.23
22326.00,5_5360,7909.00,209.00,615.10,162.00,1,177.66
22327.00,5_5326,7874.20,255.00,617.75,199.00,1,214.73
22328.00,5_5370,7918.00,199.00,615.10,145.00,2,168.39
22329.00,5_5339,7888.30,239.00,596.93,187.00,1,205.67
22329.00,5_5380,7930.00,185.00,615.10,132.00,2,159.46
22331.00,5_5349,7894.30,232.00,596.93,180.00,1,199.66
22331.00,5_5352,7899.40,226.00,617.75,173.00,1,192.62
22331.00,5_5400,7936.00,175.00,615.10,122.00,1,144.24
22332.00,5_5335,7883.50,248.00,617.75,191.00,1,207.32
22332.00,5_5359,7906.30,218.00,615.10,166.00,1,186.47
22333.00,5_5417,7944.90,163.00,615.10,113.00,1,129.91
22337.00,5_5350,7897.00,235.00,596.93,177.00,1,196.24
22337.00,5_5353,7902.10,229.00,596.93,174.00,1,202.35
22338.00,5_5424,7948.80,162.00,615.10,107.00,1,122.45
22339.00,5_5358,7903.60,228.00,596.93,173.00,1,197.15
22339.00,5_5362,7911.40,219.00,617.75,161.00,1,179.24
22339.00,5_5444,7962.80,143.00,615.10,88.00,1,111.61
22341.00,5_5365,7913.50,218.00,596.93,163.00,1,186.46
22341.00,5_5393,7935.10,188.00,617.75,128.00,1,150.07
22341.00,5_5459,7976.30,127.00,615.10,74.00,1,95.52
22342.00,5_5402,7938.40,183.00,617.75,123.00,1,153.04
22343.00,5_5366,7916.20,217.00,596.93,160.00,1,187.45
22343.00,5_5477,7984.90,115.00,615.10,61.00,1,84.50
22344.00,5_5515,7991.50,98.00,615.10,44.00,1,61.19
22345.00,5_5426,7951.20,166.00,615.10,108.00,1,134.60
22346.00,5_5415,7943.50,178.00,617.75,117.00,1,139.58
22346.00,5_5533,8001.10,85.00,615.10,31.00,1,52.80
22348.00,5_5428,7953.60,166.00,617.75,106.00,1,135.24
22349.00,5_5372,7923.40,214.00,596.93,154.00,1,186.37
22350.00,5_5371,7920.70,218.00,596.93,155.00,1,179.75
22350.00,5_5430,7955.00,166.00,617.75,106.00,1,137.19
22350.00,5_5540,8003.00,85.00,615.10,29.00,1,43.53
22351.00,5_5554,8004.80,80.00,615.10,26.00,1,50.23
22353.00,5_5562,8005.40,79.00,615.10,24.00,1,45.69
22355.00,5_5432,7956.40,169.00,617.75,104.00,1,132.45
22356.00,5_5375,7925.50,218.00,596.93,152.00,1,180.00
22358.00,5_5381,7932.70,211.00,596.93,146.00,1,179.47
22358.00,5_5434,7957.80,170.00,617.75,103.00,1,132.23
22361.00,5_5379,7927.30,220.00,596.93,149.00,1,176.81
22361.00,5_5445,7965.50,162.00,617.75,97.00,1,124.21
22362.00,5_5447,7966.90,161.00,617.75,95.00,1,127.30
22363.00,5_5462,7978.40,146.00,596.93,90.00,1,114.02
22364.00,5_5453,7976.10,152.00,617.75,85.00,1,121.50
22366.00,5_5464,7980.80,146.00,617.75,79.00,1,114.04
22369.00,5_5479,7987.30,138.00,617.75,69.00,1,102.15
22370.00,5_5449,7971.30,164.00,596.93,106.00,2,124.37
22371.00,5_5388,7933.60,221.00,596.93,150.00,3,186.10
22372.00,5_5472,7983.40,147.00,596.93,81.00,1,117.53
22372.00,5_5487,7986.90,139.00,617.75,69.00,1,102.71
22374.00,5_5406,7940.20,212.00,596.93,137.00,4,183.90
22374.00,5_5513,7990.10,130.00,617.75,61.00,1,94.45
22376.00,5_5501,7987.70,138.00,596.93,71.00,2,106.06
22376.00,5_5538,8000.60,114.00,617.75,43.00,1,83.83
22379.00,5_5544,8004.80,111.00,617.75,39.00,1,78.43
22381.00,5_5524,7997.80,126.00,596.93,56.00,2,90.33
22381.00,5_5552,8003.40,112.00,617.75,39.00,1,78.81
22381.00,5_5598,8046.60,55.00,615.10,0.00,0,24.27
22384.00,5_5600,8049.00,55.00,615.10,0.00,0,22.97
22386.00,5_5580,8047.00,65.00,617.75,0.00,0,30.81
22387.00,5_5569,8008.30,108.00,617.75,33.00,1,67.82
22388.00,5_5518,7993.60,139.00,596.93,66.00,4,106.66
22388.00,5_5611,8054.70,50.00,615.10,0.00,0,14.80
22389.00,5_5413,7941.10,224.00,596.93,142.00,6,180.86
22389.00,5_5568,8005.60,113.00,596.93,38.00,2,78.73
22390.00,5_5623,8057.10,46.00,615.10,0.00,0,6.29
22390.00,5_5626,8059.20,43.00,615.10,0.00,0,9.47
22391.00,5_5419,7947.30,218.00,596.93,134.00,5,184.59
22391.00,5_5640,8060.00,39.00,615.10,0.00,0,10.53
22392.00,5_5634,8059.80,42.00,617.75,0.00,0,10.85
22393.00,5_5435,7959.50,203.00,596.93,120.00,5,173.92
22395.00,5_5642,8062.40,40.00,617.75,0.00,0,7.81
22398.00,5_5443,7960.10,205.00,596.93,111.00,2,168.55
22400.00,5_5448,7968.60,197.00,596.93,104.00,2,165.33
22400.00,5_5649,8065.30,40.00,615.10,0.00,0,5.65
22403.00,5_5652,8067.40,40.00,617.75,0.00,0,10.59
22404.00,5_5450,7974.00,195.00,596.93,98.00,2,157.70
22405.00,5_5471,7980.70,183.00,596.93,85.00,1,152.78
22407.00,5_5488,7988.60,172.00,596.93,74.00,1,140.04
22408.00,5_5645,8063.50,51.00,615.10,0.00,0,4.71
22409.00,5_5502,7990.40,168.00,596.93,67.00,1,138.03
22413.00,5_5521,7995.70,161.00,596.93,58.00,1,126.16
22417.00,5_5658,8074.60,45.00,617.75,0.00,0,6.76
22590.00,5_5530,7999.00,332.00,596.93,227.00,2,301.16
22591.00,5_5660,8077.00,216.00,615.10,170.00,1,182.83
22592.00,5_5673,8082.10,208.00,615.10,162.00,1,179.33
22593.00,5_5680,8086.00,203.00,615.10,156.00,1,169.34
22594.00,5_5577,8006.90,314.00,596.93,209.00,2,280.11
22594.00,5_5672,8079.40,213.00,617.75,163.00,1,176.10
22595.00,5_5682,8091.40,199.00,615.10,149.00,1,165.88
22597.00,5_5686,8093.20,198.00,615.10,150.00,1,167.17
22598.00,5_5591,8045.70,275.00,596.93,172.00,1,239.30
22598.00,5_5676,8084.20,211.00,617.75,160.00,1,175.66
22599.00,5_5607,8049.90,267.00,596.93,172.00,1,239.82
22600.00,5_5690,8095.00,198.00,615.10,148.00,1,164.70
22601.00,5_5609,8052.30,266.00,596.93,171.00,1,236.57
22603.00,5_5681,8088.70,210.00,615.10,148.00,1,164.40
22603.00,5_5695,8096.50,198.00,607.65,147.00,1,164.65
22603.00,5_5696,8099.20,195.00,615.10,142.00,1,164.49
22604.00,5_5618,8055.60,263.00,596.93,171.00,1,231.02
22604.00,5_5697,8101.90,193.00,615.10,138.00,2,158.81
22605.00,5_5703,8103.10,191.00,617.75,140.00,1,160.32
22606.00,5_5653,8070.10,240.00,596.93,169.00,1,208.93
22606.00,5_5707,8110.90,183.00,615.10,129.00,1,147.00
22607.00,5_5704,8105.80,190.00,617.75,138.00,1,161.29
22607.00,5_5712,8115.40,178.00,615.10,126.00,1,141.90
22609.00,5_5717,8119.90,174.00,615.10,119.00,1,143.94
22610.00,5_5657,8071.90,241.00,596.93,168.00,1,206.71
22610.00,5_5750,8129.00,156.00,615.10,104.00,1,128.27
22612.00,5_5669,8077.30,234.00,596.93,168.00,1,201.61
22612.00,5_5744,8125.80,163.00,615.10,106.00,2,126.84
22612.00,5_5774,8141.80,138.00,615.10,88.00,1,109.61
22613.00,5_5706,8108.20,193.00,617.75,136.00,1,155.43
22613.00,5_5711,8112.70,187.00,596.93,133.00,1,156.59
22614.00,5_5715,8117.50,182.00,617.75,127.00,1,149.06
22614.00,5_5773,8139.10,143.00,615.10,90.00,1,107.44
22616.00,5_5729,8119.30,178.00,596.93,122.00,1,147.68
22617.00,5_5732,8121.40,176.00,617.75,118.00,1,141.41
22619.00,5_5743,8123.10,173.00,596.93,117.00,1,141.26
22619.00,5_5820,8160.00,113.00,615.10,56.00,1,70.82
22620.00,5_5754,8130.80,163.00,596.93,108.00,1,137.28
22620.00,5_5823,8164.10,109.00,615.10,55.00,1,74.73
22622.00,5_5742,8121.40,178.00,617.75,116.00,1,137.63
22622.00,5_5852,8174.40,92.00,615.10,35.00,1,51.21
22623.00,5_5755,8133.50,163.00,596.93,106.00,1,130.62
22624.00,5_5746,8128.20,172.00,617.75,109.00,2,136.74
22624.00,5_5856,8182.20,85.00,615.10,29.00,1,52.21
22625.00,5_5767,8138.90,156.00,617.75,96.00,1,123.19
22625.00,5_5860,8187.00,80.00,615.10,23.00,1,41.04
22626.00,5_5757,8135.90,163.00,596.93,103.00,1,130.33
22627.00,5_5775,8144.50,150.00,617.75,91.00,1,119.99
22627.00,5_5882,8186.40,76.00,615.10,20.00,1,38.05
22628.00,5_5766,8136.20,162.00,596.93,102.00,1,130.79
22629.00,5_5783,8148.10,146.00,617.75,87.00,1,113.43
22629.00,5_5884,8188.80,75.00,615.10,19.00,1,37.50
22630.00,5_5776,8147.20,150.00,596.93,90.00,1,119.89
22630.00,5_5892,8189.40,73.00,615.10,19.00,1,37.02
22632.00,5_5894,8191.80,72.00,615.10,15.00,1,39.50
22633.00,5_5800,8154.00,139.00,617.75,77.00,1,102.41
22633.00,5_5896,8197.20,67.00,615.10,14.00,1,29.80
22634.00,5_5787,8148.90,149.00,596.93,86.00,1,117.48
22635.00,5_5791,8150.70,147.00,596.93,84.00,1,118.19
22635.00,5_5899,8199.30,66.00,615.10,11.00,1,35.67
22636.00,5_5801,8155.70,140.00,617.75,76.00,1,103.06
22637.00,5_5910,8202.00,62.00,615.10,6.00,1,26.37
22638.00,5_5911,8204.70,60.00,615.10,5.00,1,30.10
22640.00,5_5809,8158.30,139.00,617.75,71.00,1,99.41
22640.00,5_5930,8208.00,53.00,615.10,0.00,0,22.16
22858.00,5_5915,8206.50,277.00,615.10,215.00,2,249.80
22859.00,5_5797,8151.90,368.00,596.93,301.00,2,337.07
22861.00,5_5803,8157.10,363.00,596.93,296.00,2,332.29
22862.00,5_5822,8162.40,353.00,617.75,284.00,2,316.55
22863.00,5_5824,8166.80,349.00,617.75,278.00,2,315.76
22864.00,5_5975,8210.50,261.00,615.10,211.00,1,222.46
22865.00,5_5831,8169.70,346.00,617.75,273.00,2,314.55
22865.00,5_5984,8210.80,259.00,615.10,208.00,1,225.50
22866.00,5_5989,8218.30,251.00,615.10,201.00,1,218.98
22868.00,5_5818,8157.60,365.00,596.93,291.00,2,327.52
22868.00,6_2,8194.00,242.00,615.10,192.00,1,212.18
22869.00,6_15,7996.00,233.00,615.10,185.00,1,203.62
22870.00,5_5838,8169.60,349.00,617.75,273.00,2,310.57
22871.00,5_5826,8168.20,355.00,596.93,278.00,2,316.10
22871.00,6_22,7895.00,224.00,615.10,173.00,1,193.48
22872.00,5_5840,8171.00,349.00,617.75,271.00,2,317.41
22872.00,6_53,7431.00,193.00,615.10,141.00,1,166.88
22873.00,5_5842,8172.40,348.00,596.93,270.00,2,310.30
22873.00,5_5849,8173.30,345.00,617.75,270.00,2,315.08
22875.00,5_5854,8176.80,342.00,596.93,265.00,2,314.08
22875.00,5_5939,8212.30,281.00,617.75,215.00,1,251.00
22876.00,6_59,7341.00,191.00,615.10,139.00,1,153.56
22877.00,5_5855,8179.50,341.00,596.93,261.00,2,307.09
22878.00,5_5858,8184.60,336.00,596.93,257.00,2,307.53
22878.00,6_85,6940.00,178.00,615.10,125.00,1,146.93
22878.00,6_121,6393.00,149.00,615.10,100.00,1,118.53
22879.00,5_5955,8212.50,280.00,617.75,213.00,1,243.75
22879.00,6_90,6866.00,173.00,615.10,120.00,1,137.48
22880.00,5_5877,8184.90,332.00,596.93,254.00,2,301.75
22881.00,5_5970,8210.00,280.00,617.75,213.00,1,246.25
22881.00,6_126,6315.00,150.00,615.10,99.00,1,120.11
22884.00,5_5895,8194.50,321.00,596.93,241.00,2,288.02
22884.00,6_116,6471.00,157.00,615.10,100.00,2,121.13
22885.00,6_3,8181.00,256.00,617.75,200.00,1,224.44
22886.00,5_5997,8218.90,268.00,617.75,209.00,1,227.78
22888.00,5_5908,8199.60,316.00,596.93,231.00,2,279.50
22888.00,6_8,8106.00,254.00,617.75,196.00,1,217.98
23026.00,5_5916,8210.20,441.00,596.93,358.00,3,409.32
23028.00,6_18,7954.00,386.00,617.75,326.00,3,351.83
23028.00,6_69,7184.00,340.00,596.93,287.00,2,311.31
23029.00,5_5938,8209.60,438.00,596.93,351.00,3,412.56
23031.00,6_20,7924.00,387.00,617.75,323.00,3,353.17
23033.00,6_80,7014.00,339.00,596.93,282.00,3,309.42
23034.00,6_38,7651.00,375.00,617.75,308.00,2,338.76
23035.00,5_5947,8211.90,439.00,596.93,349.00,3,410.82
23035.00,6_45,7550.00,365.00,617.75,302.00,2,331.34
23037.00,6_98,6741.00,328.00,617.75,263.00,2,297.77
23040.00,5_5985,8213.50,431.00,596.93,346.00,2,400.96
23041.00,6_110,6557.00,324.00,617.75,255.00,2,287.70
23043.00,6_111,6543.00,324.00,617.75,252.00,2,291.70
23045.00,6_115,6484.00,321.00,596.93,259.00,3,286.26
23045.00,6_136,6303.00,166.00,617.75,108.00,2,131.94
23046.00,6_130,6393.00,173.00,615.10,113.00,2,137.58
23048.00,5_5988,8215.60,436.00,596.93,348.00,3,400.21
23048.00,6_139,6257.00,167.00,617.75,106.00,1,133.42
23049.00,6_131,6380.00,173.00,615.10,112.00,3,135.45
23049.00,6_150,6084.00,165.00,617.75,106.00,1,138.65
23050.00,5_6000,8220.00,430.00,596.93,346.00,2,403.71
23051.00,6_0,8223.00,428.00,596.93,345.00,2,397.32
23051.00,6_165,5851.00,160.00,615.10,102.00,2,126.91
23052.00,6_167,5822.00,158.00,615.10,97.00,2,125.31
23054.00,6_154,6022.00,168.00,617.75,104.00,1,131.89
23054.00,6_168,5809.00,157.00,615.10,94.00,3,124.74
23055.00,6_176,5690.00,149.00,615.10,86.00,2,115.49
23055.00,6_187,5523.00,140.00,617.75,79.00,1,108.46
23057.00,6_6,8135.00,426.00,596.93,344.00,2,387.90
23057.00,6_175,5703.00,154.00,615.10,90.00,2,123.94
23057.00,6_190,5480.00,137.00,617.75,78.00,1,102.18
23057.00,6_209,5181.00,132.00,615.10,71.00,1,99.19
23058.00,6_17,7967.00,419.00,596.93,339.00,2,384.94
23059.00,6_186,5536.00,147.00,615.10,82.00,2,116.73
23060.00,6_23,7882.00,410.00,596.93,327.00,2,374.56
23061.00,6_26,7837.00,408.00,586.83,326.00,3,376.15
23063.00,6_37,7664.00,407.00,586.83,325.00,3,377.55
23067.00,6_39,7637.00,406.00,596.93,321.00,3,372.66
23068.00,6_41,7608.00,404.00,596.93,320.00,3,373.27
23071.00,6_44,7563.00,404.00,596.93,317.00,3,371.64
23075.00,6_48,7505.00,402.00,596.93,316.00,2,367.35
23079.00,6_50,7476.00,403.00,596.93,312.00,2,366.69
23083.00,6_57,7370.00,401.00,596.93,308.00,2,362.06
23083.00,6_213,5120.00,155.00,596.93,102.00,1,124.84
23085.00,6_73,7123.00,394.00,596.93,301.00,2,362.33
23087.00,6_86,6927.00,384.00,596.93,290.00,2,352.29
23094.00,6_108,6586.00,380.00,596.93,278.00,2,338.71
23095.00,6_83,6969.00,398.00,596.93,300.00,5,361.90
23096.00,6_107,6599.00,385.00,596.93,281.00,4,352.52
23098.00,6_113,6513.00,377.00,596.93,273.00,2,343.20
23104.00,6_127,6301.00,371.00,596.93,263.00,2,331.91
23106.00,6_162,5896.00,218.00,596.93,127.00,1,184.27
23107.00,6_173,5732.00,207.00,596.93,125.00,1,172.60
23110.00,6_184,5565.00,201.00,596.93,117.00,1,166.65
23111.00,6_188,5509.00,194.00,596.93,112.00,1,166.68
23115.00,6_198,5354.00,193.00,596.93,110.00,1,159.00
23347.00,6_217,5059.00,416.00,596.93,329.00,2,390.41
