step,tl_id,start_at_step,cycle_time
195,0,-1,200
491,0,199,296
820,0,495,329
1056,0,824,236
1508,0,1060,452
1864,0,1512,356
2145,0,1868,281
2474,0,2149,329
2863,0,2478,389
3138,0,2867,275
3314,0,3142,176
3445,0,3318,131
3786,0,3449,341
4097,0,3790,311
4204,0,4101,107
4509,0,4208,305
4811,0,4513,302
5131,0,4815,320
5442,0,5135,311
5660,0,5446,218
6031,0,5664,371
6279,0,6035,248
6485,0,6283,206
6664,0,6489,179
6849,0,6668,185
7145,0,6853,296
7450,0,7149,305
7740,0,7454,290
8066,0,7744,326
