step,tl_id,start_at_step,cycle_time
234,0,-1,239
500,0,238,266
904,0,504,404
1149,0,908,245
1466,0,1153,317
1714,0,1470,248
1941,0,1718,227
2183,0,1945,242
2380,0,2187,197
2634,0,2384,254
2894,0,2638,260
3100,0,2898,206
3387,0,3104,287
3674,0,3391,287
3979,0,3678,305
4329,0,3983,350
4700,0,4333,371
4930,0,4704,230
5163,0,4934,233
5375,0,5167,212
5665,0,5379,290
5904,0,5669,239
6236,0,5908,332
6460,0,6240,224
6807,0,6464,347
7151,0,6811,344
7414,0,7155,263
