step,tl_id,start_at_step,cycle_time
189,0,-1,194
377,0,193,188
601,0,381,224
834,0,605,233
1253,0,838,419
1462,0,1257,209
1743,0,1466,281
2003,0,1747,260
2287,0,2007,284
2571,0,2291,284
2726,0,2575,155
3067,0,2730,341
3288,0,3071,221
3602,0,3292,314
3790,0,3606,188
4128,0,3794,338
4409,0,4132,281
4627,0,4413,218
4908,0,4631,281
5105,0,4912,197
5419,0,5109,314
5769,0,5423,350
6023,0,5773,254
6307,0,6027,284
6546,0,6311,239
6833,0,6550,287
7096,0,6837,263
7410,0,7100,314
7787,0,7414,377
