step,tl_id,start_at_step,cycle_time
150,0,-1,155
446,0,154,296
664,0,450,218
960,0,668,296
1247,0,964,287
1486,0,1251,239
1749,0,1490,263
1949,0,1753,200
2197,0,1953,248
2412,0,2201,215
2621,0,2416,209
2929,0,2625,308
3252,0,2933,323
3497,0,3256,245
3775,0,3501,278
4020,0,3779,245
4379,0,4024,359
4651,0,4383,272
4992,0,4655,341
5195,0,4996,203
5443,0,5199,248
5607,0,5447,164
5717,0,5611,110
5914,0,5721,197
6261,0,5918,347
6530,0,6265,269
6844,0,6534,314
7086,0,6848,242
7418,0,7090,332
