step,tl_id,start_at_step,cycle_time
216,0,-1,221
572,0,220,356
901,0,576,329
1098,0,905,197
1442,0,1102,344
1696,0,1446,254
1959,0,1700,263
2258,0,1963,299
2512,0,2262,254
2775,0,2516,263
3086,0,2779,311
3328,0,3090,242
3561,0,3332,233
3791,0,3565,230
4141,0,3795,350
4389,0,4145,248
4784,0,4393,395
4963,0,4788,179
5316,0,4967,353
5480,0,5320,164
5743,0,5484,263
5889,0,5747,146
6071,0,5893,182
6319,0,6075,248
6663,0,6323,344
6947,0,6667,284
7252,0,6951,305
7578,0,7256,326
