step,tl_id,start_at_step,cycle_time
213,0,-1,218
458,0,217,245
736,0,462,278
1035,0,740,299
1268,0,1039,233
1522,0,1272,254
1740,0,1526,218
2066,0,1744,326
2311,0,2070,245
2484,0,2315,173
2732,0,2488,248
3001,0,2736,269
3207,0,3005,206
3365,0,3211,158
3724,0,3369,359
4011,0,3728,287
4175,0,4015,164
4405,0,4179,230
4704,0,4409,299
5096,0,4708,392
5467,0,5100,371
5727,0,5471,260
5948,0,5731,221
6136,0,5952,188
6423,0,6140,287
6797,0,6427,374
7177,0,6801,380
7350,0,7181,173
7487,0,7354,137
