step,tl_id,start_at_step,cycle_time
240,0,-1,245
389,0,244,149
706,0,393,317
909,0,710,203
1223,0,913,314
1501,0,1227,278
1779,0,1505,278
2114,0,1783,335
2350,0,2118,236
2508,0,2354,158
2819,0,2512,311
3160,0,2823,341
3444,0,3164,284
3692,0,3448,248
3961,0,3696,269
4164,0,3965,203
4418,0,4168,254
4783,0,4422,365
5070,0,4787,287
5204,0,5074,134
5512,0,5208,308
5772,0,5516,260
6041,0,5776,269
6337,0,6045,296
6582,0,6341,245
6845,0,6586,263
7156,0,6849,311
7395,0,7160,239
7658,0,7399,263
