step,tl_id,start_at_step,cycle_time
165,0,-1,170
425,0,169,260
649,0,429,224
987,0,653,338
1148,0,991,161
1522,0,1152,374
1770,0,1526,248
1949,0,1774,179
2227,0,1953,278
2565,0,2231,338
2804,0,2569,239
3061,0,2808,257
3387,0,3065,326
3767,0,3391,380
4081,0,3771,314
4308,0,4085,227
4589,0,4312,281
4810,0,4593,221
5016,0,4814,206
5216,0,5020,200
5473,0,5220,257
5733,0,5477,260
5948,0,5737,215
6082,0,5952,134
6396,0,6086,314
6644,0,6400,248
6817,0,6648,173
7026,0,6821,209
7277,0,7030,251
