step,tl_id,start_at_step,cycle_time
216,0,-1,221
521,0,220,305
655,0,525,134
804,0,659,149
1028,0,808,224
1354,0,1032,326
1575,0,1358,221
1745,0,1579,170
1990,0,1749,245
2250,0,1994,260
2498,0,2254,248
2704,0,2502,206
3084,0,2708,380
3311,0,3088,227
3562,0,3315,251
3801,0,3566,239
4142,0,3805,341
4546,0,4146,404
4977,0,4550,431
5330,0,4981,353
5551,0,5334,221
5685,0,5555,134
6002,0,5689,317
6400,0,6006,398
6753,0,6404,353
7112,0,6757,359
7435,0,7116,323
