step,tl_id,start_at_step,cycle_time
198,0,-1,203
569,0,202,371
835,0,573,266
1086,0,839,251
1484,0,1090,398
1645,0,1488,161
1911,0,1649,266
2174,0,1915,263
2542,0,2178,368
2673,0,2546,131
3011,0,2677,338
3301,0,3015,290
3573,0,3305,272
3947,0,3577,374
4327,0,3951,380
4638,0,4331,311
5042,0,4642,404
5320,0,5046,278
5505,0,5324,185
5756,0,5509,251
5986,0,5760,230
6288,0,5990,302
6608,0,6292,320
6931,0,6612,323
7260,0,6935,329
7553,0,7264,293
