step,tl_id,start_at_step,cycle_time
327,0,-1,332
599,0,331,272
955,0,603,356
1218,0,959,263
1481,0,1222,263
1789,0,1485,308
2211,0,1793,422
2495,0,2215,284
2809,0,2499,314
3021,0,2813,212
3170,0,3025,149
3481,0,3174,311
3687,0,3485,206
3935,0,3691,248
4252,0,3939,317
4515,0,4256,263
4784,0,4519,269
5002,0,4788,218
5349,0,5006,347
5708,0,5353,359
5974,0,5712,266
6225,0,5978,251
6452,0,6229,227
6709,0,6456,257
7005,0,6713,296
7289,0,7009,284
7495,0,7293,206
