step,tl_id,start_at_step,cycle_time
129,0,-1,134
458,0,133,329
736,0,462,278
990,0,740,254
1274,0,994,284
1531,0,1278,257
1908,0,1535,377
2258,0,1912,350
2512,0,2262,254
2817,0,2516,305
3035,0,2821,218
3337,0,3039,302
3681,0,3341,344
3995,0,3685,314
4330,0,3999,335
4614,0,4334,284
4886,0,4618,272
5236,0,4890,350
5346,0,5240,110
5579,0,5350,233
5755,0,5583,176
5988,0,5759,233
6245,0,5992,257
6586,0,6249,341
6789,0,6590,203
7100,0,6793,311
7414,0,7104,314
7623,0,7418,209
7814,0,7627,191
