step,tl_id,start_at_step,cycle_time
192,0,-1,197
470,0,196,278
718,0,474,248
1017,0,722,299
1316,0,1021,299
1636,0,1320,320
1812,0,1640,176
2210,0,1816,398
2539,0,2214,329
2817,0,2543,278
2972,0,2821,155
3310,0,2976,338
3570,0,3314,260
3848,0,3574,278
4255,0,3852,407
4494,0,4259,239
4850,0,4498,356
5083,0,4854,233
5397,0,5087,314
5675,0,5401,278
5890,0,5679,215
6255,0,5894,365
6422,0,6259,167
6760,0,6426,338
7131,0,6764,371
7364,0,7135,233
7597,0,7368,233
