step,tl_id,start_at_step,cycle_time
237,0,-1,242
509,0,241,272
808,0,513,299
1062,0,812,254
1418,0,1066,356
1762,0,1422,344
2103,0,1766,341
2402,0,2107,299
2797,0,2406,395
3060,0,2801,263
3452,0,3064,392
3688,0,3456,236
3882,0,3692,194
4175,0,3886,293
4420,0,4179,245
4644,0,4424,224
4961,0,4648,317
5182,0,4965,221
5391,0,5186,209
5723,0,5395,332
6013,0,5727,290
6321,0,6017,308
6626,0,6325,305
6895,0,6630,269
7200,0,6899,305
