step,tl_id,start_at_step,cycle_time
162,0,-1,167
398,0,166,236
622,0,402,224
891,0,626,269
1229,0,895,338
1423,0,1233,194
1824,0,1427,401
2174,0,1828,350
2260,0,2178,86
2556,0,2264,296
2693,0,2560,137
2998,0,2697,305
3333,0,3002,335
3638,0,3337,305
3871,0,3642,233
4137,0,3875,266
4331,0,4141,194
4720,0,4335,389
4869,0,4724,149
5057,0,4873,188
5329,0,5061,272
5700,0,5333,371
6026,0,5704,326
6319,0,6030,293
6558,0,6323,239
6704,0,6562,146
7060,0,6708,356
7308,0,7064,248
7565,0,7312,257
