step,tl_id,start_at_step,cycle_time
135,0,-1,140
431,0,139,296
760,0,435,329
1053,0,764,293
1352,0,1057,299
1648,0,1356,296
1851,0,1652,203
2177,0,1855,326
2602,0,2181,425
2847,0,2606,245
3062,0,2851,215
3352,0,3066,290
3705,0,3356,353
4121,0,3709,416
4501,0,4125,380
4818,0,4505,317
5033,0,4822,215
5362,0,5037,329
5652,0,5366,290
5930,0,5656,278
6148,0,5934,218
6315,0,6152,167
6578,0,6319,263
6853,0,6582,275
7236,0,6857,383
7490,0,7240,254
