step,tl_id,start_at_step,cycle_time
165,0,-1,170
545,0,169,380
844,0,549,299
1170,0,848,326
1421,0,1174,251
1588,0,1425,167
1782,0,1592,194
2036,0,1786,254
2434,0,2040,398
2799,0,2438,365
3005,0,2803,206
3325,0,3009,320
3525,0,3329,200
3764,0,3529,239
4039,0,3768,275
4305,0,4043,266
4496,0,4309,191
4717,0,4500,221
4968,0,4721,251
5198,0,4972,230
5329,0,5202,131
5541,0,5333,212
5831,0,5545,290
5959,0,5835,128
6279,0,5963,320
6593,0,6283,314
6910,0,6597,317
7122,0,6914,212
7463,0,7126,341
