step,tl_id,start_at_step,cycle_time
201,0,-1,206
410,0,205,209
733,0,414,323
1017,0,737,284
1328,0,1021,311
1603,0,1332,275
1887,0,1607,284
2168,0,1891,281
2374,0,2172,206
2823,0,2378,449
3083,0,2827,260
3514,0,3087,431
3843,0,3518,329
4160,0,3847,317
4405,0,4164,245
4662,0,4409,257
4829,0,4666,167
4978,0,4833,149
5178,0,4982,200
5561,0,5182,383
5818,0,5565,257
6117,0,5822,299
6437,0,6121,320
6832,0,6441,395
7077,0,6836,245
7331,0,7081,254
7576,0,7335,245
