step,tl_id,start_at_step,cycle_time
258,0,-1,263
587,0,262,329
715,0,591,128
942,0,719,227
1211,0,946,269
1465,0,1215,254
1689,0,1469,224
2069,0,1693,380
2278,0,2073,209
2583,0,2282,305
2855,0,2587,272
3052,0,2859,197
3285,0,3056,233
3458,0,3289,173
3763,0,3462,305
4020,0,3767,257
4250,0,4024,230
4543,0,4254,293
4692,0,4547,149
4910,0,4696,218
5134,0,4914,224
5373,0,5138,239
5639,0,5377,266
6058,0,5643,419
6327,0,6062,269
6608,0,6331,281
6889,0,6612,281
7218,0,6893,329
