step,tl_id,start_at_step,cycle_time
141,0,-1,146
350,0,145,209
640,0,354,290
834,0,644,194
1031,0,838,197
1252,0,1035,221
1530,0,1256,278
1877,0,1534,347
2221,0,1881,344
2427,0,2225,206
2636,0,2431,209
2848,0,2640,212
3051,0,2852,203
3296,0,3055,245
3496,0,3300,200
3801,0,3500,305
