step,tl_id,start_at_step,cycle_time
282,0,-1,287
638,0,286,356
808,0,642,170
1053,0,812,245
1334,0,1057,281
1588,0,1338,254
1842,0,1592,254
2105,0,1846,263
2461,0,2109,356
2673,0,2465,212
2963,0,2677,290
3349,0,2967,386
3567,0,3353,218
3887,0,3571,320
4057,0,3891,170
4353,0,4061,296
4688,0,4357,335
4825,0,4692,137
5124,0,4829,299
5294,0,5128,170
5593,0,5298,299
5853,0,5597,260
6062,0,5857,209
6241,0,6066,179
6543,0,6245,302
6809,0,6547,266
7018,0,6813,209
7332,0,7022,314
