step,tl_id,start_at_step,cycle_time
177,0,-1,182
422,0,181,245
850,0,426,428
1230,0,854,380
1487,0,1234,257
1765,0,1491,278
2058,0,1769,293
2285,0,2062,227
2611,0,2289,326
2973,0,2615,362
3326,0,2977,353
3613,0,3330,287
3954,0,3617,341
4169,0,3958,215
4495,0,4173,326
4833,0,4499,338
5147,0,4837,314
5401,0,5151,254
5616,0,5405,215
5867,0,5620,251
6145,0,5871,278
6345,0,6149,200
6581,0,6349,236
6790,0,6585,209
7026,0,6794,236
7277,0,7030,251
