step,tl_id,start_at_step,cycle_time
252,0,-1,257
539,0,256,287
787,0,543,248
1062,0,791,275
1328,0,1066,266
1780,0,1332,452
2052,0,1784,272
2441,0,2056,389
2659,0,2445,218
2892,0,2663,233
3164,0,2896,272
3361,0,3168,197
3657,0,3365,296
3911,0,3661,254
4048,0,3915,137
4371,0,4052,323
4676,0,4375,305
4936,0,4680,260
5232,0,4940,296
5591,0,5236,359
5839,0,5595,248
6123,0,5843,284
6380,0,6127,257
6769,0,6384,389
7245,0,6773,476
