step,tl_id,start_at_step,cycle_time
249,0,-1,254
527,0,253,278
751,0,531,224
1125,0,755,374
1469,0,1129,344
1711,0,1473,242
1965,0,1715,254
2120,0,1969,155
2446,0,2124,326
2739,0,2450,293
3008,0,2743,269
3292,0,3012,284
3582,0,3296,290
3815,0,3586,233
3985,0,3819,170
4287,0,3989,302
4505,0,4291,218
4741,0,4509,236
5091,0,4745,350
5366,0,5095,275
5638,0,5370,272
6084,0,5642,446
6272,0,6088,188
6583,0,6276,311
6882,0,6587,299
7064,0,6886,182
7354,0,7068,290
