step,tl_id,start_at_step,cycle_time
249,0,-1,254
539,0,253,290
724,0,543,185
981,0,728,257
1292,0,985,311
1621,0,1296,329
1779,0,1625,158
2120,0,1783,341
2290,0,2124,170
2571,0,2294,281
2870,0,2575,299
3085,0,2874,215
3258,0,3089,173
3503,0,3262,245
3814,0,3507,311
3990,0,3818,176
4262,0,3994,272
4483,0,4266,221
4776,0,4487,293
5069,0,4780,293
5431,0,5073,362
5700,0,5435,269
5924,0,5704,224
6304,0,5928,380
6636,0,6308,332
6845,0,6640,209
7153,0,6849,308
7407,0,7157,254
