step,tl_id,start_at_step,cycle_time
267,0,-1,272
470,0,271,203
847,0,474,377
1008,0,851,161
1319,0,1012,311
1477,0,1323,158
1815,0,1481,338
1970,0,1819,155
2254,0,1974,284
2628,0,2258,374
2852,0,2632,224
3067,0,2856,215
3435,0,3071,368
3656,0,3439,221
3874,0,3660,218
4065,0,3878,191
4286,0,4069,221
4561,0,4290,275
4671,0,4565,110
4838,0,4675,167
5095,0,4842,257
5388,0,5099,293
5552,0,5392,164
5860,0,5556,308
6099,0,5864,239
6362,0,6103,263
6547,0,6366,185
6831,0,6551,284
7169,0,6835,338
