step,tl_id,start_at_step,cycle_time
237,0,-1,242
530,0,241,293
841,0,534,311
1092,0,845,251
1259,0,1096,167
1540,0,1263,281
1827,0,1544,287
1976,0,1831,149
2251,0,1980,275
2556,0,2255,305
2843,0,2560,287
3157,0,2847,314
3285,0,3161,128
3599,0,3289,314
3877,0,3603,278
4131,0,3881,254
4370,0,4135,239
4579,0,4374,209
4863,0,4583,284
5057,0,4867,194
5248,0,5061,191
5562,0,5252,314
5831,0,5566,269
6076,0,5835,245
6351,0,6080,275
6629,0,6355,278
6799,0,6633,170
7011,0,6803,212
7328,0,7015,317
