step,tl_id,start_at_step,cycle_time
285,0,-1,290
482,0,289,197
820,0,486,338
1119,0,824,299
1463,0,1123,344
1726,0,1467,263
1911,0,1730,185
2210,0,1915,299
2599,0,2214,389
2868,0,2603,269
3125,0,2872,257
3364,0,3129,239
3615,0,3368,251
3830,0,3619,215
4141,0,3834,311
4449,0,4145,308
4811,0,4453,362
5173,0,4815,362
5517,0,5177,344
5816,0,5521,299
6124,0,5820,308
6282,0,6128,158
6551,0,6286,269
6844,0,6555,293
7077,0,6848,233
7346,0,7081,269
