step,tl_id,start_at_step,cycle_time
300,0,-1,305
476,0,304,176
796,0,480,320
1011,0,800,215
1253,0,1015,242
1594,0,1257,341
1944,0,1598,350
2213,0,1948,269
2455,0,2217,242
2757,0,2459,302
3182,0,2761,425
3553,0,3186,371
3795,0,3557,242
4088,0,3799,293
4330,0,4092,242
4503,0,4334,173
4733,0,4507,230
4861,0,4737,128
5169,0,4865,308
5555,0,5173,386
5965,0,5559,410
6255,0,5969,290
6452,0,6259,197
6622,0,6456,170
6888,0,6626,266
7205,0,6892,317
7441,0,7209,236
