step,tl_id,start_at_step,cycle_time
288,0,-1,293
476,0,292,188
649,0,480,173
867,0,653,218
1076,0,871,209
1468,0,1080,392
1722,0,1472,254
1937,0,1726,215
2122,0,1941,185
2331,0,2126,209
2597,0,2335,266
2836,0,2601,239
3036,0,2840,200
3308,0,3040,272
3520,0,3312,212
3777,0,3524,257
3986,0,3781,209
4336,0,3990,350
4500,0,4340,164
4769,0,4504,269
4972,0,4773,203
5274,0,4976,302
5582,0,5278,308
5893,0,5586,311
6117,0,5897,224
6407,0,6121,290
6724,0,6411,317
7026,0,6728,302
7331,0,7030,305
