step,tl_id,start_at_step,cycle_time
243,0,-1,248
527,0,247,284
925,0,531,398
1140,0,929,215
1367,0,1144,227
1600,0,1371,233
1773,0,1604,173
2090,0,1777,317
2443,0,2094,353
2667,0,2447,224
2909,0,2671,242
3163,0,2913,254
3501,0,3167,338
3770,0,3505,269
4036,0,3774,266
4188,0,4040,152
4370,0,4192,182
4693,0,4374,323
4974,0,4697,281
5282,0,4978,308
5371,0,5286,89
5685,0,5375,314
5834,0,5689,149
5968,0,5838,134
6321,0,5972,353
6728,0,6325,407
7042,0,6732,314
7383,0,7046,341
