step,tl_id,start_at_step,cycle_time
228,0,-1,233
413,0,232,185
652,0,417,239
924,0,656,272
1166,0,928,242
1372,0,1170,206
1587,0,1376,215
1874,0,1591,287
2131,0,1878,257
2496,0,2135,365
2717,0,2500,221
2968,0,2721,251
3312,0,2972,344
3410,0,3316,98
3679,0,3414,269
4032,0,3683,353
4316,0,4036,284
4504,0,4320,188
4737,0,4508,233
5015,0,4741,278
5338,0,5019,323
5559,0,5342,221
5870,0,5563,311
6250,0,5874,380
6549,0,6254,299
6809,0,6553,260
6922,0,6813,113
7107,0,6926,185
7346,0,7111,239
