step,tl_id,start_at_step,cycle_time
186,0,-1,191
350,0,190,164
622,0,354,272
906,0,626,284
1196,0,910,290
1513,0,1200,317
1860,0,1517,347
2072,0,1864,212
2206,0,2076,134
2427,0,2210,221
2729,0,2431,302
2938,0,2733,209
3174,0,2942,236
3482,0,3178,308
3712,0,3486,230
4020,0,3716,308
4394,0,4024,374
4537,0,4398,143
4803,0,4541,266
5159,0,4807,356
5362,0,5163,203
5721,0,5366,359
6053,0,5725,332
6388,0,6057,335
6669,0,6392,281
6899,0,6673,230
7114,0,6903,215
7407,0,7118,293
