step,tl_id,start_at_step,cycle_time
198,0,-1,203
485,0,202,287
730,0,489,245
969,0,734,239
1232,0,973,263
1396,0,1236,164
1623,0,1400,227
1865,0,1627,242
2029,0,1869,164
2298,0,2033,269
2531,0,2302,233
2863,0,2535,332
3141,0,2867,278
3464,0,3145,323
3769,0,3468,305
4191,0,3773,422
4517,0,4195,326
4648,0,4521,131
5067,0,4652,419
5411,0,5071,344
5728,0,5415,317
6057,0,5732,329
6248,0,6061,191
6343,0,6252,95
6588,0,6347,245
6944,0,6592,356
7108,0,6948,164
7422,0,7112,314
