step,tl_id,start_at_step,cycle_time
189,0,-1,194
350,0,193,161
571,0,354,221
843,0,575,272
1022,0,847,179
1300,0,1026,278
1485,0,1304,185
1814,0,1489,329
2056,0,1818,242
2232,0,2060,176
2633,0,2236,401
2881,0,2637,248
3102,0,2885,221
3404,0,3106,302
3550,0,3408,146
3747,0,3554,197
4022,0,3751,275
4219,0,4026,197
4356,0,4223,137
4712,0,4360,356
5074,0,4716,362
5358,0,5078,284
5711,0,5362,353
5962,0,5715,251
6189,0,5966,227
6506,0,6193,317
6688,0,6510,182
7056,0,6692,368
7382,0,7060,326
