step,tl_id,start_at_step,cycle_time
186,0,-1,191
446,0,190,260
775,0,450,329
1092,0,779,317
1388,0,1096,296
1711,0,1392,323
1944,0,1715,233
2252,0,1948,308
2545,0,2256,293
2838,0,2549,293
3071,0,2842,233
3292,0,3075,221
3513,0,3296,221
3746,0,3517,233
4063,0,3750,317
4407,0,4067,344
4499,0,4411,92
4834,0,4503,335
5160,0,4838,326
5369,0,5164,209
5530,0,5373,161
5757,0,5534,227
6008,0,5761,251
6250,0,6012,242
6558,0,6254,308
6896,0,6562,338
7093,0,6900,197
7365,0,7097,272
