step,tl_id,start_at_step,cycle_time
105,0,-1,110
359,0,109,254
511,0,363,152
666,0,515,155
752,0,670,86
1060,0,756,308
1386,0,1064,326
1697,0,1390,311
1972,0,1701,275
2253,0,1976,281
2489,0,2257,236
2839,0,2493,350
3012,0,2843,173
3338,0,3016,326
3613,0,3342,275
3834,0,3617,221
4010,0,3838,176
4180,0,4014,170
4515,0,4184,335
4814,0,4519,299
5113,0,4818,299
5346,0,5117,233
5606,0,5350,260
5905,0,5610,299
6195,0,5909,290
6581,0,6199,386
6904,0,6585,323
7182,0,6908,278
