step,tl_id,start_at_step,cycle_time
225,0,-1,230
551,0,229,326
781,0,555,230
1080,0,785,299
1304,0,1084,224
1720,0,1308,416
2022,0,1724,302
2207,0,2026,185
2575,0,2211,368
2820,0,2579,245
3017,0,2824,197
3328,0,3021,311
3663,0,3332,335
3749,0,3667,86
3925,0,3753,176
4209,0,3929,284
4553,0,4213,344
4855,0,4557,302
5121,0,4859,266
5372,0,5125,251
5566,0,5376,194
5799,0,5570,233
5996,0,5803,197
6226,0,6000,230
6546,0,6230,320
6866,0,6550,320
7198,0,6870,332
