step,tl_id,start_at_step,cycle_time
282,0,-1,287
545,0,286,263
802,0,549,257
1065,0,806,263
1325,0,1069,260
1531,0,1329,206
1809,0,1535,278
2117,0,1813,308
2320,0,2121,203
2544,0,2324,224
2747,0,2548,203
3016,0,2751,269
3375,0,3020,359
3602,0,3379,227
3871,0,3606,269
4005,0,3875,134
4415,0,4009,410
4693,0,4419,278
4869,0,4697,176
5180,0,4873,311
5464,0,5184,284
5739,0,5468,275
6068,0,5743,329
6418,0,6072,350
6678,0,6422,260
6836,0,6682,158
7021,0,6840,185
7257,0,7025,236
